0 0.333251953125 0.4697265625 0.00341796875 0.009765625
0 0.431884765625 0.18294270833333334 0.00537109375 0.013020833333333334
0 0.42919921875 0.14680989583333334 0.0087890625 0.021484375
0 0.431396484375 0.16438802083333334 0.00537109375 0.013671875
0 0.43212890625 0.4632161458333333 0.00390625 0.016276041666666668
0 0.434814453125 0.4775390625 0.00537109375 0.012369791666666666
0 0.430908203125 0.5299479166666666 0.00341796875 0.01171875
0 0.32177734375 0.52734375 0.0048828125 0.013020833333333334
0 0.431396484375 0.4986979166666667 0.00341796875 0.015625
0 0.435546875 0.4944661458333333 0.005859375 0.020182291666666668
0 0.322998046875 0.5595703125 0.00732421875 0.014973958333333334
0 0.440185546875 0.4833984375 0.00537109375 0.016276041666666668
0 0.329833984375 0.5602213541666666 0.00634765625 0.014973958333333334
0 0.209716796875 0.027994791666666668 0.00634765625 0.015625
0 0.440673828125 0.5380859375 0.00537109375 0.014973958333333334
0 0.4345703125 0.5901692708333334 0.0107421875 0.022786458333333332
0 0.3310546875 0.4768880208333333 0.00390625 0.008463541666666666
0 0.432861328125 0.6087239583333334 0.00634765625 0.020833333333333332
0 0.328369140625 0.5774739583333334 0.00927734375 0.01953125
0 0.319580078125 0.576171875 0.00439453125 0.010416666666666666
0 0.319580078125 0.5895182291666666 0.00439453125 0.014973958333333334
0 0.4345703125 0.546875 0.0068359375 0.01171875
0 0.328857421875 0.3570963541666667 0.00439453125 0.012369791666666666
