0 0.44189453125 0.5364583333333334 0.00390625 0.009114583333333334
0 0.33544921875 0.40234375 0.0048828125 0.014322916666666666
0 0.351318359375 0.3919270833333333 0.00537109375 0.009114583333333334
0 0.351806640625 0.40234375 0.00537109375 0.009114583333333334
0 0.3544921875 0.3994140625 0.0048828125 0.009765625
0 0.33935546875 0.3658854166666667 0.005859375 0.013020833333333334
0 0.333251953125 0.3818359375 0.00244140625 0.014973958333333334
0 0.4365234375 0.5237630208333334 0.0009765625 0.004557291666666667
0 0.436767578125 0.6940104166666666 0.00439453125 0.0078125
0 0.4404296875 0.5833333333333334 0.0048828125 0.0078125
0 0.44482421875 0.59375 0.00390625 0.009114583333333334
0 0.4375 0.6123046875 0.0029296875 0.007161458333333333
0 0.441650390625 0.6158854166666666 0.00341796875 0.0078125
0 0.447021484375 0.6298828125 0.00341796875 0.011067708333333334
0 0.433837890625 0.7141927083333334 0.00439453125 0.009114583333333334
0 0.435546875 0.7096354166666666 0.00390625 0.006510416666666667
0 0.3427734375 0.4814453125 0.0048828125 0.013671875
0 0.3369140625 0.4352213541666667 0.0048828125 0.011067708333333334
0 0.441162109375 0.5738932291666666 0.00537109375 0.011067708333333334
0 0.42724609375 0.6246744791666666 0.0029296875 0.009765625
0 0.509765625 0.6009114583333334 0.0087890625 0.01953125
0 0.437744140625 0.6513671875 0.00439453125 0.008463541666666666
0 0.437744140625 0.6396484375 0.00341796875 0.008463541666666666
0 0.34375 0.5185546875 0.005859375 0.013671875
0 0.34765625 0.4895833333333333 0.0029296875 0.009114583333333334
0 0.435791015625 0.6458333333333334 0.00244140625 0.0078125
0 0.424072265625 0.6614583333333334 0.00341796875 0.014322916666666666
0 0.4228515625 0.6754557291666666 0.00390625 0.009765625
0 0.424560546875 0.6848958333333334 0.00341796875 0.0078125
0 0.491943359375 0.7942708333333334 0.00927734375 0.0234375
0 0.437255859375 0.67578125 0.00341796875 0.009114583333333334
0 0.42578125 0.6529947916666666 0.0029296875 0.0078125
0 0.499267578125 0.6396484375 0.00244140625 0.008463541666666666
0 0.52001953125 0.4833984375 0.0087890625 0.016276041666666668
0 0.418701171875 0.705078125 0.00341796875 0.0078125
0 0.4296875 0.7190755208333334 0.0048828125 0.011067708333333334
0 0.430908203125 0.7018229166666666 0.00244140625 0.0078125
0 0.43505859375 0.701171875 0.0048828125 0.006510416666666667
0 0.5078125 0.6256510416666666 0.0107421875 0.01953125
0 0.434814453125 0.6959635416666666 0.00537109375 0.006510416666666667
