0 0.61669921875 0.5042317708333334 0.00390625 0.004557291666666667
0 0.617431640625 0.3987630208333333 0.00244140625 0.017578125
0 0.617431640625 0.509765625 0.00439453125 0.005208333333333333
0 0.613525390625 0.416015625 0.00341796875 0.015625
0 0.6162109375 0.4983723958333333 0.0048828125 0.007161458333333333
0 0.613037109375 0.46484375 0.00537109375 0.009114583333333334
0 0.622314453125 0.525390625 0.00244140625 0.005208333333333333
0 0.61181640625 0.4583333333333333 0.0048828125 0.0078125
0 0.613037109375 0.4537760416666667 0.00537109375 0.0078125
0 0.617919921875 0.4505208333333333 0.00341796875 0.01171875
0 0.6220703125 0.53515625 0.001953125 0.0078125
0 0.608642578125 0.4378255208333333 0.00439453125 0.008463541666666666
0 0.608642578125 0.4446614583333333 0.00341796875 0.009114583333333334
0 0.61279296875 0.4736328125 0.0048828125 0.005859375
0 0.538330078125 0.6653645833333334 0.00537109375 0.01171875
0 0.38623046875 0.6722005208333334 0.005859375 0.020182291666666668
0 0.546630859375 0.6526692708333334 0.00341796875 0.012369791666666666
0 0.5341796875 0.6409505208333334 0.001953125 0.004557291666666667
0 0.5361328125 0.642578125 0.00390625 0.0078125
0 0.5390625 0.6272786458333334 0.005859375 0.017578125
0 0.5419921875 0.6155598958333334 0.0068359375 0.017578125
0 0.535400390625 0.6171875 0.00732421875 0.014322916666666666
0 0.53271484375 0.5546875 0.0048828125 0.010416666666666666
0 0.6259765625 0.6214192708333334 0.001953125 0.013671875
0 0.623291015625 0.5641276041666666 0.00341796875 0.013671875
0 0.620361328125 0.5501302083333334 0.00341796875 0.0078125
0 0.61865234375 0.5328776041666666 0.00390625 0.007161458333333333
0 0.608642578125 0.3938802083333333 0.00537109375 0.013020833333333334
0 0.617919921875 0.5166015625 0.00439453125 0.007161458333333333
0 0.61279296875 0.4329427083333333 0.00390625 0.01171875
0 0.5302734375 0.6536458333333334 0.001953125 0.013020833333333334
0 0.60498046875 0.431640625 0.00390625 0.010416666666666666
0 0.540283203125 0.6500651041666666 0.00634765625 0.017578125
0 0.618408203125 0.4215494791666667 0.00244140625 0.013671875
0 0.603271484375 0.3330078125 0.00927734375 0.017578125
0 0.6025390625 0.3577473958333333 0.0087890625 0.020182291666666668
0 0.611572265625 0.35546875 0.00732421875 0.02734375
0 0.529052734375 0.552734375 0.00244140625 0.006510416666666667
0 0.1787109375 0.4606119791666667 0.001953125 0.004557291666666667
0 0.395263671875 0.6725260416666666 0.00732421875 0.01953125
0 0.398193359375 0.654296875 0.00439453125 0.018229166666666668
0 0.392822265625 0.6569010416666666 0.00634765625 0.01171875
0 0.3955078125 0.6455078125 0.0048828125 0.013671875
0 0.39013671875 0.6389973958333334 0.0087890625 0.020182291666666668
0 0.39794921875 0.6315104166666666 0.00390625 0.020833333333333332
0 0.4453125 0.4059244791666667 0.0029296875 0.005859375
0 0.44482421875 0.4124348958333333 0.001953125 0.004557291666666667
0 0.604248046875 0.4150390625 0.00537109375 0.012369791666666666
0 0.4501953125 0.4069010416666667 0.001953125 0.009114583333333334
0 0.240234375 0.4332682291666667 0.001953125 0.004557291666666667
0 0.5380859375 0.7119140625 0.0029296875 0.007161458333333333
0 0.540771484375 0.71484375 0.00341796875 0.006510416666666667
0 0.606201171875 0.4241536458333333 0.00341796875 0.005859375
0 0.613037109375 0.4459635416666667 0.00341796875 0.006510416666666667
0 0.386474609375 0.6979166666666666 0.00244140625 0.0078125
0 0.1787109375 0.4567057291666667 0.00390625 0.005859375
0 0.24365234375 0.4462890625 0.00390625 0.008463541666666666
0 0.601806640625 0.3997395833333333 0.00439453125 0.006510416666666667
0 0.2548828125 0.4983723958333333 0.0078125 0.017578125
0 0.243408203125 0.4537760416666667 0.00146484375 0.00390625
0 0.599365234375 0.3818359375 0.00341796875 0.013671875
0 0.540283203125 0.6888020833333334 0.00439453125 0.00390625
0 0.539794921875 0.6793619791666666 0.00732421875 0.012369791666666666
0 0.541259765625 0.6998697916666666 0.00732421875 0.014322916666666666
0 0.25146484375 0.4720052083333333 0.0068359375 0.014322916666666666
