0 0.751220703125 0.4723307291666667 0.00732421875 0.007161458333333333
0 0.8369140625 0.6233723958333334 0.0087890625 0.005859375
0 0.71728515625 0.4778645833333333 0.009765625 0.005208333333333333
0 0.707763671875 0.4739583333333333 0.01123046875 0.009114583333333334
0 0.714599609375 0.4697265625 0.00830078125 0.008463541666666666
0 0.762939453125 0.8173828125 0.00732421875 0.007161458333333333
0 0.739501953125 0.4781901041666667 0.00927734375 0.007161458333333333
0 0.58935546875 0.5266927083333334 0.009765625 0.005208333333333333
0 0.73486328125 0.6432291666666666 0.0126953125 0.006510416666666667
0 0.806396484375 0.7350260416666666 0.01220703125 0.010416666666666666
0 0.729248046875 0.734375 0.00634765625 0.005208333333333333
0 0.727294921875 0.7307942708333334 0.00341796875 0.001953125
0 0.794921875 0.7320963541666666 0.0087890625 0.007161458333333333
0 0.803955078125 0.7418619791666666 0.01416015625 0.008463541666666666
0 0.8212890625 0.7389322916666666 0.0146484375 0.009114583333333334
0 0.44140625 0.53515625 0.0087890625 0.0078125
0 0.6826171875 0.3225911458333333 0.005859375 0.005859375
0 0.73828125 0.46484375 0.0078125 0.005208333333333333
0 0.7373046875 0.7360026041666666 0.009765625 0.009765625
0 0.756103515625 0.4772135416666667 0.01416015625 0.009114583333333334
0 0.73193359375 0.4749348958333333 0.01171875 0.007161458333333333
0 0.671630859375 0.3942057291666667 0.00732421875 0.008463541666666666
0 0.720947265625 0.4583333333333333 0.01806640625 0.0078125
0 0.753662109375 0.8186848958333334 0.01123046875 0.013671875
0 0.666259765625 0.8108723958333334 0.01025390625 0.009765625
0 0.660400390625 0.806640625 0.01220703125 0.0078125
0 0.6474609375 0.8082682291666666 0.009765625 0.008463541666666666
0 0.640380859375 0.8346354166666666 0.01220703125 0.010416666666666666
0 0.47998046875 0.8053385416666666 0.0087890625 0.0078125
0 0.591796875 0.830078125 0.005859375 0.01171875
0 0.51220703125 0.8151041666666666 0.009765625 0.009114583333333334
0 0.646728515625 0.8291015625 0.01025390625 0.012369791666666666
0 0.471435546875 0.8225911458333334 0.00927734375 0.009765625
0 0.47412109375 0.8147786458333334 0.0087890625 0.008463541666666666
0 0.742919921875 0.8196614583333334 0.00244140625 0.0078125
0 0.625 0.8310546875 0.0078125 0.012369791666666666
0 0.747802734375 0.8199869791666666 0.00830078125 0.011067708333333334
0 0.650390625 0.3287760416666667 0.0107421875 0.005208333333333333
0 0.77490234375 0.8193359375 0.013671875 0.012369791666666666
0 0.5087890625 0.8245442708333334 0.009765625 0.008463541666666666
0 0.582763671875 0.4052734375 0.01513671875 0.005859375
