0 0.280029296875 0.263671875 0.01416015625 0.041666666666666664
0 0.68505859375 0.4723307291666667 0.01171875 0.025390625
0 0.361083984375 0.13346354166666666 0.00732421875 0.014322916666666666
0 0.34228515625 0.2412109375 0.0068359375 0.026692708333333332
0 0.073486328125 0.62109375 0.01513671875 0.041666666666666664
0 0.270263671875 0.2913411458333333 0.01416015625 0.026692708333333332
0 0.254638671875 0.232421875 0.01513671875 0.0234375
0 0.44287109375 0.4225260416666667 0.0126953125 0.024739583333333332
0 0.437744140625 0.4388020833333333 0.01416015625 0.020833333333333332
0 0.6201171875 0.361328125 0.005859375 0.024739583333333332
0 0.61572265625 0.3883463541666667 0.0087890625 0.026692708333333332
0 0.603271484375 0.3040364583333333 0.01416015625 0.036458333333333336
0 0.624267578125 0.283203125 0.00537109375 0.03125
0 0.62353515625 0.14615885416666666 0.0087890625 0.035807291666666664
0 0.6826171875 0.3011067708333333 0.0126953125 0.025390625
0 0.37646484375 0.17643229166666666 0.009765625 0.028645833333333332
0 0.37353515625 0.14583333333333334 0.0078125 0.022135416666666668
0 0.683837890625 0.3955078125 0.01318359375 0.027994791666666668
0 0.261962890625 0.3082682291666667 0.01513671875 0.025390625
0 0.689208984375 0.3323567708333333 0.01025390625 0.025390625
0 0.10009765625 0.716796875 0.0068359375 0.015625
0 0.102294921875 0.697265625 0.00732421875 0.015625
0 0.069091796875 0.4951171875 0.01123046875 0.029296875
0 0.242431640625 0.3001302083333333 0.01318359375 0.03125
0 0.10302734375 0.7330729166666666 0.0078125 0.015625
0 0.08984375 0.4505208333333333 0.01171875 0.022135416666666668
0 0.23974609375 0.2578125 0.0087890625 0.028645833333333332
0 0.256103515625 0.2669270833333333 0.01904296875 0.041666666666666664
0 0.102294921875 0.66796875 0.01318359375 0.026041666666666668
0 0.27880859375 0.4173177083333333 0.013671875 0.044270833333333336
0 0.26220703125 0.3385416666666667 0.0185546875 0.041666666666666664
0 0.269287109375 0.2578125 0.01123046875 0.036458333333333336
