0 0.1396484375 0.5100911458333334 0.0087890625 0.017578125
0 0.1318359375 0.6064453125 0.0048828125 0.011067708333333334
0 0.135009765625 0.4931640625 0.00439453125 0.009765625
0 0.135498046875 0.5364583333333334 0.01318359375 0.02734375
0 0.14990234375 0.5543619791666666 0.0146484375 0.030598958333333332
0 0.534423828125 0.3483072916666667 0.01904296875 0.044270833333333336
0 0.1416015625 0.6100260416666666 0.013671875 0.03125
0 0.158447265625 0.4762369791666667 0.01123046875 0.020182291666666668
0 0.28173828125 0.5540364583333334 0.0068359375 0.0234375
0 0.403076171875 0.3486328125 0.01220703125 0.021484375
0 0.29052734375 0.5540364583333334 0.0107421875 0.02734375
0 0.390869140625 0.09212239583333333 0.00634765625 0.033203125
0 0.404296875 0.1572265625 0.013671875 0.046223958333333336
0 0.405029296875 0.3889973958333333 0.01806640625 0.044921875
0 0.4052734375 0.3642578125 0.01171875 0.018880208333333332
0 0.404541015625 0.3902994791666667 0.01708984375 0.039713541666666664
0 0.15234375 0.5745442708333334 0.0166015625 0.014973958333333334
0 0.15869140625 0.4192708333333333 0.00390625 0.009114583333333334
0 0.27978515625 0.5032552083333334 0.0146484375 0.03125
0 0.1591796875 0.5182291666666666 0.01171875 0.028645833333333332
0 0.51220703125 0.23014322916666666 0.0068359375 0.035807291666666664
0 0.138671875 0.4586588541666667 0.0048828125 0.011067708333333334
0 0.15869140625 0.4947916666666667 0.013671875 0.02734375
0 0.512451171875 0.19498697916666666 0.00439453125 0.033203125
0 0.6474609375 0.2197265625 0.0126953125 0.041015625
0 0.640869140625 0.20865885416666666 0.01025390625 0.022786458333333332
0 0.61474609375 0.2864583333333333 0.0078125 0.049479166666666664
0 0.611572265625 0.3876953125 0.00439453125 0.024088541666666668
0 0.729736328125 0.13020833333333334 0.00634765625 0.020833333333333332
0 0.732666015625 0.603515625 0.01611328125 0.041666666666666664
0 0.632568359375 0.3264973958333333 0.01025390625 0.030598958333333332
0 0.74609375 0.0966796875 0.009765625 0.020182291666666668
0 0.423095703125 0.8733723958333334 0.01806640625 0.044921875
0 0.635986328125 0.40625 0.01806640625 0.052083333333333336
0 0.530517578125 0.3997395833333333 0.01611328125 0.037760416666666664
0 0.16357421875 0.4046223958333333 0.0068359375 0.030598958333333332
0 0.392578125 0.609375 0.0068359375 0.028645833333333332
0 0.158935546875 0.3675130208333333 0.00634765625 0.014973958333333334
0 0.734130859375 0.07161458333333333 0.01025390625 0.026041666666666668
0 0.15283203125 0.4514973958333333 0.0068359375 0.014973958333333334
