0 0.695068359375 0.517578125 0.00439453125 0.013020833333333334
0 0.571044921875 0.5680338541666666 0.00439453125 0.009765625
0 0.571044921875 0.5608723958333334 0.00537109375 0.011067708333333334
0 0.568115234375 0.5367838541666666 0.00927734375 0.020182291666666668
0 0.61572265625 0.3968098958333333 0.0068359375 0.018880208333333332
0 0.611572265625 0.4072265625 0.00537109375 0.013671875
0 0.62109375 0.3932291666666667 0.00390625 0.013020833333333334
0 0.79736328125 0.4498697916666667 0.001953125 0.006510416666666667
0 0.6865234375 0.5172526041666666 0.0068359375 0.012369791666666666
0 0.6953125 0.5335286458333334 0.0048828125 0.012369791666666666
0 0.621337890625 0.4039713541666667 0.00244140625 0.005859375
0 0.79443359375 0.5201822916666666 0.0068359375 0.014322916666666666
0 0.797119140625 0.5022786458333334 0.00341796875 0.005859375
0 0.794189453125 0.49609375 0.00341796875 0.005208333333333333
0 0.6181640625 0.4182942708333333 0.001953125 0.005859375
0 0.620361328125 0.431640625 0.00341796875 0.009114583333333334
0 0.5712890625 0.5738932291666666 0.005859375 0.012369791666666666
0 0.614013671875 0.3740234375 0.00146484375 0.011067708333333334
0 0.689453125 0.5107421875 0.0078125 0.012369791666666666
0 0.505859375 0.4609375 0.00390625 0.009114583333333334
0 0.695556640625 0.5426432291666666 0.00439453125 0.011067708333333334
0 0.427490234375 0.5397135416666666 0.00341796875 0.009114583333333334
0 0.50537109375 0.4710286458333333 0.005859375 0.007161458333333333
0 0.427734375 0.4609375 0.0048828125 0.013020833333333334
0 0.42724609375 0.4537760416666667 0.00390625 0.009114583333333334
0 0.797119140625 0.4619140625 0.00048828125 0.0032552083333333335
0 0.79833984375 0.4632161458333333 0.0009765625 0.001953125
0 0.798828125 0.4602864583333333 0.0009765625 0.0026041666666666665
0 0.794677734375 0.4752604166666667 0.00244140625 0.00390625
0 0.797119140625 0.478515625 0.00146484375 0.006510416666666667
0 0.7978515625 0.4908854166666667 0.001953125 0.00390625
0 0.501708984375 0.4505208333333333 0.00341796875 0.006510416666666667
0 0.798828125 0.5953776041666666 0.00390625 0.007161458333333333
0 0.80029296875 0.6363932291666666 0.001953125 0.005859375
0 0.794921875 0.4820963541666667 0.0009765625 0.001953125
0 0.51025390625 0.4778645833333333 0.0009765625 0.00390625
0 0.510986328125 0.4713541666666667 0.00244140625 0.0078125
0 0.51220703125 0.4781901041666667 0.0009765625 0.0032552083333333335
0 0.79541015625 0.4599609375 0.001953125 0.005859375
0 0.498779296875 0.42578125 0.00341796875 0.01171875
0 0.793701171875 0.5074869791666666 0.00341796875 0.005859375
0 0.798095703125 0.4557291666666667 0.00244140625 0.00390625
0 0.61328125 0.4371744791666667 0.0048828125 0.008463541666666666
0 0.615966796875 0.3717447916666667 0.00341796875 0.009114583333333334
0 0.79345703125 0.5764973958333334 0.0029296875 0.007161458333333333
