0 0.1494140625 0.5611979166666666 0.0146484375 0.032552083333333336
0 0.257568359375 0.3219401041666667 0.01220703125 0.031901041666666664
0 0.47021484375 0.7018229166666666 0.01171875 0.01953125
0 0.25537109375 0.4085286458333333 0.0107421875 0.025390625
0 0.24609375 0.46875 0.009765625 0.0234375
0 0.369873046875 0.2779947916666667 0.00634765625 0.041666666666666664
0 0.254150390625 0.2972005208333333 0.00634765625 0.017578125
0 0.2431640625 0.21809895833333334 0.009765625 0.037760416666666664
0 0.24072265625 0.2835286458333333 0.0068359375 0.022786458333333332
0 0.33935546875 0.23697916666666666 0.01171875 0.044270833333333336
0 0.157470703125 0.5003255208333334 0.01220703125 0.046223958333333336
0 0.36181640625 0.24544270833333334 0.01171875 0.02734375
0 0.249267578125 0.2561848958333333 0.01708984375 0.031901041666666664
0 0.146728515625 0.494140625 0.01318359375 0.040364583333333336
0 0.468505859375 0.736328125 0.00927734375 0.024739583333333332
0 0.133544921875 0.3658854166666667 0.01025390625 0.024739583333333332
0 0.251708984375 0.435546875 0.01220703125 0.028645833333333332
0 0.46923828125 0.7171223958333334 0.009765625 0.014973958333333334
0 0.360595703125 0.3466796875 0.01123046875 0.024088541666666668
0 0.35009765625 0.4580078125 0.0107421875 0.007161458333333333
0 0.468994140625 0.7565104166666666 0.01025390625 0.024739583333333332
0 0.34326171875 0.4567057291666667 0.0078125 0.021484375
0 0.435302734375 0.7477213541666666 0.00634765625 0.021484375
0 0.437255859375 0.8245442708333334 0.01220703125 0.025390625
0 0.353271484375 0.5305989583333334 0.00927734375 0.020833333333333332
0 0.34423828125 0.515625 0.0087890625 0.018229166666666668
0 0.44873046875 0.72265625 0.009765625 0.0234375
0 0.352294921875 0.2890625 0.01611328125 0.044270833333333336
0 0.150634765625 0.4104817708333333 0.01708984375 0.027994791666666668
0 0.36376953125 0.2692057291666667 0.013671875 0.027994791666666668
0 0.464111328125 0.5247395833333334 0.00830078125 0.022135416666666668
0 0.26220703125 0.1630859375 0.0126953125 0.025390625
0 0.463134765625 0.693359375 0.01220703125 0.018229166666666668
0 0.48046875 0.3326822916666667 0.0087890625 0.016927083333333332
0 0.46630859375 0.6487630208333334 0.0087890625 0.014973958333333334
0 0.472900390625 0.26953125 0.01025390625 0.016927083333333332
0 0.465087890625 0.4000651041666667 0.01318359375 0.026692708333333332
0 0.466064453125 0.2913411458333333 0.00732421875 0.017578125
0 0.453857421875 0.5084635416666666 0.00634765625 0.018229166666666668
0 0.459228515625 0.5807291666666666 0.00537109375 0.01171875
0 0.464599609375 0.4700520833333333 0.01025390625 0.026041666666666668
0 0.454345703125 0.5579427083333334 0.01123046875 0.024739583333333332
0 0.463623046875 0.5774739583333334 0.00830078125 0.016927083333333332
0 0.471435546875 0.4723307291666667 0.00830078125 0.024088541666666668
0 0.664306640625 0.4840494791666667 0.01318359375 0.027994791666666668
0 0.47705078125 0.08723958333333333 0.0087890625 0.018229166666666668
0 0.476806640625 0.12109375 0.01025390625 0.026041666666666668
0 0.572998046875 0.0537109375 0.01025390625 0.026692708333333332
0 0.469482421875 0.6712239583333334 0.00732421875 0.018229166666666668
0 0.47998046875 0.0693359375 0.009765625 0.024088541666666668
0 0.456787109375 0.662109375 0.00830078125 0.01953125
0 0.560546875 0.5885416666666666 0.0068359375 0.0234375
0 0.56201171875 0.55859375 0.0078125 0.026041666666666668
0 0.47705078125 0.10123697916666667 0.0068359375 0.014973958333333334
0 0.65869140625 0.5358072916666666 0.013671875 0.028645833333333332
0 0.67041015625 0.4602864583333333 0.0107421875 0.015625
0 0.572021484375 0.66796875 0.01025390625 0.020833333333333332
0 0.5732421875 0.59765625 0.0126953125 0.029947916666666668
0 0.561767578125 0.5338541666666666 0.00732421875 0.026041666666666668
0 0.574951171875 0.13932291666666666 0.00927734375 0.03125
0 0.57080078125 0.7076822916666666 0.0087890625 0.022135416666666668
