0 0.427490234375 0.697265625 0.00732421875 0.016927083333333332
0 0.542236328125 0.2994791666666667 0.00537109375 0.01171875
0 0.5498046875 0.3515625 0.00390625 0.010416666666666666
0 0.612060546875 0.7262369791666666 0.00732421875 0.016276041666666668
0 0.745849609375 0.5120442708333334 0.00732421875 0.014973958333333334
0 0.733642578125 0.3971354166666667 0.00732421875 0.016927083333333332
0 0.727783203125 0.3743489583333333 0.00439453125 0.01171875
0 0.549072265625 0.3255208333333333 0.00537109375 0.014322916666666666
0 0.5498046875 0.2708333333333333 0.005859375 0.014322916666666666
0 0.67724609375 0.470703125 0.0068359375 0.015625
0 0.41845703125 0.6223958333333334 0.0068359375 0.014322916666666666
0 0.542236328125 0.3369140625 0.00634765625 0.014973958333333334
0 0.4228515625 0.7447916666666666 0.0087890625 0.020833333333333332
0 0.537353515625 0.4375 0.00537109375 0.01171875
0 0.54931640625 0.486328125 0.00390625 0.01171875
0 0.545654296875 0.4837239583333333 0.00634765625 0.015625
0 0.426025390625 0.6744791666666666 0.00537109375 0.009114583333333334
0 0.42236328125 0.6360677083333334 0.0048828125 0.01171875
0 0.545166015625 0.4632161458333333 0.00732421875 0.016276041666666668
0 0.434326171875 0.7171223958333334 0.00634765625 0.021484375
0 0.4208984375 0.7060546875 0.009765625 0.018880208333333332
0 0.42138671875 0.7272135416666666 0.0107421875 0.018229166666666668
0 0.428955078125 0.7356770833333334 0.00927734375 0.022135416666666668
0 0.42431640625 0.6236979166666666 0.0048828125 0.010416666666666666
