0 0.3037109375 0.6259765625 0.00390625 0.009765625
0 0.402099609375 0.5263671875 0.00830078125 0.013671875
0 0.400634765625 0.5520833333333334 0.00634765625 0.010416666666666666
0 0.400390625 0.5406901041666666 0.005859375 0.012369791666666666
0 0.400146484375 0.5641276041666666 0.00537109375 0.013671875
0 0.394287109375 0.5856119791666666 0.00439453125 0.016276041666666668
0 0.316162109375 0.7542317708333334 0.00244140625 0.008463541666666666
0 0.30810546875 0.7626953125 0.00390625 0.008463541666666666
0 0.31005859375 0.7412109375 0.0048828125 0.012369791666666666
0 0.3046875 0.6930338541666666 0.005859375 0.014973958333333334
0 0.29248046875 0.65234375 0.001953125 0.009114583333333334
0 0.396484375 0.5091145833333334 0.0029296875 0.006510416666666667
0 0.402587890625 0.4837239583333333 0.00244140625 0.0078125
0 0.30322265625 0.5944010416666666 0.00390625 0.01171875
0 0.46728515625 0.650390625 0.00390625 0.014322916666666666
0 0.4736328125 0.6552734375 0.0029296875 0.012369791666666666
0 0.466064453125 0.6708984375 0.00341796875 0.012369791666666666
0 0.46826171875 0.6793619791666666 0.0048828125 0.014973958333333334
0 0.4765625 0.64453125 0.001953125 0.00390625
0 0.4765625 0.6370442708333334 0.001953125 0.008463541666666666
0 0.63037109375 0.2724609375 0.0029296875 0.008463541666666666
0 0.47607421875 0.6643880208333334 0.001953125 0.012369791666666666
0 0.473876953125 0.6044921875 0.00341796875 0.009765625
