0 0.202392578125 0.6070963541666666 0.00244140625 0.009765625
0 0.47998046875 0.7447916666666666 0.005859375 0.015625
0 0.48974609375 0.65625 0.0029296875 0.006510416666666667
0 0.4853515625 0.7005208333333334 0.0078125 0.014322916666666666
0 0.48974609375 0.6761067708333334 0.0048828125 0.016276041666666668
0 0.21484375 0.62109375 0.0048828125 0.01171875
0 0.209228515625 0.6155598958333334 0.00341796875 0.004557291666666667
0 0.54931640625 0.7652994791666666 0.0078125 0.011067708333333334
0 0.38916015625 0.7838541666666666 0.0068359375 0.016927083333333332
0 0.55517578125 0.6790364583333334 0.0078125 0.010416666666666666
0 0.552490234375 0.6722005208333334 0.00439453125 0.011067708333333334
0 0.556884765625 0.5774739583333334 0.00634765625 0.033854166666666664
0 0.484375 0.7138671875 0.0068359375 0.013671875
0 0.58447265625 0.3548177083333333 0.001953125 0.006510416666666667
0 0.583740234375 0.22786458333333334 0.00341796875 0.009114583333333334
0 0.49365234375 0.5979817708333334 0.0068359375 0.013671875
0 0.578369140625 0.3688151041666667 0.00439453125 0.007161458333333333
0 0.39501953125 0.5009765625 0.005859375 0.008463541666666666
0 0.559326171875 0.6956380208333334 0.00439453125 0.013671875
0 0.486328125 0.6399739583333334 0.00390625 0.0078125
0 0.289306640625 0.5791015625 0.00244140625 0.004557291666666667
0 0.4921875 0.6490885416666666 0.00390625 0.015625
0 0.390625 0.7236328125 0.0078125 0.013671875
0 0.3798828125 0.70703125 0.0029296875 0.010416666666666666
0 0.39501953125 0.4798177083333333 0.0048828125 0.010416666666666666
0 0.545654296875 0.7542317708333334 0.00537109375 0.014973958333333334
0 0.394775390625 0.494140625 0.00634765625 0.0078125
0 0.38525390625 0.71875 0.0078125 0.020833333333333332
0 0.388671875 0.7047526041666666 0.0048828125 0.008463541666666666
0 0.390380859375 0.728515625 0.00830078125 0.016927083333333332
0 0.39013671875 0.41015625 0.0029296875 0.006510416666666667
0 0.28466796875 0.5768229166666666 0.00390625 0.006510416666666667
0 0.291015625 0.5751953125 0.001953125 0.005859375
0 0.285888671875 0.6565755208333334 0.00732421875 0.022786458333333332
0 0.209716796875 0.6959635416666666 0.00830078125 0.018229166666666668
0 0.202880859375 0.6442057291666666 0.00439453125 0.016276041666666668
0 0.2109375 0.6442057291666666 0.009765625 0.018880208333333332
0 0.485107421875 0.6826171875 0.00634765625 0.014973958333333334
0 0.2041015625 0.5947265625 0.0048828125 0.011067708333333334
