0 0.246337890625 0.3147786458333333 0.00244140625 0.011067708333333334
0 0.29150390625 0.5550130208333334 0.0029296875 0.020182291666666668
0 0.244384765625 0.3082682291666667 0.00341796875 0.012369791666666666
0 0.32568359375 0.28515625 0.005859375 0.006510416666666667
0 0.24951171875 0.2985026041666667 0.0068359375 0.016276041666666668
0 0.2861328125 0.5729166666666666 0.0078125 0.02734375
0 0.27978515625 0.5755208333333334 0.005859375 0.022135416666666668
0 0.278076171875 0.5706380208333334 0.00244140625 0.017578125
0 0.322509765625 0.287109375 0.00244140625 0.006510416666666667
0 0.290283203125 0.578125 0.00537109375 0.01953125
