0 0.551513671875 0.4348958333333333 0.00732421875 0.015625
0 0.54638671875 0.4641927083333333 0.00390625 0.016927083333333332
0 0.546875 0.4505208333333333 0.0068359375 0.009114583333333334
0 0.548583984375 0.5279947916666666 0.00634765625 0.024739583333333332
0 0.552978515625 0.3662109375 0.00927734375 0.039713541666666664
0 0.545654296875 0.5611979166666666 0.00927734375 0.037760416666666664
0 0.367919921875 0.6419270833333334 0.00341796875 0.020833333333333332
0 0.536865234375 0.4313151041666667 0.01123046875 0.022786458333333332
0 0.696533203125 0.12434895833333333 0.00634765625 0.02734375
0 0.690673828125 0.08333333333333333 0.01318359375 0.02734375
0 0.66357421875 0.11653645833333333 0.009765625 0.0234375
0 0.6630859375 0.09505208333333333 0.0107421875 0.0234375
0 0.5283203125 0.326171875 0.0146484375 0.02734375
0 0.552001953125 0.279296875 0.00927734375 0.022135416666666668
0 0.541015625 0.2197265625 0.0146484375 0.033203125
0 0.537841796875 0.451171875 0.01123046875 0.01953125
0 0.5537109375 0.22298177083333334 0.0126953125 0.037109375
0 0.54736328125 0.09830729166666667 0.021484375 0.0546875
0 0.689697265625 0.3502604166666667 0.00830078125 0.024739583333333332
0 0.668212890625 0.18880208333333334 0.00830078125 0.029947916666666668
0 0.5283203125 0.4501953125 0.0087890625 0.024088541666666668
0 0.543212890625 0.5022786458333334 0.00830078125 0.017578125
0 0.392822265625 0.4329427083333333 0.01220703125 0.024739583333333332
0 0.544677734375 0.4098307291666667 0.01611328125 0.039713541666666664
0 0.30419921875 0.6555989583333334 0.0107421875 0.032552083333333336
0 0.534912109375 0.5380859375 0.01318359375 0.037109375
0 0.66455078125 0.2571614583333333 0.0029296875 0.018229166666666668
0 0.378173828125 0.80859375 0.02001953125 0.048177083333333336
0 0.39892578125 0.7099609375 0.01171875 0.035807291666666664
0 0.389404296875 0.6608072916666666 0.02001953125 0.029947916666666668
0 0.406494140625 0.4088541666666667 0.01220703125 0.028645833333333332
0 0.317138671875 0.4918619791666667 0.01318359375 0.022786458333333332
0 0.28955078125 0.5686848958333334 0.009765625 0.025390625
0 0.280029296875 0.6318359375 0.01123046875 0.021484375
0 0.280029296875 0.6067708333333334 0.00830078125 0.024739583333333332
0 0.38818359375 0.6064453125 0.0185546875 0.041015625
0 0.2822265625 0.6572265625 0.0166015625 0.034505208333333336
0 0.289306640625 0.6982421875 0.01416015625 0.021484375
0 0.288818359375 0.71484375 0.01220703125 0.018229166666666668
0 0.2763671875 0.6966145833333334 0.0126953125 0.020833333333333332
0 0.276611328125 0.72265625 0.01708984375 0.03125
0 0.28515625 0.7535807291666666 0.0185546875 0.029296875
0 0.14453125 0.4182942708333333 0.0087890625 0.022786458333333332
0 0.139404296875 0.3974609375 0.00830078125 0.033203125
0 0.154052734375 0.3326822916666667 0.01416015625 0.026041666666666668
0 0.694091796875 0.19856770833333334 0.00634765625 0.020833333333333332
0 0.53662109375 0.4781901041666667 0.0146484375 0.030598958333333332
