0 0.4990234375 0.2965494791666667 0.0068359375 0.021484375
0 0.503173828125 0.2848307291666667 0.00341796875 0.009765625
0 0.5087890625 0.3046875 0.00390625 0.015625
0 0.507080078125 0.2994791666666667 0.00537109375 0.020833333333333332
0 0.490478515625 0.2893880208333333 0.01123046875 0.027994791666666668
0 0.495361328125 0.2737630208333333 0.00634765625 0.016276041666666668
0 0.50146484375 0.2789713541666667 0.00390625 0.007161458333333333
0 0.499267578125 0.1845703125 0.00927734375 0.026692708333333332
0 0.504638671875 0.2542317708333333 0.00244140625 0.008463541666666666
0 0.48388671875 0.2275390625 0.005859375 0.018880208333333332
0 0.4873046875 0.23665364583333334 0.005859375 0.011067708333333334
0 0.5009765625 0.23111979166666666 0.0126953125 0.0234375
0 0.50341796875 0.21223958333333334 0.0078125 0.022135416666666668
0 0.513671875 0.1650390625 0.0029296875 0.012369791666666666
0 0.490966796875 0.3076171875 0.00537109375 0.009765625
0 0.509521484375 0.2766927083333333 0.00146484375 0.010416666666666666
0 0.505126953125 0.3154296875 0.00634765625 0.013671875
0 0.18701171875 0.5305989583333334 0.0107421875 0.018229166666666668
0 0.29345703125 0.17415364583333334 0.0107421875 0.027994791666666668
0 0.49609375 0.14778645833333334 0.0107421875 0.022135416666666668
0 0.20458984375 0.5094401041666666 0.013671875 0.027994791666666668
0 0.199462890625 0.5432942708333334 0.01220703125 0.025390625
0 0.187744140625 0.5501302083333334 0.00830078125 0.020833333333333332
0 0.189208984375 0.5729166666666666 0.01123046875 0.022135416666666668
0 0.211181640625 0.5725911458333334 0.01025390625 0.025390625
0 0.21484375 0.583984375 0.00390625 0.01171875
0 0.216796875 0.6106770833333334 0.00390625 0.022135416666666668
0 0.18798828125 0.6510416666666666 0.0166015625 0.0390625
0 0.2080078125 0.6285807291666666 0.0087890625 0.020182291666666668
0 0.297607421875 0.9970703125 0.00927734375 0.005859375
0 0.29345703125 0.9661458333333334 0.0068359375 0.018229166666666668
0 0.301025390625 0.8636067708333334 0.00732421875 0.016276041666666668
0 0.2919921875 0.7076822916666666 0.0048828125 0.01171875
0 0.300048828125 0.1865234375 0.00927734375 0.022786458333333332
0 0.29052734375 0.13704427083333334 0.00390625 0.012369791666666666
0 0.51220703125 0.17740885416666666 0.0029296875 0.012369791666666666
0 0.499267578125 0.3453776041666667 0.00732421875 0.013671875
0 0.5986328125 0.3053385416666667 0.0068359375 0.018229166666666668
0 0.387939453125 0.2770182291666667 0.00830078125 0.021484375
0 0.38427734375 0.3079427083333333 0.005859375 0.015625
0 0.3876953125 0.2945963541666667 0.0068359375 0.016276041666666668
0 0.4013671875 0.2942708333333333 0.0068359375 0.015625
0 0.40234375 0.3082682291666667 0.0068359375 0.012369791666666666
0 0.403564453125 0.318359375 0.00244140625 0.0078125
0 0.4033203125 0.4013671875 0.0048828125 0.012369791666666666
0 0.398681640625 0.4013671875 0.00341796875 0.008463541666666666
0 0.500732421875 0.7991536458333334 0.00537109375 0.017578125
0 0.5009765625 0.3671875 0.009765625 0.032552083333333336
0 0.477294921875 0.3828125 0.00244140625 0.0078125
0 0.18994140625 0.4664713541666667 0.0087890625 0.016276041666666668
0 0.492431640625 0.3382161458333333 0.00830078125 0.016276041666666668
0 0.387939453125 0.3193359375 0.00439453125 0.009765625
0 0.314208984375 0.3258463541666667 0.01220703125 0.030598958333333332
0 0.60205078125 0.4010416666666667 0.0029296875 0.013020833333333334
0 0.391845703125 0.24967447916666666 0.00830078125 0.021484375
0 0.385009765625 0.23763020833333334 0.00537109375 0.0234375
0 0.39208984375 0.22884114583333334 0.0078125 0.018880208333333332
0 0.593505859375 0.3196614583333333 0.00927734375 0.01953125
0 0.58837890625 0.3444010416666667 0.0068359375 0.013020833333333334
0 0.603759765625 0.3580729166666667 0.00439453125 0.018229166666666668
0 0.50634765625 0.3248697916666667 0.0068359375 0.014322916666666666
0 0.4833984375 0.3121744791666667 0.00390625 0.011067708333333334
0 0.490966796875 0.3225911458333333 0.00732421875 0.016276041666666668
0 0.501708984375 0.3356119791666667 0.00634765625 0.013671875
0 0.607177734375 0.23860677083333334 0.00439453125 0.034505208333333336
0 0.29150390625 0.15266927083333334 0.0068359375 0.024088541666666668
0 0.30859375 0.15234375 0.0078125 0.016927083333333332
0 0.309326171875 0.17415364583333334 0.00830078125 0.021484375
0 0.4072265625 0.1865234375 0.0078125 0.018880208333333332
0 0.400634765625 0.19759114583333334 0.01123046875 0.020182291666666668
0 0.40185546875 0.18717447916666666 0.00390625 0.008463541666666666
0 0.40478515625 0.24153645833333334 0.01171875 0.024739583333333332
0 0.400390625 0.21842447916666666 0.01171875 0.024088541666666668
0 0.3056640625 0.13346354166666666 0.0087890625 0.020833333333333332
0 0.19189453125 0.4807942708333333 0.0126953125 0.017578125
0 0.507568359375 0.2607421875 0.00634765625 0.021484375
0 0.1904296875 0.4977213541666667 0.0087890625 0.012369791666666666
0 0.309326171875 0.2529296875 0.00732421875 0.007161458333333333
0 0.2890625 0.1904296875 0.00390625 0.017578125
0 0.4052734375 0.2848307291666667 0.001953125 0.005859375
0 0.384521484375 0.3203125 0.00244140625 0.0078125
0 0.2939453125 0.6318359375 0.0029296875 0.005859375
0 0.39794921875 0.6673177083333334 0.001953125 0.006510416666666667
0 0.5986328125 0.4251302083333333 0.0009765625 0.00390625
0 0.576904296875 0.4348958333333333 0.00244140625 0.010416666666666666
0 0.60009765625 0.3798828125 0.0009765625 0.004557291666666667
0 0.578857421875 0.359375 0.00048828125 0.005208333333333333
0 0.59521484375 0.2802734375 0.0009765625 0.0032552083333333335
0 0.59814453125 0.291015625 0.0029296875 0.0078125
0 0.599365234375 0.4085286458333333 0.00146484375 0.0032552083333333335
0 0.598876953125 0.4016927083333333 0.00439453125 0.009114583333333334
0 0.578125 0.3701171875 0.00390625 0.011067708333333334
0 0.2890625 0.24348958333333334 0.0048828125 0.022135416666666668
0 0.2861328125 0.3919270833333333 0.00390625 0.01171875
0 0.310546875 0.9137369791666666 0.005859375 0.012369791666666666
0 0.60205078125 0.4176432291666667 0.001953125 0.005859375
0 0.19091796875 0.48828125 0.009765625 0.01171875
0 0.315673828125 0.4973958333333333 0.00146484375 0.005208333333333333
0 0.29736328125 0.4514973958333333 0.0029296875 0.005859375
0 0.39697265625 0.3626302083333333 0.0029296875 0.006510416666666667
0 0.478271484375 0.3444010416666667 0.00146484375 0.006510416666666667
0 0.47705078125 0.3968098958333333 0.001953125 0.007161458333333333
0 0.402587890625 0.3678385416666667 0.00244140625 0.005208333333333333
0 0.593017578125 0.3753255208333333 0.00341796875 0.007161458333333333
0 0.388916015625 0.3427734375 0.00341796875 0.005859375
0 0.5849609375 0.4384765625 0.005859375 0.012369791666666666
0 0.577392578125 0.4222005208333333 0.00244140625 0.007161458333333333
0 0.6025390625 0.4290364583333333 0.00390625 0.015625
0 0.58056640625 0.3857421875 0.00390625 0.008463541666666666
0 0.306884765625 0.5543619791666666 0.00244140625 0.007161458333333333
0 0.388427734375 0.3336588541666667 0.00439453125 0.009765625
0 0.308349609375 0.5706380208333334 0.00244140625 0.005859375
0 0.582275390625 0.431640625 0.00537109375 0.01953125
0 0.3095703125 0.4694010416666667 0.0078125 0.01953125
0 0.5830078125 0.3971354166666667 0.0029296875 0.006510416666666667
0 0.303466796875 0.423828125 0.01025390625 0.009114583333333334
0 0.311767578125 0.23763020833333334 0.00634765625 0.01171875
0 0.306884765625 0.2314453125 0.00537109375 0.012369791666666666
0 0.314208984375 0.21126302083333334 0.01220703125 0.031901041666666664
0 0.31787109375 0.5478515625 0.0048828125 0.017578125
0 0.3095703125 0.22265625 0.009765625 0.015625
0 0.314697265625 0.6233723958333334 0.00439453125 0.014973958333333334
0 0.299560546875 0.7724609375 0.00439453125 0.009765625
0 0.182373046875 0.4749348958333333 0.00634765625 0.021484375
0 0.1826171875 0.3909505208333333 0.005859375 0.020182291666666668
0 0.19970703125 0.3873697916666667 0.013671875 0.022135416666666668
0 0.1982421875 0.4072265625 0.009765625 0.016276041666666668
0 0.190185546875 0.4361979166666667 0.01220703125 0.01953125
0 0.181396484375 0.44921875 0.00537109375 0.013020833333333334
0 0.19677734375 0.4554036458333333 0.009765625 0.016276041666666668
0 0.293212890625 0.4309895833333333 0.00439453125 0.014322916666666666
0 0.29833984375 0.21549479166666666 0.013671875 0.03125
0 0.289306640625 0.22233072916666666 0.00537109375 0.027994791666666668
0 0.202880859375 0.353515625 0.01416015625 0.026041666666666668
0 0.3125 0.2630208333333333 0.0126953125 0.022135416666666668
0 0.30029296875 0.4274088541666667 0.00390625 0.008463541666666666
0 0.298828125 0.24479166666666666 0.0146484375 0.028645833333333332
0 0.303466796875 0.4143880208333333 0.00634765625 0.009765625
0 0.30859375 0.4108072916666667 0.0048828125 0.0078125
0 0.3115234375 0.3981119791666667 0.0107421875 0.018880208333333332
0 0.290771484375 0.3805338541666667 0.00732421875 0.022786458333333332
0 0.294921875 0.3649088541666667 0.009765625 0.014973958333333334
0 0.307373046875 0.359375 0.00732421875 0.015625
0 0.32177734375 0.3912760416666667 0.00390625 0.018229166666666668
0 0.306884765625 0.3147786458333333 0.01025390625 0.022786458333333332
0 0.296142578125 0.3059895833333333 0.01220703125 0.02734375
0 0.288330078125 0.2978515625 0.00732421875 0.029296875
0 0.314697265625 0.28125 0.01318359375 0.01953125
0 0.31396484375 0.2978515625 0.01171875 0.016276041666666668
0 0.31640625 0.3453776041666667 0.0048828125 0.013671875
0 0.293212890625 0.27734375 0.00830078125 0.0234375
