0 0.302490234375 0.6458333333333334 0.00732421875 0.013020833333333334
0 0.4638671875 0.5625 0.0068359375 0.020833333333333332
0 0.398681640625 0.5514322916666666 0.00439453125 0.015625
0 0.53369140625 0.7822265625 0.01171875 0.027994791666666668
0 0.376708984375 0.6839192708333334 0.00732421875 0.020182291666666668
0 0.35791015625 0.7008463541666666 0.009765625 0.016276041666666668
0 0.367919921875 0.712890625 0.00537109375 0.009114583333333334
0 0.362548828125 0.7213541666666666 0.00830078125 0.016927083333333332
0 0.3076171875 0.5807291666666666 0.0087890625 0.015625
0 0.3603515625 0.65625 0.0078125 0.024739583333333332
0 0.223876953125 0.5231119791666666 0.00927734375 0.011067708333333334
0 0.23095703125 0.5309244791666666 0.0048828125 0.007161458333333333
0 0.3486328125 0.716796875 0.00390625 0.014322916666666666
0 0.367431640625 0.7027994791666666 0.00732421875 0.013671875
0 0.364501953125 0.6845703125 0.00341796875 0.008463541666666666
0 0.369140625 0.6783854166666666 0.00390625 0.009114583333333334
0 0.36669921875 0.693359375 0.0078125 0.01171875
0 0.446044921875 0.7932942708333334 0.00341796875 0.009765625
0 0.4521484375 0.6832682291666666 0.0048828125 0.011067708333333334
0 0.22998046875 0.5169270833333334 0.0068359375 0.013020833333333334
