0 0.57763671875 0.4908854166666667 0.0078125 0.020833333333333332
0 0.572998046875 0.4889322916666667 0.00439453125 0.015625
0 0.3916015625 0.427734375 0.0029296875 0.010416666666666666
0 0.488525390625 0.5445963541666666 0.00146484375 0.004557291666666667
0 0.47412109375 0.4339192708333333 0.00390625 0.008463541666666666
0 0.47705078125 0.4241536458333333 0.0048828125 0.014973958333333334
0 0.4833984375 0.5149739583333334 0.005859375 0.015625
0 0.481201171875 0.4856770833333333 0.00439453125 0.01171875
0 0.48291015625 0.4986979166666667 0.0029296875 0.009114583333333334
0 0.595947265625 0.6852213541666666 0.00537109375 0.013671875
0 0.486083984375 0.5494791666666666 0.00439453125 0.010416666666666666
0 0.5849609375 0.4713541666666667 0.0068359375 0.015625
0 0.486572265625 0.5703125 0.00537109375 0.01171875
0 0.477783203125 0.4791666666666667 0.00244140625 0.010416666666666666
0 0.594482421875 0.6673177083333334 0.00634765625 0.016927083333333332
0 0.604248046875 0.6266276041666666 0.00341796875 0.018880208333333332
0 0.585693359375 0.6712239583333334 0.00244140625 0.006510416666666667
0 0.581298828125 0.3470052083333333 0.00244140625 0.016927083333333332
0 0.239013671875 0.3147786458333333 0.00537109375 0.014973958333333334
0 0.59716796875 0.5764973958333334 0.0048828125 0.012369791666666666
0 0.591552734375 0.4912109375 0.00537109375 0.017578125
0 0.59423828125 0.5094401041666666 0.0029296875 0.009765625
0 0.59375 0.5224609375 0.00390625 0.017578125
0 0.585205078125 0.6611328125 0.00341796875 0.014973958333333334
0 0.580322265625 0.5341796875 0.00732421875 0.012369791666666666
0 0.584716796875 0.5589192708333334 0.00732421875 0.016276041666666668
0 0.597900390625 0.5651041666666666 0.00244140625 0.005208333333333333
0 0.599853515625 0.5908203125 0.00341796875 0.012369791666666666
0 0.573974609375 0.5061848958333334 0.00439453125 0.016276041666666668
0 0.58837890625 0.6513671875 0.00390625 0.005859375
0 0.588623046875 0.666015625 0.00439453125 0.016927083333333332
0 0.581787109375 0.5481770833333334 0.00732421875 0.016927083333333332
0 0.580810546875 0.3603515625 0.00244140625 0.009765625
0 0.239990234375 0.3623046875 0.00634765625 0.017578125
0 0.583984375 0.4443359375 0.0068359375 0.018880208333333332
0 0.250732421875 0.5475260416666666 0.00537109375 0.013020833333333334
0 0.242431640625 0.4274088541666667 0.01025390625 0.020182291666666668
0 0.40771484375 0.4306640625 0.00390625 0.013671875
0 0.1474609375 0.5485026041666666 0.005859375 0.009765625
0 0.1630859375 0.375 0.0068359375 0.016927083333333332
0 0.411376953125 0.48828125 0.00634765625 0.016927083333333332
0 0.2421875 0.5914713541666666 0.0048828125 0.012369791666666666
0 0.392578125 0.4895833333333333 0.0029296875 0.009114583333333334
0 0.4072265625 0.4596354166666667 0.0048828125 0.006510416666666667
0 0.419677734375 0.6194661458333334 0.00439453125 0.017578125
0 0.394775390625 0.5348307291666666 0.00537109375 0.022786458333333332
0 0.410400390625 0.4690755208333333 0.00537109375 0.018880208333333332
0 0.404052734375 0.5205078125 0.00537109375 0.021484375
0 0.576904296875 0.373046875 0.00537109375 0.014322916666666666
0 0.41064453125 0.4547526041666667 0.0029296875 0.012369791666666666
0 0.2509765625 0.6728515625 0.001953125 0.008463541666666666
0 0.396484375 0.4518229166666667 0.009765625 0.029947916666666668
0 0.241455078125 0.4069010416666667 0.01025390625 0.020833333333333332
0 0.2333984375 0.677734375 0.00390625 0.01171875
0 0.592041015625 0.4781901041666667 0.00244140625 0.012369791666666666
0 0.60205078125 0.6722005208333334 0.005859375 0.020182291666666668
0 0.588134765625 0.5009765625 0.00732421875 0.020182291666666668
0 0.404541015625 0.4417317708333333 0.00341796875 0.007161458333333333
0 0.15478515625 0.4332682291666667 0.0048828125 0.011067708333333334
0 0.1474609375 0.5126953125 0.00390625 0.013671875
0 0.15380859375 0.509765625 0.0068359375 0.018229166666666668
0 0.58349609375 0.4807942708333333 0.005859375 0.012369791666666666
0 0.14892578125 0.4983723958333333 0.0048828125 0.008463541666666666
0 0.153076171875 0.4791666666666667 0.00732421875 0.015625
0 0.154052734375 0.4583333333333333 0.00830078125 0.015625
0 0.24462890625 0.7125651041666666 0.005859375 0.013671875
0 0.1435546875 0.5149739583333334 0.0029296875 0.009114583333333334
