0 0.37939453125 0.40625 0.0029296875 0.009114583333333334
0 0.627685546875 0.4186197916666667 0.00244140625 0.006510416666666667
0 0.493408203125 0.4947916666666667 0.00244140625 0.026041666666666668
0 0.37255859375 0.3157552083333333 0.0029296875 0.0078125
0 0.37109375 0.3092447916666667 0.001953125 0.00390625
0 0.369873046875 0.3141276041666667 0.00244140625 0.005859375
0 0.36962890625 0.3935546875 0.00390625 0.008463541666666666
0 0.3720703125 0.404296875 0.0068359375 0.015625
0 0.446533203125 0.3499348958333333 0.00439453125 0.018880208333333332
0 0.49609375 0.5283203125 0.0048828125 0.014973958333333334
0 0.367431640625 0.3072916666666667 0.00244140625 0.006510416666666667
0 0.37109375 0.3037109375 0.001953125 0.004557291666666667
0 0.369140625 0.30859375 0.001953125 0.0026041666666666665
0 0.368408203125 0.2893880208333333 0.00244140625 0.007161458333333333
0 0.367431640625 0.283203125 0.00244140625 0.005208333333333333
0 0.3701171875 0.2838541666666667 0.001953125 0.005208333333333333
0 0.502685546875 0.5328776041666666 0.00439453125 0.009765625
0 0.368896484375 0.3050130208333333 0.00244140625 0.005859375
0 0.6357421875 0.2958984375 0.009765625 0.018880208333333332
0 0.36962890625 0.3229166666666667 0.0029296875 0.006510416666666667
0 0.6298828125 0.4261067708333333 0.0029296875 0.005859375
0 0.63525390625 0.53125 0.0068359375 0.016927083333333332
0 0.45849609375 0.7086588541666666 0.0029296875 0.016276041666666668
0 0.512451171875 0.5852864583333334 0.00439453125 0.01953125
0 0.504638671875 0.634765625 0.00537109375 0.014322916666666666
0 0.50732421875 0.6285807291666666 0.00390625 0.016276041666666668
0 0.6416015625 0.2565104166666667 0.0068359375 0.014322916666666666
0 0.64599609375 0.2643229166666667 0.0029296875 0.015625
0 0.640869140625 0.2698567708333333 0.00830078125 0.013671875
0 0.50439453125 0.623046875 0.0009765625 0.005208333333333333
0 0.636474609375 0.2747395833333333 0.00732421875 0.016927083333333332
0 0.635498046875 0.3548177083333333 0.00927734375 0.018229166666666668
0 0.6435546875 0.29296875 0.0048828125 0.018229166666666668
0 0.642822265625 0.4407552083333333 0.00439453125 0.015625
0 0.5107421875 0.5706380208333334 0.0048828125 0.017578125
0 0.628662109375 0.353515625 0.00341796875 0.0078125
0 0.504150390625 0.3873697916666667 0.00341796875 0.013020833333333334
0 0.63720703125 0.4440104166666667 0.0068359375 0.016927083333333332
0 0.6435546875 0.279296875 0.00390625 0.0078125
