0 0.53955078125 0.4134114583333333 0.00390625 0.01171875
0 0.542236328125 0.4182942708333333 0.00537109375 0.008463541666666666
0 0.646240234375 0.3619791666666667 0.00537109375 0.009114583333333334
0 0.49462890625 0.36328125 0.0078125 0.006510416666666667
0 0.642822265625 0.4501953125 0.00537109375 0.008463541666666666
0 0.543701171875 0.3815104166666667 0.00634765625 0.01171875
0 0.644775390625 0.3151041666666667 0.00732421875 0.024739583333333332
0 0.546630859375 0.3684895833333333 0.00830078125 0.014322916666666666
0 0.551025390625 0.4329427083333333 0.00634765625 0.010416666666666666
0 0.489990234375 0.4134114583333333 0.00537109375 0.015625
0 0.47607421875 0.3548177083333333 0.0029296875 0.0078125
0 0.477294921875 0.3421223958333333 0.00439453125 0.020182291666666668
0 0.488525390625 0.3655598958333333 0.00537109375 0.013671875
0 0.482421875 0.3831380208333333 0.0048828125 0.014973958333333334
0 0.4912109375 0.3785807291666667 0.0068359375 0.012369791666666666
0 0.5419921875 0.4046223958333333 0.005859375 0.011067708333333334
0 0.649169921875 0.3356119791666667 0.00537109375 0.013671875
0 0.475830078125 0.447265625 0.00341796875 0.01171875
0 0.5556640625 0.6484375 0.00390625 0.006510416666666667
0 0.54052734375 0.3955078125 0.00390625 0.008463541666666666
0 0.546875 0.6145833333333334 0.0048828125 0.005208333333333333
0 0.553955078125 0.640625 0.00439453125 0.005208333333333333
0 0.482177734375 0.3460286458333333 0.00634765625 0.014973958333333334
0 0.48779296875 0.337890625 0.0068359375 0.014322916666666666
0 0.490478515625 0.326171875 0.00830078125 0.01171875
0 0.490478515625 0.3118489583333333 0.00927734375 0.01953125
0 0.412353515625 0.5325520833333334 0.00927734375 0.015625
0 0.402099609375 0.3821614583333333 0.00634765625 0.014322916666666666
0 0.41845703125 0.4798177083333333 0.00390625 0.01171875
0 0.3974609375 0.4173177083333333 0.00390625 0.006510416666666667
0 0.48291015625 0.330078125 0.0078125 0.020833333333333332
0 0.338134765625 0.3821614583333333 0.00439453125 0.013020833333333334
0 0.49267578125 0.3567708333333333 0.0078125 0.01171875
0 0.419677734375 0.5218098958333334 0.00634765625 0.014973958333333334
0 0.3349609375 0.3463541666666667 0.001953125 0.006510416666666667
0 0.553955078125 0.5725911458333334 0.00439453125 0.005859375
0 0.48388671875 0.359375 0.005859375 0.014322916666666666
0 0.48828125 0.3834635416666667 0.005859375 0.015625
0 0.5576171875 0.572265625 0.0029296875 0.006510416666666667
0 0.328369140625 0.4055989583333333 0.00146484375 0.005208333333333333
