0 0.105224609375 0.3037109375 0.02099609375 0.044921875
0 0.08935546875 0.2936197916666667 0.01171875 0.036458333333333336
0 0.1142578125 0.0791015625 0.00390625 0.011067708333333334
0 0.115966796875 0.09635416666666667 0.00634765625 0.013020833333333334
0 0.093994140625 0.400390625 0.01123046875 0.013020833333333334
0 0.885498046875 0.427734375 0.01318359375 0.044270833333333336
0 0.871826171875 0.6787109375 0.01025390625 0.022786458333333332
0 0.883056640625 0.6865234375 0.01025390625 0.048828125
0 0.39794921875 0.5970052083333334 0.0166015625 0.0234375
0 0.8681640625 0.4169921875 0.0087890625 0.014973958333333334
0 0.864013671875 0.8173828125 0.01513671875 0.033203125
0 0.832763671875 0.8160807291666666 0.01220703125 0.034505208333333336
0 0.871337890625 0.6194661458333334 0.01416015625 0.031901041666666664
0 0.1142578125 0.4638671875 0.0234375 0.043619791666666664
0 0.88330078125 0.6393229166666666 0.0078125 0.015625
0 0.277099609375 0.6048177083333334 0.01708984375 0.03515625
0 0.404541015625 0.5660807291666666 0.01416015625 0.043619791666666664
0 0.4033203125 0.521484375 0.0185546875 0.04296875
0 0.403564453125 0.484375 0.01708984375 0.037760416666666664
0 0.388427734375 0.5231119791666666 0.01708984375 0.034505208333333336
0 0.386474609375 0.4908854166666667 0.01416015625 0.033854166666666664
0 0.410400390625 0.3792317708333333 0.00732421875 0.031901041666666664
0 0.29443359375 0.583984375 0.0107421875 0.0390625
0 0.405029296875 0.22884114583333334 0.01708984375 0.042317708333333336
0 0.3955078125 0.20084635416666666 0.013671875 0.043619791666666664
0 0.376220703125 0.19108072916666666 0.00732421875 0.041015625
0 0.54052734375 0.22591145833333334 0.01171875 0.03515625
0 0.26318359375 0.5442708333333334 0.0068359375 0.01953125
0 0.279052734375 0.5667317708333334 0.01904296875 0.037109375
0 0.409423828125 0.3395182291666667 0.00830078125 0.034505208333333336
0 0.296630859375 0.6184895833333334 0.01123046875 0.03515625
0 0.11474609375 0.3525390625 0.033203125 0.027994791666666668
0 0.52783203125 0.20084635416666666 0.015625 0.026692708333333332
0 0.3828125 0.5716145833333334 0.0087890625 0.022135416666666668
0 0.094970703125 0.3828125 0.01611328125 0.016927083333333332
0 0.5498046875 0.9729817708333334 0.0087890625 0.027994791666666668
0 0.385498046875 0.6477864583333334 0.01513671875 0.024739583333333332
0 0.378662109375 0.6608072916666666 0.01123046875 0.01953125
0 0.391845703125 0.66796875 0.01806640625 0.036458333333333336
0 0.3828125 0.6881510416666666 0.01953125 0.0390625
0 0.380615234375 0.7158203125 0.01416015625 0.026692708333333332
0 0.378173828125 0.7408854166666666 0.01123046875 0.029947916666666668
0 0.86279296875 0.3235677083333333 0.0087890625 0.015625
0 0.8349609375 0.21842447916666666 0.009765625 0.031901041666666664
0 0.52099609375 0.2805989583333333 0.015625 0.0234375
0 0.541748046875 0.17220052083333334 0.01220703125 0.037109375
0 0.847900390625 0.18326822916666666 0.01318359375 0.027994791666666668
0 0.701171875 0.17740885416666666 0.0205078125 0.06705729166666667
0 0.677734375 0.4807942708333333 0.0029296875 0.007161458333333333
0 0.85400390625 0.2744140625 0.0048828125 0.012369791666666666
0 0.527587890625 0.14615885416666666 0.01025390625 0.013671875
0 0.26416015625 0.4807942708333333 0.0166015625 0.026692708333333332
0 0.67919921875 0.11979166666666667 0.0146484375 0.04296875
0 0.8505859375 0.12141927083333333 0.017578125 0.039713541666666664
0 0.510498046875 0.9850260416666666 0.00732421875 0.0234375
0 0.54638671875 0.6360677083333334 0.005859375 0.0234375
0 0.547119140625 0.4251302083333333 0.00537109375 0.0234375
0 0.51416015625 0.4300130208333333 0.01953125 0.042317708333333336
0 0.390869140625 0.6298828125 0.01904296875 0.029296875
0 0.719970703125 0.8499348958333334 0.00439453125 0.017578125
0 0.376953125 0.6409505208333334 0.0078125 0.021484375
0 0.673828125 0.4934895833333333 0.0087890625 0.029947916666666668
0 0.531982421875 0.11197916666666667 0.01806640625 0.036458333333333336
0 0.529541015625 0.12727864583333334 0.01318359375 0.021484375
0 0.522705078125 0.3079427083333333 0.02099609375 0.049479166666666664
