0 0.46923828125 0.7535807291666666 0.00390625 0.014973958333333334
0 0.622802734375 0.51953125 0.01123046875 0.032552083333333336
0 0.655517578125 0.3069661458333333 0.01025390625 0.025390625
0 0.6533203125 0.5120442708333334 0.009765625 0.020182291666666668
0 0.63720703125 0.427734375 0.0087890625 0.02734375
0 0.644775390625 0.416015625 0.01220703125 0.032552083333333336
0 0.662109375 0.4456380208333333 0.0107421875 0.017578125
0 0.66015625 0.4241536458333333 0.01171875 0.026692708333333332
0 0.634521484375 0.3723958333333333 0.00439453125 0.018229166666666668
0 0.4609375 0.8610026041666666 0.0078125 0.016276041666666668
0 0.636962890625 0.3639322916666667 0.00927734375 0.015625
0 0.646728515625 0.4466145833333333 0.00830078125 0.022135416666666668
0 0.4765625 0.8662109375 0.009765625 0.017578125
0 0.388427734375 0.4977213541666667 0.00439453125 0.009765625
0 0.6650390625 0.5380859375 0.0029296875 0.008463541666666666
0 0.65966796875 0.5110677083333334 0.0029296875 0.006510416666666667
0 0.658203125 0.5006510416666666 0.0029296875 0.0078125
0 0.640380859375 0.494140625 0.00341796875 0.010416666666666666
0 0.645263671875 0.4638671875 0.00341796875 0.008463541666666666
0 0.799560546875 0.9332682291666666 0.00634765625 0.012369791666666666
0 0.792236328125 0.84375 0.00927734375 0.020833333333333332
0 0.782958984375 0.4641927083333333 0.00732421875 0.010416666666666666
0 0.5859375 0.3522135416666667 0.00390625 0.010416666666666666
0 0.577392578125 0.3356119791666667 0.00634765625 0.009765625
0 0.57373046875 0.357421875 0.00390625 0.01171875
0 0.63427734375 0.3453776041666667 0.0048828125 0.030598958333333332
0 0.63916015625 0.3714192708333333 0.0087890625 0.016276041666666668
0 0.837890625 0.5048828125 0.005859375 0.014973958333333334
0 0.636962890625 0.384765625 0.00830078125 0.022135416666666668
0 0.3857421875 0.4671223958333333 0.0009765625 0.0032552083333333335
0 0.65380859375 0.3860677083333333 0.013671875 0.029947916666666668
0 0.854248046875 0.4817708333333333 0.00732421875 0.015625
0 0.21826171875 0.5602213541666666 0.0029296875 0.009765625
0 0.856689453125 0.501953125 0.00732421875 0.022135416666666668
0 0.458740234375 0.5950520833333334 0.00439453125 0.013020833333333334
0 0.845947265625 0.5270182291666666 0.00537109375 0.011067708333333334
0 0.850341796875 0.552734375 0.00634765625 0.006510416666666667
0 0.85693359375 0.5625 0.0078125 0.018229166666666668
0 0.858642578125 0.5745442708333334 0.00537109375 0.012369791666666666
0 0.848388671875 0.6123046875 0.00244140625 0.008463541666666666
0 0.46142578125 0.6220703125 0.00390625 0.016276041666666668
0 0.194580078125 0.2945963541666667 0.00634765625 0.013671875
0 0.355224609375 0.5026041666666666 0.00439453125 0.014322916666666666
0 0.284912109375 0.6162109375 0.00341796875 0.018880208333333332
0 0.64306640625 0.3772786458333333 0.0087890625 0.018880208333333332
0 0.201416015625 0.4202473958333333 0.00927734375 0.016276041666666668
0 0.288330078125 0.5865885416666666 0.00537109375 0.0078125
0 0.39599609375 0.4632161458333333 0.0029296875 0.012369791666666666
0 0.281005859375 0.4625651041666667 0.00634765625 0.020182291666666668
0 0.287353515625 0.4635416666666667 0.00634765625 0.015625
0 0.221923828125 0.7109375 0.00341796875 0.010416666666666666
0 0.2138671875 0.26171875 0.0107421875 0.014322916666666666
0 0.4853515625 0.5862630208333334 0.0009765625 0.0032552083333333335
0 0.48828125 0.6526692708333334 0.001953125 0.005859375
0 0.494140625 0.6604817708333334 0.001953125 0.007161458333333333
0 0.62744140625 0.5475260416666666 0.0087890625 0.024739583333333332
0 0.654541015625 0.3336588541666667 0.00634765625 0.014973958333333334
0 0.390380859375 0.330078125 0.00439453125 0.005208333333333333
0 0.662353515625 0.3818359375 0.00634765625 0.017578125
0 0.389404296875 0.5152994791666666 0.00244140625 0.005859375
0 0.807373046875 0.9225260416666666 0.01318359375 0.020833333333333332
0 0.621337890625 0.4879557291666667 0.00927734375 0.025390625
0 0.853515625 0.6136067708333334 0.0068359375 0.013671875
0 0.443115234375 0.671875 0.00634765625 0.01953125
0 0.72412109375 0.3600260416666667 0.01171875 0.028645833333333332
0 0.705078125 0.3811848958333333 0.01171875 0.031901041666666664
0 0.702392578125 0.2552083333333333 0.01220703125 0.037760416666666664
0 0.776611328125 0.4055989583333333 0.02001953125 0.016927083333333332
0 0.78857421875 0.7809244791666666 0.009765625 0.021484375
0 0.787109375 0.8209635416666666 0.0087890625 0.016927083333333332
0 0.1884765625 0.2578125 0.009765625 0.024739583333333332
0 0.383056640625 0.3365885416666667 0.01025390625 0.01953125
0 0.42529296875 0.3453776041666667 0.001953125 0.0032552083333333335
0 0.284912109375 0.4313151041666667 0.00244140625 0.005859375
0 0.51123046875 0.3929036458333333 0.001953125 0.012369791666666666
0 0.29296875 0.5533854166666666 0.0029296875 0.0078125
0 0.437255859375 0.392578125 0.01318359375 0.02734375
0 0.2890625 0.4772135416666667 0.0048828125 0.009114583333333334
0 0.7529296875 0.20475260416666666 0.00390625 0.008463541666666666
0 0.2890625 0.5423177083333334 0.0029296875 0.00390625
0 0.28955078125 0.4977213541666667 0.0048828125 0.009765625
0 0.28564453125 0.4729817708333333 0.001953125 0.004557291666666667
0 0.273681640625 0.388671875 0.00830078125 0.009114583333333334
0 0.330078125 0.3203125 0.0029296875 0.0078125
0 0.69970703125 0.3561197916666667 0.0048828125 0.02734375
0 0.725830078125 0.3177083333333333 0.00732421875 0.022135416666666668
0 0.671630859375 0.5670572916666666 0.00537109375 0.018229166666666668
0 0.570556640625 0.55078125 0.00244140625 0.010416666666666666
0 0.580078125 0.3958333333333333 0.00390625 0.006510416666666667
0 0.51123046875 0.4075520833333333 0.0009765625 0.009114583333333334
0 0.470703125 0.87109375 0.009765625 0.014322916666666666
0 0.282470703125 0.4860026041666667 0.01025390625 0.014973958333333334
0 0.811279296875 0.23470052083333334 0.01416015625 0.034505208333333336
0 0.27978515625 0.4954427083333333 0.0078125 0.013020833333333334
0 0.479736328125 0.5345052083333334 0.00927734375 0.020833333333333332
0 0.830810546875 0.4182942708333333 0.01806640625 0.026692708333333332
0 0.429931640625 0.3678385416666667 0.01318359375 0.024739583333333332
0 0.28857421875 0.6282552083333334 0.005859375 0.01171875
0 0.78515625 0.708984375 0.0087890625 0.01953125
0 0.223876953125 0.3645833333333333 0.01123046875 0.028645833333333332
0 0.22998046875 0.3955078125 0.005859375 0.009765625
0 0.234130859375 0.4446614583333333 0.00537109375 0.013020833333333334
0 0.230712890625 0.4176432291666667 0.00634765625 0.014973958333333334
0 0.82568359375 0.3531901041666667 0.0126953125 0.026692708333333332
0 0.3896484375 0.5615234375 0.01171875 0.029296875
0 0.3857421875 0.4055989583333333 0.009765625 0.0234375
0 0.34619140625 0.3492838541666667 0.0068359375 0.027994791666666668
0 0.33544921875 0.373046875 0.013671875 0.03125
0 0.284423828125 0.5709635416666666 0.01025390625 0.016927083333333332
0 0.46533203125 0.8427734375 0.013671875 0.029296875
0 0.21484375 0.3857421875 0.01171875 0.021484375
0 0.51416015625 0.3704427083333333 0.0029296875 0.006510416666666667
0 0.232421875 0.5970052083333334 0.0107421875 0.01953125
0 0.514404296875 0.3782552083333333 0.00341796875 0.0078125
0 0.512939453125 0.4163411458333333 0.00244140625 0.007161458333333333
0 0.513916015625 0.41015625 0.00244140625 0.00390625
0 0.582763671875 0.6223958333333334 0.00830078125 0.026041666666666668
0 0.438232421875 0.3606770833333333 0.01318359375 0.028645833333333332
0 0.5126953125 0.4326171875 0.0029296875 0.008463541666666666
0 0.388671875 0.4869791666666667 0.00390625 0.0078125
0 0.8232421875 0.330078125 0.015625 0.01953125
0 0.84521484375 0.4371744791666667 0.0126953125 0.025390625
0 0.20263671875 0.39453125 0.013671875 0.036458333333333336
0 0.486328125 0.6634114583333334 0.0078125 0.015625
