0 0.5224609375 0.6175130208333334 0.0029296875 0.008463541666666666
0 0.514404296875 0.5924479166666666 0.00341796875 0.0078125
0 0.4658203125 0.18815104166666666 0.001953125 0.0078125
0 0.3759765625 0.7262369791666666 0.001953125 0.007161458333333333
0 0.370849609375 0.65234375 0.00146484375 0.005208333333333333
0 0.37158203125 0.6009114583333334 0.0048828125 0.01171875
0 0.1796875 0.4817708333333333 0.001953125 0.005208333333333333
0 0.37109375 0.3330078125 0.0029296875 0.012369791666666666
0 0.460693359375 0.3216145833333333 0.00439453125 0.009114583333333334
0 0.4443359375 0.5218098958333334 0.001953125 0.013671875
0 0.178466796875 0.4514973958333333 0.00244140625 0.005859375
0 0.315673828125 0.21907552083333334 0.00732421875 0.012369791666666666
0 0.5078125 0.69140625 0.0009765625 0.005208333333333333
0 0.378662109375 0.4384765625 0.00439453125 0.011067708333333334
0 0.508544921875 0.6526692708333334 0.00244140625 0.009765625
0 0.31640625 0.3102213541666667 0.0029296875 0.007161458333333333
0 0.52099609375 0.73828125 0.00390625 0.009114583333333334
0 0.51025390625 0.6165364583333334 0.0029296875 0.01171875
0 0.1787109375 0.4638671875 0.0029296875 0.005859375
0 0.178955078125 0.4889322916666667 0.00341796875 0.006510416666666667
0 0.3154296875 0.20540364583333334 0.0087890625 0.014973958333333334
0 0.255126953125 0.51953125 0.00244140625 0.0078125
0 0.1787109375 0.4791666666666667 0.00390625 0.006510416666666667
0 0.246337890625 0.5296223958333334 0.00341796875 0.008463541666666666
0 0.31689453125 0.2874348958333333 0.00390625 0.008463541666666666
0 0.38037109375 0.23502604166666666 0.00390625 0.009114583333333334
0 0.17919921875 0.4713541666666667 0.0029296875 0.00390625
0 0.37060546875 0.2783203125 0.001953125 0.009765625
0 0.37353515625 0.3076171875 0.0048828125 0.014973958333333334
0 0.380859375 0.3177083333333333 0.0048828125 0.013020833333333334
0 0.52001953125 0.6653645833333334 0.0029296875 0.0078125
