0 0.507568359375 0.8147786458333334 0.01025390625 0.038411458333333336
0 0.65673828125 0.73046875 0.017578125 0.03515625
0 0.678955078125 0.5732421875 0.00830078125 0.022786458333333332
0 0.673583984375 0.5693359375 0.00341796875 0.009765625
0 0.494140625 0.625 0.0126953125 0.026041666666666668
0 0.504150390625 0.6197916666666666 0.00927734375 0.022135416666666668
0 0.333251953125 0.783203125 0.01123046875 0.028645833333333332
0 0.1962890625 0.7379557291666666 0.0126953125 0.064453125
0 0.496337890625 0.6598307291666666 0.01513671875 0.037109375
0 0.6806640625 0.486328125 0.005859375 0.022135416666666668
0 0.498291015625 0.5960286458333334 0.01611328125 0.039713541666666664
0 0.668212890625 0.7154947916666666 0.01416015625 0.041666666666666664
0 0.4765625 0.3746744791666667 0.0048828125 0.017578125
0 0.357421875 0.552734375 0.0087890625 0.028645833333333332
0 0.1748046875 0.5843098958333334 0.017578125 0.043619791666666664
0 0.1826171875 0.6227213541666666 0.01171875 0.026692708333333332
0 0.33349609375 0.6676432291666666 0.0146484375 0.038411458333333336
0 0.353515625 0.5071614583333334 0.0146484375 0.029947916666666668
0 0.670654296875 0.4700520833333333 0.00732421875 0.020833333333333332
0 0.364013671875 0.4300130208333333 0.00634765625 0.021484375
0 0.356201171875 0.4205729166666667 0.00634765625 0.018229166666666668
0 0.367431640625 0.40234375 0.00634765625 0.014322916666666666
0 0.373046875 0.3434244791666667 0.0068359375 0.035807291666666664
0 0.37744140625 0.4752604166666667 0.005859375 0.032552083333333336
