0 0.5107421875 0.5862630208333334 0.0029296875 0.009765625
0 0.440185546875 0.5328776041666666 0.01025390625 0.022786458333333332
0 0.42822265625 0.5963541666666666 0.005859375 0.014322916666666666
0 0.429931640625 0.607421875 0.00732421875 0.020833333333333332
0 0.4296875 0.6461588541666666 0.01171875 0.020182291666666668
0 0.3291015625 0.6419270833333334 0.00390625 0.01171875
0 0.436767578125 0.6686197916666666 0.00341796875 0.014322916666666666
0 0.43310546875 0.7275390625 0.00390625 0.014973958333333334
0 0.42724609375 0.677734375 0.005859375 0.013020833333333334
0 0.4296875 0.7760416666666666 0.0068359375 0.018229166666666668
0 0.43408203125 0.712890625 0.0029296875 0.01171875
0 0.4306640625 0.78515625 0.0029296875 0.014322916666666666
0 0.4267578125 0.7327473958333334 0.0068359375 0.016276041666666668
0 0.51708984375 0.5654296875 0.0078125 0.021484375
0 0.431884765625 0.6611328125 0.01025390625 0.013671875
0 0.18798828125 0.5667317708333334 0.0029296875 0.008463541666666666
0 0.42041015625 0.7828776041666666 0.0029296875 0.009765625
0 0.182373046875 0.5162760416666666 0.01025390625 0.026041666666666668
0 0.344970703125 0.6536458333333334 0.00244140625 0.016927083333333332
0 0.322509765625 0.7161458333333334 0.00341796875 0.01171875
0 0.321533203125 0.7233072916666666 0.00341796875 0.005208333333333333
0 0.242431640625 0.5377604166666666 0.00537109375 0.015625
0 0.2470703125 0.4261067708333333 0.015625 0.027994791666666668
0 0.246337890625 0.5022786458333334 0.00927734375 0.024088541666666668
0 0.180908203125 0.50390625 0.00830078125 0.024739583333333332
0 0.517822265625 0.6038411458333334 0.00244140625 0.007161458333333333
0 0.175537109375 0.5104166666666666 0.00537109375 0.022135416666666668
0 0.18115234375 0.546875 0.0107421875 0.020833333333333332
0 0.18505859375 0.5748697916666666 0.0078125 0.018229166666666668
0 0.180419921875 0.5810546875 0.00732421875 0.017578125
0 0.18896484375 0.6598307291666666 0.00390625 0.009765625
0 0.191650390625 0.6461588541666666 0.00244140625 0.013671875
0 0.330322265625 0.6575520833333334 0.00830078125 0.018229166666666668
0 0.51806640625 0.6256510416666666 0.0029296875 0.009114583333333334
