0 0.37353515625 0.5286458333333334 0.0068359375 0.01953125
0 0.368896484375 0.5804036458333334 0.00537109375 0.021484375
0 0.368896484375 0.533203125 0.00537109375 0.022135416666666668
0 0.38037109375 0.6100260416666666 0.0087890625 0.016927083333333332
0 0.374755859375 0.5006510416666666 0.00732421875 0.013020833333333334
0 0.590087890625 0.61328125 0.00830078125 0.0234375
0 0.37939453125 0.6227213541666666 0.0029296875 0.008463541666666666
0 0.485107421875 0.5755208333333334 0.01220703125 0.022135416666666668
0 0.4833984375 0.5250651041666666 0.0078125 0.016276041666666668
0 0.37353515625 0.6188151041666666 0.005859375 0.012369791666666666
0 0.682861328125 0.4801432291666667 0.00537109375 0.012369791666666666
0 0.376708984375 0.4912109375 0.00830078125 0.009765625
0 0.37451171875 0.6305338541666666 0.0048828125 0.011067708333333334
0 0.477783203125 0.6181640625 0.00341796875 0.008463541666666666
0 0.372314453125 0.4860026041666667 0.00537109375 0.014973958333333334
0 0.378662109375 0.6442057291666666 0.00634765625 0.016276041666666668
0 0.38525390625 0.6240234375 0.009765625 0.018880208333333332
0 0.490234375 0.6256510416666666 0.0068359375 0.020833333333333332
0 0.47900390625 0.59375 0.009765625 0.0234375
0 0.4814453125 0.5833333333333334 0.013671875 0.022135416666666668
0 0.694091796875 0.4495442708333333 0.00830078125 0.014973958333333334
0 0.370849609375 0.4501953125 0.00634765625 0.013671875
0 0.37548828125 0.4453125 0.0048828125 0.010416666666666666
0 0.370849609375 0.4358723958333333 0.00634765625 0.007161458333333333
0 0.489013671875 0.5706380208333334 0.00927734375 0.018880208333333332
0 0.385986328125 0.6477864583333334 0.01025390625 0.02734375
0 0.684814453125 0.4934895833333333 0.00634765625 0.016927083333333332
0 0.384765625 0.6044921875 0.0029296875 0.004557291666666667
0 0.6904296875 0.5263671875 0.005859375 0.012369791666666666
0 0.368896484375 0.5045572916666666 0.00830078125 0.015625
0 0.695556640625 0.5458984375 0.00732421875 0.017578125
0 0.372802734375 0.3958333333333333 0.00732421875 0.016927083333333332
0 0.36279296875 0.3697916666666667 0.0029296875 0.013020833333333334
0 0.36328125 0.3961588541666667 0.0029296875 0.011067708333333334
0 0.376220703125 0.4033203125 0.00341796875 0.007161458333333333
0 0.37939453125 0.4088541666666667 0.0029296875 0.009114583333333334
0 0.68408203125 0.4674479166666667 0.0068359375 0.013020833333333334
0 0.370361328125 0.4192708333333333 0.00927734375 0.016927083333333332
0 0.492431640625 0.5263671875 0.00537109375 0.016276041666666668
0 0.49072265625 0.3255208333333333 0.0078125 0.018229166666666668
0 0.47900390625 0.3483072916666667 0.0048828125 0.014322916666666666
0 0.47412109375 0.3294270833333333 0.001953125 0.0078125
0 0.49169921875 0.3063151041666667 0.0029296875 0.007161458333333333
0 0.487548828125 0.2177734375 0.00830078125 0.013671875
0 0.489501953125 0.20279947916666666 0.00537109375 0.012369791666666666
0 0.4921875 0.2584635416666667 0.0048828125 0.014322916666666666
0 0.5712890625 0.2373046875 0.0029296875 0.007161458333333333
0 0.57470703125 0.3854166666666667 0.001953125 0.00390625
0 0.580810546875 0.3929036458333333 0.00244140625 0.004557291666666667
0 0.589599609375 0.4208984375 0.00244140625 0.009765625
0 0.384033203125 0.41015625 0.00439453125 0.015625
0 0.68310546875 0.5309244791666666 0.0048828125 0.013671875
0 0.588134765625 0.5504557291666666 0.00537109375 0.014973958333333334
0 0.588134765625 0.6279296875 0.00732421875 0.014973958333333334
0 0.585205078125 0.3089192708333333 0.00341796875 0.007161458333333333
0 0.68798828125 0.2884114583333333 0.005859375 0.010416666666666666
0 0.679931640625 0.4251302083333333 0.00244140625 0.01171875
0 0.680419921875 0.5983072916666666 0.00439453125 0.01953125
0 0.69873046875 0.5930989583333334 0.0078125 0.015625
0 0.7021484375 0.5556640625 0.00390625 0.013671875
