0 0.46044921875 0.478515625 0.001953125 0.005208333333333333
0 0.46533203125 0.4514973958333333 0.001953125 0.004557291666666667
0 0.46484375 0.4684244791666667 0.00390625 0.011067708333333334
0 0.5244140625 0.6731770833333334 0.001953125 0.014322916666666666
0 0.533447265625 0.6611328125 0.00732421875 0.007161458333333333
0 0.53173828125 0.6142578125 0.001953125 0.005859375
0 0.33056640625 0.5494791666666666 0.001953125 0.00390625
0 0.53564453125 0.6162109375 0.001953125 0.004557291666666667
0 0.540283203125 0.6041666666666666 0.00439453125 0.018229166666666668
0 0.538818359375 0.5494791666666666 0.00439453125 0.014322916666666666
0 0.53466796875 0.5696614583333334 0.001953125 0.005208333333333333
0 0.5419921875 0.5110677083333334 0.0029296875 0.010416666666666666
0 0.543212890625 0.4768880208333333 0.00146484375 0.009765625
0 0.53515625 0.4098307291666667 0.0048828125 0.011067708333333334
0 0.332275390625 0.5498046875 0.00244140625 0.004557291666666667
0 0.329345703125 0.5377604166666666 0.00341796875 0.00390625
0 0.32958984375 0.5221354166666666 0.00390625 0.006510416666666667
0 0.2685546875 0.4391276041666667 0.0029296875 0.012369791666666666
0 0.460693359375 0.5048828125 0.00341796875 0.009765625
0 0.53955078125 0.5670572916666666 0.00390625 0.0078125
0 0.329345703125 0.5423177083333334 0.00146484375 0.00390625
0 0.33154296875 0.5530598958333334 0.001953125 0.0032552083333333335
0 0.265380859375 0.5608723958333334 0.00341796875 0.007161458333333333
0 0.331298828125 0.5589192708333334 0.00341796875 0.0032552083333333335
0 0.332275390625 0.5712890625 0.00244140625 0.0032552083333333335
0 0.333251953125 0.5686848958333334 0.00244140625 0.0032552083333333335
0 0.332763671875 0.576171875 0.00244140625 0.005208333333333333
0 0.33251953125 0.58203125 0.001953125 0.00390625
0 0.268798828125 0.4921875 0.00341796875 0.006510416666666667
0 0.267822265625 0.4840494791666667 0.00244140625 0.005859375
0 0.26904296875 0.4742838541666667 0.0048828125 0.011067708333333334
0 0.333251953125 0.5654296875 0.00146484375 0.0032552083333333335
0 0.26416015625 0.447265625 0.001953125 0.010416666666666666
0 0.32763671875 0.5289713541666666 0.0029296875 0.005859375
0 0.27001953125 0.4557291666666667 0.00390625 0.013020833333333334
0 0.275390625 0.45703125 0.0048828125 0.010416666666666666
0 0.267578125 0.4267578125 0.001953125 0.005859375
0 0.267822265625 0.41796875 0.00341796875 0.0078125
0 0.332275390625 0.050130208333333336 0.00634765625 0.01171875
0 0.269287109375 0.3746744791666667 0.00439453125 0.011067708333333334
0 0.276611328125 0.4016927083333333 0.00341796875 0.0078125
0 0.33203125 0.5618489583333334 0.0029296875 0.0026041666666666665
0 0.274658203125 0.46875 0.00537109375 0.01171875
0 0.271240234375 0.4026692708333333 0.00244140625 0.004557291666666667
