0 0.134033203125 0.3470052083333333 0.00634765625 0.024739583333333332
0 0.125732421875 0.3662109375 0.01318359375 0.011067708333333334
0 0.1162109375 0.3714192708333333 0.0048828125 0.004557291666666667
0 0.11669921875 0.3805338541666667 0.005859375 0.004557291666666667
0 0.119384765625 0.3860677083333333 0.00732421875 0.009114583333333334
0 0.307861328125 0.2799479166666667 0.00244140625 0.00390625
0 0.303466796875 0.3248697916666667 0.00830078125 0.01171875
0 0.3037109375 0.3102213541666667 0.005859375 0.011067708333333334
0 0.123046875 0.3440755208333333 0.0087890625 0.016276041666666668
0 0.485107421875 0.5569661458333334 0.00341796875 0.008463541666666666
0 0.30029296875 0.34375 0.01171875 0.014322916666666666
0 0.123291015625 0.353515625 0.01513671875 0.015625
0 0.307373046875 0.2744140625 0.00341796875 0.005859375
0 0.48974609375 0.427734375 0.0048828125 0.0078125
0 0.4892578125 0.5211588541666666 0.0048828125 0.012369791666666666
0 0.49169921875 0.5094401041666666 0.00390625 0.009765625
0 0.494140625 0.4876302083333333 0.0078125 0.018229166666666668
0 0.48095703125 0.48828125 0.005859375 0.013020833333333334
0 0.48388671875 0.4768880208333333 0.0068359375 0.012369791666666666
0 0.490966796875 0.4801432291666667 0.00927734375 0.016276041666666668
0 0.4873046875 0.4365234375 0.0048828125 0.007161458333333333
0 0.498779296875 0.4407552083333333 0.00634765625 0.009114583333333334
0 0.488037109375 0.416015625 0.00341796875 0.005208333333333333
0 0.302490234375 0.3186848958333333 0.00732421875 0.0032552083333333335
0 0.484130859375 0.5247395833333334 0.00341796875 0.006510416666666667
