0 0.220458984375 0.279296875 0.00439453125 0.006510416666666667
0 0.21728515625 0.2581380208333333 0.00390625 0.011067708333333334
0 0.22119140625 0.2532552083333333 0.0068359375 0.01171875
0 0.31103515625 0.2060546875 0.0009765625 0.0032552083333333335
0 0.22314453125 0.2158203125 0.0078125 0.004557291666666667
0 0.30517578125 0.2639973958333333 0.001953125 0.004557291666666667
0 0.302490234375 0.2412109375 0.00439453125 0.008463541666666666
0 0.30078125 0.2565104166666667 0.00390625 0.006510416666666667
0 0.300537109375 0.24772135416666666 0.00341796875 0.008463541666666666
0 0.2197265625 0.2744140625 0.001953125 0.004557291666666667
0 0.311767578125 0.24576822916666666 0.00439453125 0.009765625
0 0.306640625 0.2542317708333333 0.0048828125 0.009765625
0 0.3125 0.21484375 0.0009765625 0.00390625
0 0.309326171875 0.19889322916666666 0.00634765625 0.009765625
0 0.299560546875 0.2633463541666667 0.00341796875 0.009765625
0 0.215087890625 0.2890625 0.00244140625 0.00390625
0 0.310302734375 0.2630208333333333 0.00341796875 0.006510416666666667
0 0.222412109375 0.5172526041666666 0.00439453125 0.004557291666666667
0 0.307861328125 0.2838541666666667 0.00341796875 0.009114583333333334
0 0.31103515625 0.3359375 0.0029296875 0.0078125
0 0.306396484375 0.3375651041666667 0.00537109375 0.011067708333333334
0 0.29541015625 0.4573567708333333 0.0029296875 0.013671875
0 0.3046875 0.3050130208333333 0.00390625 0.007161458333333333
0 0.30322265625 0.2975260416666667 0.0029296875 0.0078125
0 0.30419921875 0.2757161458333333 0.0029296875 0.009765625
0 0.21533203125 0.248046875 0.00390625 0.0078125
0 0.310546875 0.23470052083333334 0.00390625 0.008463541666666666
0 0.3076171875 0.22233072916666666 0.0048828125 0.009765625
0 0.298583984375 0.2275390625 0.00439453125 0.007161458333333333
0 0.2978515625 0.23860677083333334 0.00390625 0.014973958333333334
0 0.385498046875 0.4541015625 0.00341796875 0.004557291666666667
0 0.299072265625 0.2763671875 0.00439453125 0.012369791666666666
0 0.307861328125 0.2682291666666667 0.00341796875 0.006510416666666667
0 0.213623046875 0.2526041666666667 0.00244140625 0.006510416666666667
0 0.3642578125 0.28125 0.0048828125 0.022135416666666668
0 0.44970703125 0.6236979166666666 0.005859375 0.013020833333333334
0 0.4501953125 0.6324869791666666 0.0048828125 0.009765625
0 0.442138671875 0.6910807291666666 0.00537109375 0.009765625
0 0.437744140625 0.6842447916666666 0.00732421875 0.015625
0 0.44873046875 0.6471354166666666 0.00390625 0.0078125
0 0.38916015625 0.7747395833333334 0.0029296875 0.009114583333333334
0 0.3818359375 0.515625 0.005859375 0.010416666666666666
0 0.439453125 0.6998697916666666 0.00390625 0.006510416666666667
0 0.37109375 0.5110677083333334 0.001953125 0.005208333333333333
0 0.385498046875 0.4114583333333333 0.00341796875 0.01171875
0 0.38330078125 0.3736979166666667 0.005859375 0.013020833333333334
0 0.3837890625 0.3323567708333333 0.005859375 0.018880208333333332
0 0.380126953125 0.3421223958333333 0.00341796875 0.007161458333333333
0 0.38525390625 0.36328125 0.0048828125 0.0078125
0 0.376708984375 0.3001302083333333 0.00732421875 0.015625
0 0.385498046875 0.3977864583333333 0.00439453125 0.01171875
0 0.439208984375 0.7115885416666666 0.00244140625 0.0078125
0 0.376220703125 0.4876302083333333 0.00244140625 0.006510416666666667
0 0.44384765625 0.6692708333333334 0.0029296875 0.0078125
0 0.124755859375 0.5833333333333334 0.00732421875 0.020833333333333332
0 0.36328125 0.3053385416666667 0.00390625 0.022135416666666668
0 0.44580078125 0.6282552083333334 0.0029296875 0.0078125
0 0.1201171875 0.5498046875 0.0048828125 0.020182291666666668
0 0.448486328125 0.6165364583333334 0.00341796875 0.006510416666666667
0 0.4423828125 0.5511067708333334 0.0087890625 0.013671875
0 0.55859375 0.5309244791666666 0.0087890625 0.021484375
0 0.5458984375 0.6165364583333334 0.0087890625 0.0234375
0 0.544189453125 0.6360677083333334 0.00146484375 0.00390625
0 0.44677734375 0.6422526041666666 0.0048828125 0.011067708333333334
0 0.536376953125 0.6695963541666666 0.00439453125 0.018880208333333332
0 0.552978515625 0.6468098958333334 0.00927734375 0.021484375
0 0.218994140625 0.20963541666666666 0.00439453125 0.006510416666666667
0 0.21826171875 0.2021484375 0.00390625 0.008463541666666666
0 0.223388671875 0.24153645833333334 0.00439453125 0.006510416666666667
0 0.222412109375 0.23404947916666666 0.00439453125 0.007161458333333333
0 0.22802734375 0.2565104166666667 0.00390625 0.010416666666666666
0 0.449462890625 0.6598307291666666 0.00341796875 0.013671875
0 0.542724609375 0.6591796875 0.00732421875 0.021484375
0 0.540771484375 0.6468098958333334 0.00244140625 0.0032552083333333335
0 0.37255859375 0.3095703125 0.001953125 0.0032552083333333335
0 0.224609375 0.24934895833333334 0.0048828125 0.009114583333333334
0 0.22509765625 0.3307291666666667 0.005859375 0.013020833333333334
0 0.232421875 0.3391927083333333 0.0029296875 0.009114583333333334
0 0.230712890625 0.3352864583333333 0.00244140625 0.0078125
0 0.212890625 0.3251953125 0.005859375 0.009765625
0 0.221923828125 0.3388671875 0.00830078125 0.021484375
0 0.22607421875 0.2822265625 0.00390625 0.007161458333333333
0 0.228271484375 0.3463541666666667 0.00439453125 0.0078125
0 0.22705078125 0.3515625 0.0078125 0.005208333333333333
0 0.214599609375 0.3098958333333333 0.00439453125 0.009114583333333334
0 0.217041015625 0.3199869791666667 0.00537109375 0.008463541666666666
0 0.222412109375 0.30078125 0.00830078125 0.01953125
0 0.22802734375 0.3069661458333333 0.00390625 0.008463541666666666
0 0.226318359375 0.2913411458333333 0.00634765625 0.011067708333333334
0 0.23046875 0.34375 0.0048828125 0.009114583333333334
0 0.232421875 0.4222005208333333 0.0048828125 0.013671875
0 0.220947265625 0.4143880208333333 0.00537109375 0.009765625
0 0.235107421875 0.4856770833333333 0.00341796875 0.013020833333333334
0 0.378662109375 0.3118489583333333 0.00244140625 0.0013020833333333333
0 0.215576171875 0.2828776041666667 0.00341796875 0.008463541666666666
0 0.21484375 0.3564453125 0.0029296875 0.009765625
0 0.226806640625 0.3655598958333333 0.00634765625 0.009765625
0 0.22998046875 0.3681640625 0.0048828125 0.008463541666666666
0 0.230224609375 0.359375 0.00439453125 0.009114583333333334
0 0.224609375 0.3587239583333333 0.00390625 0.010416666666666666
0 0.22998046875 0.3857421875 0.0048828125 0.008463541666666666
0 0.21484375 0.40625 0.005859375 0.013020833333333334
0 0.21923828125 0.3942057291666667 0.00390625 0.012369791666666666
0 0.226318359375 0.3932291666666667 0.00732421875 0.015625
0 0.233154296875 0.404296875 0.00439453125 0.01171875
0 0.217041015625 0.2734375 0.00439453125 0.009114583333333334
0 0.212158203125 0.3518880208333333 0.00244140625 0.008463541666666666
0 0.215087890625 0.3655598958333333 0.00439453125 0.009765625
0 0.217041015625 0.3766276041666667 0.00634765625 0.014973958333333334
0 0.23193359375 0.4137369791666667 0.001953125 0.004557291666666667
0 0.21484375 0.3460286458333333 0.0048828125 0.008463541666666666
0 0.232421875 0.4596354166666667 0.0029296875 0.009114583333333334
0 0.219970703125 0.3583984375 0.00439453125 0.009765625
0 0.2294921875 0.6481119791666666 0.0068359375 0.013671875
0 0.22021484375 0.4866536458333333 0.0107421875 0.016276041666666668
0 0.22021484375 0.5055338541666666 0.001953125 0.005859375
0 0.231689453125 0.5113932291666666 0.00244140625 0.005859375
0 0.23388671875 0.5159505208333334 0.001953125 0.009765625
0 0.218994140625 0.5260416666666666 0.00341796875 0.00390625
0 0.220458984375 0.5205078125 0.00341796875 0.007161458333333333
0 0.224365234375 0.5319010416666666 0.00634765625 0.01171875
0 0.219482421875 0.5442708333333334 0.00830078125 0.018229166666666668
0 0.22998046875 0.5641276041666666 0.0048828125 0.013671875
0 0.225341796875 0.578125 0.00634765625 0.015625
0 0.233154296875 0.5882161458333334 0.00439453125 0.011067708333333334
0 0.2353515625 0.4619140625 0.0029296875 0.009765625
0 0.218994140625 0.240234375 0.00439453125 0.010416666666666666
0 0.432373046875 0.7239583333333334 0.00537109375 0.014322916666666666
0 0.23193359375 0.6354166666666666 0.0048828125 0.015625
0 0.21337890625 0.4381510416666667 0.0068359375 0.016927083333333332
0 0.22412109375 0.4534505208333333 0.0087890625 0.016276041666666668
0 0.220458984375 0.4703776041666667 0.00634765625 0.012369791666666666
0 0.23193359375 0.603515625 0.005859375 0.014322916666666666
0 0.23291015625 0.662109375 0.0029296875 0.01171875
0 0.228515625 0.6656901041666666 0.005859375 0.016276041666666668
0 0.23291015625 0.6754557291666666 0.00390625 0.014973958333333334
0 0.13525390625 0.5856119791666666 0.01171875 0.020182291666666668
0 0.228271484375 0.6100260416666666 0.00341796875 0.009114583333333334
0 0.2333984375 0.4495442708333333 0.0048828125 0.013671875
0 0.148193359375 0.4091796875 0.00634765625 0.017578125
0 0.142333984375 0.4195963541666667 0.00537109375 0.009765625
0 0.140380859375 0.2962239583333333 0.00732421875 0.010416666666666666
0 0.125 0.470703125 0.0087890625 0.016927083333333332
0 0.146240234375 0.4524739583333333 0.00341796875 0.009114583333333334
0 0.14697265625 0.47265625 0.001953125 0.0078125
0 0.141845703125 0.3616536458333333 0.00341796875 0.008463541666666666
0 0.224853515625 0.5999348958333334 0.00634765625 0.013671875
0 0.21435546875 0.2633463541666667 0.0029296875 0.011067708333333334
0 0.123291015625 0.4554036458333333 0.00634765625 0.016276041666666668
