0 0.55810546875 0.5345052083333334 0.005859375 0.014322916666666666
0 0.659912109375 0.6380208333333334 0.00439453125 0.01171875
0 0.451416015625 0.6546223958333334 0.00244140625 0.004557291666666667
0 0.453125 0.6526692708333334 0.00390625 0.004557291666666667
0 0.451904296875 0.646484375 0.00341796875 0.006510416666666667
0 0.456787109375 0.642578125 0.00634765625 0.018229166666666668
0 0.417236328125 0.3987630208333333 0.00244140625 0.008463541666666666
0 0.37939453125 0.5152994791666666 0.001953125 0.011067708333333334
0 0.415283203125 0.4088541666666667 0.00537109375 0.009114583333333334
0 0.65478515625 0.6380208333333334 0.0048828125 0.015625
0 0.412109375 0.4254557291666667 0.00390625 0.009765625
0 0.560546875 0.5201822916666666 0.0048828125 0.014322916666666666
0 0.4150390625 0.4150390625 0.0048828125 0.011067708333333334
0 0.416015625 0.5091145833333334 0.0068359375 0.015625
0 0.411865234375 0.4134114583333333 0.00341796875 0.009114583333333334
0 0.46044921875 0.591796875 0.0048828125 0.015625
0 0.452392578125 0.6197916666666666 0.00537109375 0.01171875
0 0.451171875 0.6376953125 0.005859375 0.016276041666666668
0 0.465576171875 0.4130859375 0.00341796875 0.008463541666666666
