0 0.17138671875 0.3245442708333333 0.0087890625 0.017578125
0 0.1806640625 0.3805338541666667 0.00390625 0.008463541666666666
0 0.17236328125 0.3606770833333333 0.00390625 0.0078125
0 0.175048828125 0.3733723958333333 0.00341796875 0.007161458333333333
0 0.26025390625 0.4462890625 0.0068359375 0.022786458333333332
0 0.27099609375 0.4609375 0.0029296875 0.010416666666666666
0 0.36083984375 0.3460286458333333 0.0078125 0.018880208333333332
0 0.256591796875 0.4912109375 0.00341796875 0.013671875
0 0.079345703125 0.3287760416666667 0.00537109375 0.015625
0 0.16748046875 0.2884114583333333 0.0029296875 0.01171875
0 0.54638671875 0.3619791666666667 0.00390625 0.01171875
0 0.462158203125 0.3671875 0.00146484375 0.00390625
0 0.25927734375 0.4840494791666667 0.005859375 0.014973958333333334
0 0.174560546875 0.3056640625 0.00732421875 0.013671875
0 0.0849609375 0.306640625 0.0068359375 0.018229166666666668
0 0.1787109375 0.2587890625 0.0048828125 0.008463541666666666
0 0.17333984375 0.29296875 0.0087890625 0.013020833333333334
0 0.359375 0.3017578125 0.0068359375 0.014973958333333334
0 0.461181640625 0.4944661458333333 0.00537109375 0.016276041666666668
0 0.461181640625 0.3525390625 0.00146484375 0.004557291666666667
0 0.462890625 0.3525390625 0.0009765625 0.0032552083333333335
0 0.46142578125 0.3580729166666667 0.0009765625 0.00390625
0 0.356201171875 0.3326822916666667 0.00537109375 0.01953125
0 0.462890625 0.3707682291666667 0.0009765625 0.0032552083333333335
0 0.359375 0.3209635416666667 0.0087890625 0.014322916666666666
0 0.461181640625 0.3623046875 0.00048828125 0.0032552083333333335
0 0.1767578125 0.3196614583333333 0.009765625 0.018229166666666668
0 0.460693359375 0.3587239583333333 0.00146484375 0.00390625
0 0.08056640625 0.3102213541666667 0.0068359375 0.017578125
