0 0.66748046875 0.4684244791666667 0.001953125 0.009765625
0 0.109130859375 0.53125 0.01708984375 0.029947916666666668
0 0.399658203125 0.2503255208333333 0.01123046875 0.026692708333333332
0 0.39599609375 0.244140625 0.0107421875 0.028645833333333332
0 0.30517578125 0.392578125 0.005859375 0.033854166666666664
0 0.3173828125 0.19205729166666666 0.0107421875 0.02734375
0 0.320068359375 0.158203125 0.01416015625 0.040364583333333336
0 0.230224609375 0.16243489583333334 0.01416015625 0.025390625
0 0.22509765625 0.23046875 0.0107421875 0.016927083333333332
0 0.219482421875 0.2421875 0.00537109375 0.015625
0 0.2294921875 0.2555338541666667 0.0126953125 0.025390625
0 0.222412109375 0.2721354166666667 0.00927734375 0.018229166666666668
0 0.219482421875 0.2939453125 0.00830078125 0.025390625
0 0.114013671875 0.63671875 0.01318359375 0.020833333333333332
0 0.3115234375 0.3863932291666667 0.0126953125 0.031901041666666664
0 0.6689453125 0.4677734375 0.001953125 0.007161458333333333
0 0.232421875 0.19661458333333334 0.015625 0.029947916666666668
0 0.723388671875 0.6881510416666666 0.00244140625 0.009114583333333334
0 0.10009765625 0.6276041666666666 0.0146484375 0.026041666666666668
0 0.228271484375 0.22037760416666666 0.01220703125 0.009765625
0 0.7265625 0.6842447916666666 0.001953125 0.00390625
0 0.119140625 0.6227213541666666 0.0068359375 0.018880208333333332
0 0.109619140625 0.6110026041666666 0.01806640625 0.031901041666666664
0 0.115966796875 0.5074869791666666 0.00830078125 0.017578125
0 0.09814453125 0.4287109375 0.0078125 0.027994791666666668
0 0.107421875 0.4036458333333333 0.009765625 0.018229166666666668
0 0.111572265625 0.4609375 0.01123046875 0.020833333333333332
0 0.102783203125 0.5631510416666666 0.01904296875 0.041666666666666664
0 0.12158203125 0.447265625 0.0048828125 0.020833333333333332
0 0.110595703125 0.4361979166666667 0.01611328125 0.029947916666666668
0 0.1064453125 0.4274088541666667 0.013671875 0.025390625
0 0.099853515625 0.4059244791666667 0.00634765625 0.014973958333333334
0 0.120361328125 0.423828125 0.00634765625 0.018229166666666668
0 0.107666015625 0.4899088541666667 0.01708984375 0.024088541666666668
0 0.1044921875 0.6526692708333334 0.0224609375 0.029296875
0 0.228271484375 0.3209635416666667 0.01318359375 0.036458333333333336
