0 0.697509765625 0.3919270833333333 0.00341796875 0.006510416666666667
0 0.212646484375 0.3470052083333333 0.00341796875 0.00390625
0 0.215087890625 0.3401692708333333 0.00244140625 0.005859375
0 0.211669921875 0.3382161458333333 0.00341796875 0.004557291666666667
0 0.050048828125 0.3385416666666667 0.00244140625 0.006510416666666667
0 0.65625 0.3053385416666667 0.00390625 0.010416666666666666
0 0.653076171875 0.3024088541666667 0.00439453125 0.013671875
0 0.55712890625 0.244140625 0.0068359375 0.01953125
0 0.55078125 0.2770182291666667 0.0078125 0.014973958333333334
0 0.558349609375 0.2747395833333333 0.00537109375 0.014322916666666666
0 0.5576171875 0.28515625 0.0078125 0.015625
0 0.591552734375 0.2294921875 0.00927734375 0.014973958333333334
0 0.5927734375 0.240234375 0.00390625 0.0078125
0 0.579345703125 0.244140625 0.00537109375 0.015625
0 0.595458984375 0.24446614583333334 0.00341796875 0.012369791666666666
0 0.58740234375 0.2561848958333333 0.0078125 0.014973958333333334
0 0.213623046875 0.2975260416666667 0.00244140625 0.0078125
0 0.593994140625 0.2578125 0.00537109375 0.01171875
0 0.252197265625 0.2903645833333333 0.00439453125 0.009114583333333334
0 0.303466796875 0.3815104166666667 0.00439453125 0.01171875
0 0.212890625 0.3291015625 0.0048828125 0.013671875
0 0.20947265625 0.32421875 0.005859375 0.015625
0 0.20947265625 0.2906901041666667 0.0048828125 0.016276041666666668
0 0.1474609375 0.3772786458333333 0.0078125 0.016276041666666668
0 0.0595703125 0.4091796875 0.0068359375 0.009765625
0 0.062255859375 0.4225260416666667 0.00634765625 0.01171875
0 0.060546875 0.4306640625 0.0068359375 0.014973958333333334
0 0.648193359375 0.3095703125 0.00634765625 0.014973958333333334
0 0.30908203125 0.400390625 0.0068359375 0.016927083333333332
0 0.208984375 0.3404947916666667 0.0048828125 0.01171875
0 0.683837890625 0.291015625 0.00439453125 0.015625
0 0.286865234375 0.2333984375 0.00341796875 0.008463541666666666
0 0.331298828125 0.2421875 0.00634765625 0.0078125
0 0.335693359375 0.287109375 0.00244140625 0.005208333333333333
0 0.342529296875 0.3528645833333333 0.00146484375 0.005208333333333333
0 0.3056640625 0.3837890625 0.0029296875 0.009765625
0 0.59130859375 0.265625 0.0078125 0.009114583333333334
0 0.54931640625 0.2952473958333333 0.005859375 0.014973958333333334
0 0.591796875 0.31640625 0.00390625 0.01171875
0 0.344970703125 0.3681640625 0.00439453125 0.008463541666666666
0 0.333251953125 0.28125 0.00439453125 0.01171875
0 0.38916015625 0.29296875 0.00390625 0.0078125
0 0.39111328125 0.3154296875 0.00390625 0.005859375
0 0.58544921875 0.2721354166666667 0.0048828125 0.01171875
0 0.791259765625 0.3128255208333333 0.00732421875 0.013671875
0 0.6015625 0.3059895833333333 0.005859375 0.015625
0 0.505615234375 0.2861328125 0.00537109375 0.012369791666666666
0 0.55419921875 0.3434244791666667 0.00390625 0.008463541666666666
0 0.41259765625 0.279296875 0.00390625 0.01171875
0 0.506103515625 0.2679036458333333 0.00537109375 0.013671875
0 0.5029296875 0.2591145833333333 0.00390625 0.009114583333333334
0 0.504150390625 0.24869791666666666 0.00537109375 0.013020833333333334
0 0.6826171875 0.2594401041666667 0.005859375 0.014973958333333334
0 0.68017578125 0.255859375 0.001953125 0.005208333333333333
0 0.2900390625 0.244140625 0.0048828125 0.010416666666666666
0 0.30810546875 0.3326822916666667 0.00390625 0.016927083333333332
0 0.69873046875 0.4010416666666667 0.00390625 0.009114583333333334
0 0.30029296875 0.3382161458333333 0.0087890625 0.013671875
0 0.302978515625 0.3294270833333333 0.00830078125 0.018229166666666668
0 0.687744140625 0.2932942708333333 0.00439453125 0.020182291666666668
0 0.694091796875 0.28125 0.00341796875 0.014322916666666666
0 0.212646484375 0.3570963541666667 0.00732421875 0.013671875
0 0.685546875 0.2757161458333333 0.00390625 0.011067708333333334
0 0.209228515625 0.3522135416666667 0.00537109375 0.013020833333333334
0 0.251220703125 0.2799479166666667 0.00634765625 0.014322916666666666
0 0.653564453125 0.3538411458333333 0.00927734375 0.016276041666666668
0 0.259033203125 0.3356119791666667 0.00341796875 0.011067708333333334
0 0.2939453125 0.3824869791666667 0.0048828125 0.011067708333333334
0 0.29736328125 0.40234375 0.005859375 0.015625
0 0.65625 0.3212890625 0.005859375 0.013671875
0 0.31005859375 0.3844401041666667 0.0048828125 0.014973958333333334
0 0.298583984375 0.3483072916666667 0.00634765625 0.013020833333333334
0 0.303955078125 0.3453776041666667 0.00634765625 0.014973958333333334
0 0.243896484375 0.3274739583333333 0.00439453125 0.013020833333333334
