0 0.5166015625 0.3658854166666667 0.0048828125 0.009114583333333334
0 0.52490234375 0.3606770833333333 0.001953125 0.006510416666666667
0 0.517333984375 0.4430338541666667 0.00439453125 0.011067708333333334
0 0.600341796875 0.4905598958333333 0.00732421875 0.020182291666666668
0 0.507568359375 0.4326171875 0.00537109375 0.020182291666666668
0 0.508056640625 0.4215494791666667 0.00537109375 0.014973958333333334
0 0.603759765625 0.5309244791666666 0.01025390625 0.024088541666666668
0 0.596923828125 0.5162760416666666 0.00537109375 0.0234375
0 0.419189453125 0.4313151041666667 0.00732421875 0.016276041666666668
0 0.51513671875 0.357421875 0.0029296875 0.006510416666666667
0 0.51123046875 0.4427083333333333 0.0068359375 0.018229166666666668
0 0.530029296875 0.3128255208333333 0.00244140625 0.008463541666666666
0 0.681396484375 0.6028645833333334 0.00439453125 0.010416666666666666
0 0.5244140625 0.3466796875 0.00390625 0.009765625
0 0.40087890625 0.5953776041666666 0.0009765625 0.004557291666666667
0 0.514892578125 0.4287109375 0.00830078125 0.020182291666666668
0 0.60693359375 0.4000651041666667 0.0078125 0.021484375
0 0.6103515625 0.5123697916666666 0.00390625 0.020833333333333332
0 0.68115234375 0.6279296875 0.00390625 0.008463541666666666
0 0.609619140625 0.3216145833333333 0.00439453125 0.009114583333333334
0 0.421875 0.4466145833333333 0.0087890625 0.015625
0 0.673095703125 0.6207682291666666 0.00439453125 0.011067708333333334
0 0.606201171875 0.4241536458333333 0.00439453125 0.005859375
0 0.6044921875 0.505859375 0.0078125 0.020833333333333332
0 0.528564453125 0.3229166666666667 0.00244140625 0.0078125
0 0.421142578125 0.4563802083333333 0.00634765625 0.009114583333333334
0 0.323974609375 0.5517578125 0.00341796875 0.011067708333333334
0 0.419189453125 0.41015625 0.00732421875 0.018229166666666668
0 0.41455078125 0.5107421875 0.0029296875 0.007161458333333333
0 0.4306640625 0.4195963541666667 0.001953125 0.016276041666666668
0 0.33984375 0.4944661458333333 0.005859375 0.017578125
0 0.32666015625 0.5192057291666666 0.0068359375 0.017578125
0 0.336181640625 0.5172526041666666 0.00830078125 0.013671875
0 0.323486328125 0.5289713541666666 0.00341796875 0.009765625
0 0.327392578125 0.4957682291666667 0.00341796875 0.008463541666666666
0 0.33203125 0.4694010416666667 0.00390625 0.009114583333333334
0 0.338623046875 0.458984375 0.00146484375 0.00390625
0 0.338134765625 0.4638671875 0.00146484375 0.0032552083333333335
0 0.337646484375 0.4397786458333333 0.00146484375 0.004557291666666667
0 0.33544921875 0.4358723958333333 0.0009765625 0.001953125
0 0.33642578125 0.529296875 0.0068359375 0.01171875
0 0.232421875 0.6953125 0.005859375 0.014322916666666666
0 0.33642578125 0.5517578125 0.0068359375 0.020182291666666668
0 0.2451171875 0.3792317708333333 0.005859375 0.016276041666666668
0 0.254150390625 0.3919270833333333 0.00146484375 0.010416666666666666
0 0.24169921875 0.416015625 0.0078125 0.015625
0 0.240478515625 0.4352213541666667 0.01025390625 0.018880208333333332
0 0.254150390625 0.4143880208333333 0.00244140625 0.009765625
0 0.426513671875 0.3277994791666667 0.00732421875 0.017578125
0 0.23388671875 0.4365234375 0.0029296875 0.014973958333333334
0 0.23779296875 0.4488932291666667 0.0048828125 0.012369791666666666
0 0.238037109375 0.4615885416666667 0.00439453125 0.01171875
0 0.240478515625 0.5315755208333334 0.00634765625 0.013671875
