0 0.51953125 0.4241536458333333 0.005859375 0.013671875
0 0.520263671875 0.4407552083333333 0.00537109375 0.014322916666666666
0 0.52294921875 0.4352213541666667 0.005859375 0.005859375
0 0.51708984375 0.4016927083333333 0.005859375 0.01953125
0 0.52099609375 0.4085286458333333 0.0068359375 0.014973958333333334
0 0.586181640625 0.3821614583333333 0.00146484375 0.005208333333333333
0 0.565673828125 0.4479166666666667 0.00537109375 0.01171875
0 0.572998046875 0.6673177083333334 0.00439453125 0.020833333333333332
0 0.502685546875 0.6022135416666666 0.00146484375 0.005208333333333333
0 0.560546875 0.6725260416666666 0.00390625 0.013020833333333334
0 0.500732421875 0.6009114583333334 0.00146484375 0.005208333333333333
0 0.5224609375 0.3893229166666667 0.0048828125 0.018229166666666668
0 0.501708984375 0.6067708333333334 0.00146484375 0.005208333333333333
0 0.494384765625 0.4563802083333333 0.00927734375 0.01171875
0 0.50439453125 0.6015625 0.001953125 0.005208333333333333
0 0.49365234375 0.40625 0.0078125 0.01171875
0 0.50244140625 0.5950520833333334 0.0029296875 0.006510416666666667
0 0.466796875 0.5651041666666666 0.01171875 0.01953125
0 0.463623046875 0.5533854166666666 0.00732421875 0.016927083333333332
0 0.468994140625 0.5348307291666666 0.00732421875 0.016276041666666668
0 0.46044921875 0.5133463541666666 0.005859375 0.013671875
0 0.468017578125 0.5501302083333334 0.00537109375 0.010416666666666666
0 0.4951171875 0.4195963541666667 0.0087890625 0.014973958333333334
0 0.4931640625 0.4453125 0.009765625 0.013020833333333334
0 0.493896484375 0.462890625 0.00439453125 0.005208333333333333
0 0.494140625 0.4775390625 0.0087890625 0.020182291666666668
0 0.5205078125 0.3636067708333333 0.005859375 0.014973958333333334
