0 0.59130859375 0.4947916666666667 0.0048828125 0.01171875
0 0.291015625 0.7819010416666666 0.0048828125 0.018229166666666668
0 0.2998046875 0.7770182291666666 0.005859375 0.005859375
0 0.288330078125 0.810546875 0.00244140625 0.0078125
0 0.297119140625 0.7845052083333334 0.00341796875 0.006510416666666667
0 0.511474609375 0.6731770833333334 0.00439453125 0.013020833333333334
0 0.2998046875 0.5784505208333334 0.0029296875 0.009765625
0 0.598388671875 0.5009765625 0.00732421875 0.017578125
0 0.30029296875 0.7897135416666666 0.00390625 0.010416666666666666
0 0.67626953125 0.5458984375 0.009765625 0.013671875
0 0.4892578125 0.8011067708333334 0.005859375 0.012369791666666666
0 0.5966796875 0.6529947916666666 0.00390625 0.015625
0 0.612548828125 0.3815104166666667 0.00341796875 0.018229166666666668
0 0.607177734375 0.4430338541666667 0.00439453125 0.007161458333333333
0 0.610107421875 0.4345703125 0.00244140625 0.014973958333333334
0 0.6064453125 0.4505208333333333 0.0078125 0.01171875
0 0.59326171875 0.4817708333333333 0.00390625 0.014322916666666666
0 0.59814453125 0.4794921875 0.0078125 0.020182291666666668
0 0.498046875 0.7333984375 0.0048828125 0.013671875
0 0.49169921875 0.7776692708333334 0.005859375 0.011067708333333334
0 0.677978515625 0.5289713541666666 0.00732421875 0.018880208333333332
0 0.49462890625 0.7529296875 0.0048828125 0.018880208333333332
0 0.28955078125 0.7522786458333334 0.0029296875 0.014973958333333334
0 0.302001953125 0.6956380208333334 0.00634765625 0.018880208333333332
0 0.213623046875 0.5113932291666666 0.00439453125 0.012369791666666666
0 0.5048828125 0.6328125 0.005859375 0.020833333333333332
0 0.5048828125 0.6829427083333334 0.0078125 0.018229166666666668
0 0.60693359375 0.4352213541666667 0.00390625 0.009765625
0 0.48388671875 0.4765625 0.0087890625 0.02734375
0 0.470458984375 0.6585286458333334 0.00439453125 0.013671875
0 0.464599609375 0.6559244791666666 0.00830078125 0.020182291666666668
0 0.428466796875 0.2981770833333333 0.01025390625 0.022135416666666668
0 0.319580078125 0.3160807291666667 0.00439453125 0.013671875
0 0.334716796875 0.3580729166666667 0.00537109375 0.013020833333333334
0 0.3251953125 0.3444010416666667 0.0068359375 0.015625
0 0.328125 0.4085286458333333 0.0068359375 0.012369791666666666
0 0.33740234375 0.3121744791666667 0.0078125 0.013671875
0 0.292236328125 0.8134765625 0.00634765625 0.009765625
0 0.298828125 0.560546875 0.0048828125 0.020833333333333332
0 0.212646484375 0.5413411458333334 0.00634765625 0.014973958333333334
0 0.220947265625 0.5126953125 0.00732421875 0.016276041666666668
0 0.222900390625 0.4983723958333333 0.00927734375 0.014973958333333334
0 0.218505859375 0.48828125 0.00634765625 0.014322916666666666
0 0.2197265625 0.4749348958333333 0.0068359375 0.009765625
0 0.219970703125 0.46484375 0.00439453125 0.009114583333333334
0 0.22412109375 0.4391276041666667 0.0068359375 0.016276041666666668
0 0.2939453125 0.8557942708333334 0.005859375 0.011067708333333334
0 0.2236328125 0.4254557291666667 0.0048828125 0.007161458333333333
