0 0.75830078125 0.669921875 0.0029296875 0.010416666666666666
0 0.46044921875 0.4046223958333333 0.0048828125 0.007161458333333333
0 0.464111328125 0.4147135416666667 0.00537109375 0.015625
0 0.460205078125 0.4153645833333333 0.00244140625 0.015625
0 0.4658203125 0.453125 0.005859375 0.01171875
0 0.7529296875 0.6927083333333334 0.0068359375 0.015625
0 0.758056640625 0.6494140625 0.00244140625 0.007161458333333333
0 0.47314453125 0.4007161458333333 0.0068359375 0.009765625
0 0.66015625 0.4111328125 0.0029296875 0.007161458333333333
0 0.530517578125 0.3951822916666667 0.00439453125 0.01171875
0 0.751220703125 0.6015625 0.00537109375 0.01171875
0 0.746826171875 0.5895182291666666 0.00537109375 0.009765625
0 0.53466796875 0.435546875 0.0078125 0.013020833333333334
0 0.397705078125 0.4576822916666667 0.00146484375 0.005208333333333333
0 0.53076171875 0.4075520833333333 0.00390625 0.0078125
0 0.469482421875 0.4488932291666667 0.00634765625 0.009765625
0 0.530029296875 0.3606770833333333 0.00537109375 0.014322916666666666
0 0.410400390625 0.5696614583333334 0.00537109375 0.014322916666666666
0 0.75537109375 0.6608072916666666 0.0078125 0.01171875
0 0.3994140625 0.517578125 0.0009765625 0.005208333333333333
0 0.53271484375 0.4212239583333333 0.0068359375 0.026041666666666668
0 0.528564453125 0.3427734375 0.00439453125 0.014973958333333334
0 0.52734375 0.3268229166666667 0.001953125 0.013020833333333334
0 0.539794921875 0.4261067708333333 0.00927734375 0.018880208333333332
0 0.53662109375 0.4049479166666667 0.0068359375 0.015625
0 0.543701171875 0.341796875 0.01416015625 0.022135416666666668
0 0.547119140625 0.4127604166666667 0.01123046875 0.020833333333333332
0 0.556640625 0.4098307291666667 0.0078125 0.021484375
0 0.54541015625 0.3942057291666667 0.01171875 0.020182291666666668
0 0.554931640625 0.3876953125 0.00830078125 0.021484375
0 0.75146484375 0.5823567708333334 0.0068359375 0.013671875
0 0.72900390625 0.3932291666666667 0.0068359375 0.028645833333333332
0 0.55712890625 0.3681640625 0.005859375 0.014973958333333334
0 0.55126953125 0.3655598958333333 0.01171875 0.025390625
0 0.542724609375 0.3681640625 0.01318359375 0.031901041666666664
0 0.64599609375 0.4827473958333333 0.0087890625 0.016276041666666668
0 0.64208984375 0.3623046875 0.0107421875 0.020182291666666668
0 0.65478515625 0.3362630208333333 0.005859375 0.018880208333333332
0 0.753662109375 0.408203125 0.00537109375 0.022135416666666668
0 0.55517578125 0.427734375 0.0087890625 0.018229166666666668
0 0.558837890625 0.3522135416666667 0.00341796875 0.01953125
0 0.47265625 0.5221354166666666 0.001953125 0.006510416666666667
0 0.641845703125 0.3408203125 0.00634765625 0.012369791666666666
0 0.46923828125 0.5390625 0.0029296875 0.005208333333333333
0 0.75146484375 0.3815104166666667 0.0078125 0.016927083333333332
0 0.751953125 0.3645833333333333 0.0068359375 0.015625
0 0.462890625 0.4664713541666667 0.0029296875 0.008463541666666666
0 0.41552734375 0.5690104166666666 0.00390625 0.010416666666666666
0 0.7412109375 0.3564453125 0.0068359375 0.020182291666666668
0 0.75048828125 0.3291015625 0.005859375 0.021484375
0 0.640380859375 0.2763671875 0.00830078125 0.016276041666666668
0 0.64208984375 0.2591145833333333 0.0087890625 0.01953125
0 0.63037109375 0.28515625 0.005859375 0.016927083333333332
0 0.628173828125 0.30078125 0.00537109375 0.018229166666666668
0 0.6494140625 0.2962239583333333 0.0087890625 0.02734375
0 0.642333984375 0.314453125 0.00732421875 0.018229166666666668
0 0.6533203125 0.318359375 0.00390625 0.014322916666666666
0 0.648681640625 0.3372395833333333 0.00537109375 0.013020833333333334
0 0.629638671875 0.3206380208333333 0.00634765625 0.020182291666666668
0 0.470947265625 0.5465494791666666 0.00341796875 0.008463541666666666
0 0.41748046875 0.5774739583333334 0.00390625 0.010416666666666666
0 0.7451171875 0.3990885416666667 0.0107421875 0.028645833333333332
0 0.757080078125 0.5553385416666666 0.00244140625 0.014322916666666666
0 0.410888671875 0.5455729166666666 0.00732421875 0.015625
0 0.72802734375 0.5423177083333334 0.00390625 0.013020833333333334
0 0.75244140625 0.5611979166666666 0.0068359375 0.013020833333333334
0 0.46923828125 0.4996744791666667 0.0029296875 0.005859375
0 0.470947265625 0.509765625 0.00537109375 0.01171875
0 0.473388671875 0.4983723958333333 0.00439453125 0.011067708333333334
0 0.475341796875 0.4677734375 0.00537109375 0.004557291666666667
0 0.469970703125 0.4833984375 0.00146484375 0.004557291666666667
0 0.3984375 0.4833984375 0.0009765625 0.0032552083333333335
0 0.396484375 0.4508463541666667 0.0009765625 0.0032552083333333335
0 0.476318359375 0.4573567708333333 0.00537109375 0.012369791666666666
0 0.481689453125 0.5185546875 0.00146484375 0.005859375
0 0.734130859375 0.3880208333333333 0.00732421875 0.018229166666666668
0 0.732421875 0.455078125 0.0087890625 0.024739583333333332
0 0.746826171875 0.4827473958333333 0.00927734375 0.020182291666666668
0 0.531494140625 0.4417317708333333 0.00244140625 0.016276041666666668
0 0.7294921875 0.4931640625 0.0078125 0.020182291666666668
0 0.731689453125 0.5149739583333334 0.00927734375 0.020833333333333332
0 0.7255859375 0.5166015625 0.001953125 0.013671875
0 0.750732421875 0.3544921875 0.00927734375 0.017578125
0 0.72802734375 0.529296875 0.005859375 0.014322916666666666
