0 0.522705078125 0.3147786458333333 0.00830078125 0.020182291666666668
0 0.362548828125 0.478515625 0.00830078125 0.013020833333333334
0 0.359375 0.5719401041666666 0.0107421875 0.026692708333333332
0 0.427490234375 0.5970052083333334 0.00439453125 0.02734375
0 0.529296875 0.2763671875 0.0078125 0.017578125
0 0.432861328125 0.5325520833333334 0.00146484375 0.005208333333333333
0 0.435546875 0.5325520833333334 0.0009765625 0.00390625
0 0.434326171875 0.533203125 0.00146484375 0.00390625
0 0.27783203125 0.681640625 0.0068359375 0.014322916666666666
0 0.427978515625 0.5660807291666666 0.00439453125 0.026692708333333332
0 0.283935546875 0.6751302083333334 0.00537109375 0.016927083333333332
0 0.515869140625 0.24088541666666666 0.00439453125 0.014322916666666666
0 0.294189453125 0.19856770833333334 0.00830078125 0.010416666666666666
0 0.283203125 0.4680989583333333 0.0068359375 0.015625
0 0.28271484375 0.5426432291666666 0.0087890625 0.017578125
0 0.523193359375 0.24772135416666666 0.00830078125 0.020182291666666668
0 0.522216796875 0.2939453125 0.00927734375 0.017578125
0 0.51806640625 0.2535807291666667 0.0048828125 0.011067708333333334
0 0.522705078125 0.337890625 0.00732421875 0.009114583333333334
0 0.53759765625 0.4443359375 0.0029296875 0.012369791666666666
0 0.53125 0.4925130208333333 0.0068359375 0.012369791666666666
0 0.52880859375 0.2900390625 0.0087890625 0.013671875
0 0.52685546875 0.2581380208333333 0.0048828125 0.008463541666666666
0 0.28369140625 0.6529947916666666 0.0087890625 0.018229166666666668
0 0.529541015625 0.3059895833333333 0.00537109375 0.016927083333333332
0 0.43359375 0.3623046875 0.005859375 0.013671875
0 0.539794921875 0.6383463541666666 0.00244140625 0.011067708333333334
0 0.4404296875 0.4205729166666667 0.0048828125 0.013020833333333334
0 0.439697265625 0.4527994791666667 0.00439453125 0.007161458333333333
0 0.277099609375 0.7233072916666666 0.01025390625 0.0234375
0 0.525146484375 0.2705078125 0.00634765625 0.014973958333333334
0 0.519775390625 0.3294270833333333 0.00634765625 0.013020833333333334
0 0.63232421875 0.2978515625 0.0048828125 0.014973958333333334
0 0.631103515625 0.3365885416666667 0.00537109375 0.013020833333333334
0 0.625 0.3522135416666667 0.0068359375 0.015625
0 0.534423828125 0.33203125 0.00439453125 0.009114583333333334
0 0.532958984375 0.6097005208333334 0.00732421875 0.009765625
0 0.3662109375 0.505859375 0.0029296875 0.009114583333333334
0 0.519287109375 0.2724609375 0.00537109375 0.021484375
0 0.2861328125 0.6302083333333334 0.0048828125 0.015625
0 0.52490234375 0.6155598958333334 0.0029296875 0.008463541666666666
0 0.52783203125 0.56640625 0.0048828125 0.006510416666666667
0 0.277099609375 0.4651692708333333 0.00341796875 0.014973958333333334
0 0.295654296875 0.24348958333333334 0.00634765625 0.015625
0 0.2685546875 0.7529296875 0.0087890625 0.013671875
0 0.2705078125 0.7024739583333334 0.0078125 0.016927083333333332
0 0.43505859375 0.4059244791666667 0.0078125 0.022786458333333332
0 0.43115234375 0.3424479166666667 0.0029296875 0.015625
0 0.439697265625 0.2708333333333333 0.00341796875 0.01171875
0 0.363037109375 0.6305338541666666 0.00146484375 0.014973958333333334
