0 0.662841796875 0.19889322916666666 0.01416015625 0.029296875
0 0.69091796875 0.2294921875 0.015625 0.031901041666666664
0 0.674560546875 0.18098958333333334 0.01416015625 0.033854166666666664
0 0.845947265625 0.4781901041666667 0.01123046875 0.029296875
0 0.667236328125 0.4016927083333333 0.00927734375 0.018229166666666668
0 0.57373046875 0.6315104166666666 0.0166015625 0.024739583333333332
0 0.57275390625 0.59375 0.0185546875 0.03515625
0 0.583251953125 0.4788411458333333 0.00732421875 0.034505208333333336
0 0.315185546875 0.5416666666666666 0.01806640625 0.0390625
0 0.8583984375 0.4934895833333333 0.0068359375 0.028645833333333332
0 0.573486328125 0.2805989583333333 0.00634765625 0.018229166666666668
0 0.82275390625 0.3912760416666667 0.0166015625 0.029947916666666668
0 0.4619140625 0.3792317708333333 0.0126953125 0.039713541666666664
0 0.45947265625 0.4368489583333333 0.0166015625 0.036458333333333336
0 0.310302734375 0.7135416666666666 0.01611328125 0.033854166666666664
0 0.663330078125 0.14322916666666666 0.01220703125 0.026041666666666668
0 0.701171875 0.4397786458333333 0.0087890625 0.021484375
0 0.6708984375 0.2529296875 0.0146484375 0.031901041666666664
0 0.83642578125 0.6591796875 0.0224609375 0.055338541666666664
0 0.69091796875 0.2740885416666667 0.0166015625 0.028645833333333332
0 0.300048828125 0.7154947916666666 0.01220703125 0.0390625
0 0.8388671875 0.5680338541666666 0.0185546875 0.048828125
0 0.81494140625 0.4710286458333333 0.01171875 0.035807291666666664
0 0.8203125 0.4791666666666667 0.0068359375 0.009114583333333334
0 0.8125 0.4970703125 0.005859375 0.013671875
0 0.65625 0.103515625 0.0068359375 0.020833333333333332
0 0.684814453125 0.2099609375 0.02001953125 0.038411458333333336
0 0.695068359375 0.5244140625 0.00927734375 0.024088541666666668
0 0.70361328125 0.5227864583333334 0.0078125 0.026041666666666668
0 0.66943359375 0.4755859375 0.01171875 0.021484375
0 0.6669921875 0.4241536458333333 0.00390625 0.012369791666666666
0 0.675537109375 0.4518229166666667 0.01513671875 0.03515625
0 0.7001953125 0.4169921875 0.009765625 0.034505208333333336
0 0.698486328125 0.8313802083333334 0.01318359375 0.020833333333333332
0 0.69677734375 0.8014322916666666 0.0185546875 0.044270833333333336
0 0.56689453125 0.6123046875 0.0087890625 0.022786458333333332
0 0.69580078125 0.3297526041666667 0.009765625 0.034505208333333336
0 0.69384765625 0.2962239583333333 0.013671875 0.036458333333333336
0 0.31298828125 0.6904296875 0.013671875 0.027994791666666668
0 0.67138671875 0.5725911458333334 0.009765625 0.025390625
0 0.314208984375 0.583984375 0.02099609375 0.049479166666666664
0 0.856201171875 0.1611328125 0.00537109375 0.027994791666666668
0 0.81005859375 0.008463541666666666 0.0087890625 0.016927083333333332
0 0.8046875 0.095703125 0.0048828125 0.015625
0 0.8037109375 0.1162109375 0.005859375 0.022786458333333332
0 0.325927734375 0.63671875 0.02294921875 0.028645833333333332
0 0.5537109375 0.17805989583333334 0.0029296875 0.011067708333333334
0 0.333740234375 0.65234375 0.00927734375 0.028645833333333332
0 0.28564453125 0.6201171875 0.0078125 0.029296875
0 0.286376953125 0.6383463541666666 0.00537109375 0.013671875
0 0.69384765625 0.673828125 0.0078125 0.01953125
0 0.6982421875 0.6611328125 0.0048828125 0.011067708333333334
0 0.694091796875 0.8629557291666666 0.00634765625 0.009765625
0 0.859619140625 0.4039713541666667 0.00537109375 0.022786458333333332
0 0.8603515625 0.4651692708333333 0.0048828125 0.025390625
0 0.86181640625 0.5774739583333334 0.0029296875 0.0234375
0 0.80712890625 0.240234375 0.0048828125 0.020833333333333332
0 0.32568359375 0.6764322916666666 0.0185546875 0.03125
0 0.84814453125 0.1943359375 0.009765625 0.026692708333333332
0 0.848876953125 0.16959635416666666 0.00927734375 0.025390625
0 0.823974609375 0.059895833333333336 0.01220703125 0.02734375
0 0.8466796875 0.3421223958333333 0.015625 0.031901041666666664
0 0.295654296875 0.5615234375 0.02490234375 0.038411458333333336
0 0.32958984375 0.5563151041666666 0.0107421875 0.030598958333333332
0 0.2919921875 0.5279947916666666 0.0146484375 0.026041666666666668
0 0.5712890625 0.21419270833333334 0.005859375 0.014322916666666666
0 0.300537109375 0.5065104166666666 0.02001953125 0.036458333333333336
0 0.684814453125 0.5618489583333334 0.02099609375 0.040364583333333336
0 0.68701171875 0.7496744791666666 0.017578125 0.031901041666666664
0 0.6884765625 0.7249348958333334 0.009765625 0.021484375
0 0.677978515625 0.6953125 0.01220703125 0.03515625
0 0.67822265625 0.7685546875 0.0107421875 0.034505208333333336
0 0.701904296875 0.6419270833333334 0.01220703125 0.033854166666666664
0 0.70068359375 0.6129557291666666 0.0107421875 0.026692708333333332
0 0.70166015625 0.5764973958333334 0.009765625 0.033203125
0 0.4638671875 0.41015625 0.0048828125 0.015625
0 0.576171875 0.3046875 0.0107421875 0.029947916666666668
0 0.84765625 0.3141276041666667 0.0126953125 0.027994791666666668
0 0.8515625 0.2662760416666667 0.0078125 0.02734375
0 0.683837890625 0.6751302083333334 0.01513671875 0.033854166666666664
