0 0.24072265625 0.2835286458333333 0.001953125 0.005859375
0 0.53564453125 0.6302083333333334 0.0048828125 0.010416666666666666
0 0.625244140625 0.7330729166666666 0.00439453125 0.010416666666666666
0 0.230224609375 0.24837239583333334 0.00439453125 0.009765625
0 0.373046875 0.326171875 0.0048828125 0.016927083333333332
0 0.250732421875 0.2779947916666667 0.00244140625 0.01171875
0 0.604248046875 0.4326171875 0.00634765625 0.014973958333333334
0 0.609130859375 0.5052083333333334 0.00439453125 0.009114583333333334
0 0.6005859375 0.5751953125 0.0048828125 0.007161458333333333
0 0.61328125 0.529296875 0.0029296875 0.006510416666666667
0 0.610107421875 0.5390625 0.00537109375 0.014322916666666666
0 0.5234375 0.5553385416666666 0.005859375 0.013020833333333334
0 0.37060546875 0.5182291666666666 0.0068359375 0.015625
0 0.160400390625 0.068359375 0.00244140625 0.010416666666666666
0 0.38037109375 0.3854166666666667 0.0048828125 0.013020833333333334
0 0.527587890625 0.5100911458333334 0.00341796875 0.004557291666666667
0 0.52880859375 0.5198567708333334 0.005859375 0.008463541666666666
0 0.531494140625 0.578125 0.00439453125 0.009114583333333334
0 0.53857421875 0.6090494791666666 0.001953125 0.007161458333333333
0 0.60791015625 0.4915364583333333 0.0087890625 0.013020833333333334
0 0.240478515625 0.2431640625 0.00341796875 0.007161458333333333
0 0.240966796875 0.11783854166666667 0.00732421875 0.014322916666666666
0 0.232666015625 0.14290364583333334 0.00146484375 0.005859375
0 0.245849609375 0.154296875 0.00244140625 0.010416666666666666
0 0.243408203125 0.1669921875 0.00537109375 0.008463541666666666
0 0.23828125 0.16373697916666666 0.0029296875 0.004557291666666667
0 0.24365234375 0.17936197916666666 0.0048828125 0.008463541666666666
0 0.245361328125 0.8349609375 0.00634765625 0.009765625
0 0.53125 0.5543619791666666 0.005859375 0.009765625
0 0.247802734375 0.3984375 0.00439453125 0.006510416666666667
0 0.613037109375 0.6158854166666666 0.00634765625 0.01171875
0 0.248046875 0.3743489583333333 0.0048828125 0.014322916666666666
0 0.2294921875 0.205078125 0.001953125 0.006510416666666667
0 0.358642578125 0.341796875 0.00439453125 0.014322916666666666
0 0.600341796875 0.4440104166666667 0.00634765625 0.01171875
0 0.59521484375 0.5061848958333334 0.0048828125 0.011067708333333334
0 0.597900390625 0.5403645833333334 0.00439453125 0.01171875
0 0.61767578125 0.5498046875 0.0029296875 0.008463541666666666
0 0.614501953125 0.4801432291666667 0.00634765625 0.014973958333333334
0 0.615966796875 0.5611979166666666 0.00634765625 0.010416666666666666
0 0.616943359375 0.4602864583333333 0.00634765625 0.016927083333333332
0 0.5947265625 0.45703125 0.005859375 0.013020833333333334
0 0.35888671875 0.3235677083333333 0.0068359375 0.01953125
0 0.241943359375 0.15592447916666666 0.00537109375 0.012369791666666666
0 0.37255859375 0.3453776041666667 0.0078125 0.012369791666666666
0 0.378662109375 0.3444010416666667 0.00439453125 0.014322916666666666
0 0.372802734375 0.3577473958333333 0.00634765625 0.012369791666666666
0 0.23291015625 0.16080729166666666 0.00390625 0.01171875
0 0.378662109375 0.3583984375 0.00634765625 0.014973958333333334
0 0.375 0.37109375 0.0078125 0.013020833333333334
0 0.2490234375 0.31640625 0.005859375 0.01171875
0 0.165283203125 0.4915364583333333 0.00439453125 0.020833333333333332
0 0.240234375 0.17447916666666666 0.0048828125 0.01171875
0 0.596435546875 0.5618489583333334 0.00341796875 0.010416666666666666
0 0.530517578125 0.5423177083333334 0.00341796875 0.005208333333333333
0 0.61572265625 0.5953776041666666 0.005859375 0.011067708333333334
0 0.241455078125 0.8531901041666666 0.00537109375 0.009765625
0 0.240234375 0.3121744791666667 0.009765625 0.011067708333333334
0 0.2314453125 0.3098958333333333 0.00390625 0.0026041666666666665
0 0.237060546875 0.3404947916666667 0.00341796875 0.01171875
0 0.230712890625 0.3359375 0.00732421875 0.0078125
0 0.247314453125 0.4075520833333333 0.00634765625 0.013020833333333334
0 0.3837890625 0.3642578125 0.0048828125 0.018880208333333332
0 0.141357421875 0.7529296875 0.00439453125 0.011067708333333334
0 0.3798828125 0.4013671875 0.0048828125 0.013671875
0 0.362060546875 0.4261067708333333 0.01025390625 0.031901041666666664
0 0.374267578125 0.4248046875 0.01025390625 0.026692708333333332
0 0.38671875 0.455078125 0.00390625 0.01953125
0 0.136962890625 0.537109375 0.00537109375 0.014322916666666666
0 0.302001953125 0.43359375 0.00537109375 0.009114583333333334
0 0.150390625 0.6236979166666666 0.0068359375 0.013020833333333334
0 0.159423828125 0.6285807291666666 0.00537109375 0.016276041666666668
0 0.14111328125 0.6328125 0.0068359375 0.014322916666666666
0 0.155029296875 0.6539713541666666 0.00830078125 0.016276041666666668
0 0.146728515625 0.6461588541666666 0.00732421875 0.012369791666666666
0 0.14306640625 0.6572265625 0.0078125 0.014973958333333334
0 0.135009765625 0.669921875 0.00537109375 0.01171875
0 0.5185546875 0.556640625 0.001953125 0.0078125
0 0.35888671875 0.3837890625 0.0087890625 0.026692708333333332
0 0.515869140625 0.326171875 0.00341796875 0.01171875
0 0.365966796875 0.53515625 0.00537109375 0.014322916666666666
0 0.360595703125 0.5462239583333334 0.00341796875 0.018229166666666668
0 0.371337890625 0.533203125 0.00439453125 0.010416666666666666
0 0.381103515625 0.7216796875 0.00537109375 0.012369791666666666
0 0.466796875 0.4195963541666667 0.0048828125 0.021484375
0 0.47802734375 0.4495442708333333 0.005859375 0.021484375
0 0.4736328125 0.4475911458333333 0.0087890625 0.022786458333333332
0 0.467529296875 0.4925130208333333 0.00537109375 0.011067708333333334
0 0.45947265625 0.560546875 0.00390625 0.014322916666666666
0 0.52294921875 0.5354817708333334 0.0078125 0.013671875
0 0.51611328125 0.3483072916666667 0.0048828125 0.015625
0 0.300537109375 0.4391276041666667 0.00634765625 0.011067708333333334
0 0.2490234375 0.3033854166666667 0.0048828125 0.013020833333333334
0 0.37841796875 0.4710286458333333 0.01171875 0.026692708333333332
0 0.359375 0.4501953125 0.0048828125 0.016276041666666668
0 0.5205078125 0.5107421875 0.0087890625 0.014973958333333334
0 0.533203125 0.2981770833333333 0.00390625 0.015625
0 0.365234375 0.3899739583333333 0.009765625 0.020833333333333332
0 0.247314453125 0.5286458333333334 0.00732421875 0.015625
0 0.5107421875 0.28515625 0.001953125 0.009114583333333334
0 0.156982421875 0.6751302083333334 0.00341796875 0.0078125
0 0.157470703125 0.6881510416666666 0.00732421875 0.009114583333333334
0 0.1611328125 0.68359375 0.00390625 0.010416666666666666
0 0.147216796875 0.734375 0.00830078125 0.01953125
0 0.13427734375 0.7158203125 0.0068359375 0.008463541666666666
0 0.250732421875 0.8216145833333334 0.00439453125 0.015625
0 0.239990234375 0.576171875 0.00732421875 0.015625
0 0.234619140625 0.5748697916666666 0.00537109375 0.015625
0 0.232666015625 0.5452473958333334 0.00634765625 0.013671875
0 0.250244140625 0.5113932291666666 0.00341796875 0.011067708333333334
0 0.249755859375 0.3876953125 0.00439453125 0.012369791666666666
0 0.13720703125 0.751953125 0.0048828125 0.01171875
0 0.235595703125 0.31640625 0.00830078125 0.01171875
0 0.516845703125 0.275390625 0.00830078125 0.020833333333333332
0 0.59228515625 0.4293619791666667 0.005859375 0.016276041666666668
0 0.249755859375 0.33203125 0.00439453125 0.018229166666666668
0 0.229248046875 0.3251953125 0.00634765625 0.013671875
0 0.599365234375 0.3639322916666667 0.00439453125 0.01171875
0 0.60693359375 0.3753255208333333 0.0068359375 0.014973958333333334
0 0.52880859375 0.189453125 0.00390625 0.01171875
0 0.25 0.34765625 0.00390625 0.01171875
0 0.532470703125 0.2613932291666667 0.00341796875 0.012369791666666666
0 0.5205078125 0.19791666666666666 0.009765625 0.01953125
0 0.5205078125 0.21451822916666666 0.0068359375 0.017578125
0 0.5126953125 0.2701822916666667 0.00390625 0.014322916666666666
0 0.516357421875 0.26171875 0.00634765625 0.015625
0 0.53173828125 0.17838541666666666 0.0029296875 0.013020833333333334
