0 0.60205078125 0.4033203125 0.0048828125 0.005859375
0 0.5947265625 0.4069010416666667 0.0048828125 0.005208333333333333
0 0.624267578125 0.4182942708333333 0.01513671875 0.009765625
0 0.66162109375 0.4085286458333333 0.01171875 0.011067708333333334
0 0.5576171875 0.3294270833333333 0.00390625 0.0026041666666666665
0 0.61572265625 0.314453125 0.0078125 0.005208333333333333
0 0.722900390625 0.4934895833333333 0.00537109375 0.0078125
0 0.483642578125 0.4300130208333333 0.00830078125 0.0032552083333333335
0 0.663818359375 0.6712239583333334 0.01025390625 0.0078125
0 0.51220703125 0.4104817708333333 0.009765625 0.005859375
0 0.681396484375 0.3251953125 0.00634765625 0.004557291666666667
0 0.6123046875 0.68359375 0.0078125 0.0078125
0 0.598388671875 0.4049479166666667 0.00537109375 0.006510416666666667
0 0.646240234375 0.4925130208333333 0.00439453125 0.004557291666666667
0 0.6416015625 0.4928385416666667 0.0048828125 0.005208333333333333
0 0.546630859375 0.6884765625 0.00830078125 0.0032552083333333335
0 0.5498046875 0.5869140625 0.0068359375 0.005859375
0 0.568359375 0.5849609375 0.0078125 0.005859375
0 0.703125 0.5891927083333334 0.005859375 0.005208333333333333
0 0.55322265625 0.6617838541666666 0.0107421875 0.004557291666666667
0 0.462646484375 0.4970703125 0.00732421875 0.008463541666666666
0 0.439697265625 0.4944661458333333 0.01220703125 0.008463541666666666
0 0.61279296875 0.498046875 0.005859375 0.005208333333333333
0 0.63427734375 0.4934895833333333 0.005859375 0.005208333333333333
0 0.467529296875 0.51171875 0.01611328125 0.00390625
