0 0.618408203125 0.4814453125 0.00732421875 0.012369791666666666
0 0.62060546875 0.4397786458333333 0.0087890625 0.022786458333333332
0 0.614013671875 0.4645182291666667 0.00830078125 0.020182291666666668
0 0.613525390625 0.4833984375 0.00830078125 0.016276041666666668
0 0.62451171875 0.6767578125 0.013671875 0.029296875
0 0.61474609375 0.5276692708333334 0.009765625 0.018880208333333332
0 0.619140625 0.5667317708333334 0.0068359375 0.017578125
0 0.1474609375 0.16666666666666666 0.01171875 0.032552083333333336
0 0.617919921875 0.4150390625 0.00634765625 0.014973958333333334
0 0.612548828125 0.5035807291666666 0.01123046875 0.022786458333333332
0 0.613525390625 0.412109375 0.00341796875 0.009114583333333334
0 0.069580078125 0.2565104166666667 0.00732421875 0.018229166666666668
0 0.371337890625 0.4388020833333333 0.01513671875 0.026041666666666668
0 0.047607421875 0.302734375 0.01611328125 0.020833333333333332
0 0.0419921875 0.20735677083333334 0.0126953125 0.029296875
0 0.045654296875 0.14680989583333334 0.01904296875 0.044921875
0 0.05029296875 0.283203125 0.0205078125 0.032552083333333336
0 0.045166015625 0.2591145833333333 0.01123046875 0.026041666666666668
0 0.052978515625 0.32421875 0.02001953125 0.01953125
0 0.131103515625 0.22688802083333334 0.01708984375 0.041015625
0 0.118408203125 0.15397135416666666 0.01318359375 0.038411458333333336
0 0.126220703125 0.1533203125 0.01708984375 0.027994791666666668
0 0.599853515625 0.404296875 0.00634765625 0.029947916666666668
