0 0.6689453125 0.7223307291666666 0.005859375 0.007161458333333333
0 0.66357421875 0.7249348958333334 0.0068359375 0.007161458333333333
0 0.658935546875 0.7106119791666666 0.00830078125 0.008463541666666666
0 0.65576171875 0.7034505208333334 0.0068359375 0.005859375
0 0.6767578125 0.7005208333333334 0.0087890625 0.00390625
0 0.68701171875 0.7135416666666666 0.0107421875 0.009114583333333334
0 0.66796875 0.7151692708333334 0.009765625 0.008463541666666666
0 0.737060546875 0.7311197916666666 0.00830078125 0.009114583333333334
0 0.734619140625 0.7210286458333334 0.01416015625 0.009765625
0 0.7294921875 0.73046875 0.005859375 0.0078125
0 0.744140625 0.7268880208333334 0.009765625 0.012369791666666666
0 0.749755859375 0.7356770833333334 0.00634765625 0.005208333333333333
0 0.76904296875 0.7405598958333334 0.0205078125 0.007161458333333333
0 0.767822265625 0.7119140625 0.00830078125 0.004557291666666667
0 0.657958984375 0.728515625 0.00537109375 0.005208333333333333
0 0.677001953125 0.7229817708333334 0.01025390625 0.007161458333333333
0 0.637451171875 0.7265625 0.00537109375 0.006510416666666667
0 0.671630859375 0.5130208333333334 0.01123046875 0.0078125
0 0.6484375 0.7005208333333334 0.0087890625 0.006510416666666667
0 0.791015625 0.7177734375 0.0107421875 0.008463541666666666
0 0.5654296875 0.3600260416666667 0.0068359375 0.0078125
0 0.57177734375 0.3623046875 0.0078125 0.011067708333333334
0 0.648681640625 0.4576822916666667 0.01220703125 0.009114583333333334
0 0.583984375 0.3662109375 0.0078125 0.004557291666666667
0 0.60400390625 0.3567708333333333 0.01171875 0.010416666666666666
0 0.576171875 0.3662109375 0.0068359375 0.005859375
0 0.69189453125 0.6263020833333334 0.0107421875 0.0078125
0 0.568115234375 0.7180989583333334 0.01123046875 0.006510416666666667
0 0.617431640625 0.7194010416666666 0.01025390625 0.009114583333333334
0 0.61572265625 0.69921875 0.0078125 0.005208333333333333
0 0.628662109375 0.7054036458333334 0.00830078125 0.009765625
0 0.627685546875 0.7145182291666666 0.01318359375 0.009765625
0 0.635986328125 0.708984375 0.00927734375 0.006510416666666667
0 0.643798828125 0.7024739583333334 0.00927734375 0.005208333333333333
0 0.650146484375 0.708984375 0.00732421875 0.006510416666666667
0 0.377197265625 0.7965494791666666 0.00634765625 0.005859375
0 0.5693359375 0.712890625 0.0107421875 0.00390625
0 0.441162109375 0.7913411458333334 0.01123046875 0.007161458333333333
0 0.7421875 0.6311848958333334 0.00390625 0.005859375
0 0.76513671875 0.6471354166666666 0.0087890625 0.00390625
0 0.7451171875 0.6396484375 0.0068359375 0.005859375
0 0.7412109375 0.6373697916666666 0.001953125 0.005208333333333333
0 0.735107421875 0.6315104166666666 0.00341796875 0.0026041666666666665
0 0.73095703125 0.6292317708333334 0.0029296875 0.001953125
0 0.7060546875 0.6393229166666666 0.0107421875 0.010416666666666666
0 0.7177734375 0.6402994791666666 0.0048828125 0.0032552083333333335
0 0.706787109375 0.6266276041666666 0.00537109375 0.0032552083333333335
0 0.698974609375 0.6295572916666666 0.00341796875 0.0026041666666666665
0 0.695556640625 0.6318359375 0.00537109375 0.0032552083333333335
0 0.6806640625 0.6324869791666666 0.0107421875 0.009765625
0 0.660400390625 0.5133463541666666 0.01025390625 0.007161458333333333
0 0.72216796875 0.6363932291666666 0.005859375 0.005859375
0 0.41748046875 0.8040364583333334 0.0068359375 0.006510416666666667
0 0.740966796875 0.6315104166666666 0.00439453125 0.00390625
0 0.764404296875 0.630859375 0.00830078125 0.005208333333333333
0 0.75537109375 0.6471354166666666 0.0087890625 0.005208333333333333
0 0.73388671875 0.5768229166666666 0.013671875 0.0078125
0 0.594970703125 0.7213541666666666 0.00830078125 0.009114583333333334
0 0.663330078125 0.4996744791666667 0.00732421875 0.0032552083333333335
0 0.804931640625 0.6477864583333334 0.00830078125 0.00390625
0 0.67236328125 0.5 0.0107421875 0.00390625
0 0.827880859375 0.5113932291666666 0.01708984375 0.007161458333333333
0 0.845947265625 0.5146484375 0.01513671875 0.011067708333333334
0 0.862548828125 0.5152994791666666 0.01220703125 0.007161458333333333
0 0.632080078125 0.5579427083333334 0.00732421875 0.010416666666666666
0 0.523193359375 0.7141927083333334 0.01123046875 0.0078125
0 0.64111328125 0.5572916666666666 0.0048828125 0.006510416666666667
0 0.626220703125 0.5559895833333334 0.00732421875 0.005208333333333333
0 0.6298828125 0.5537109375 0.0068359375 0.005859375
0 0.686767578125 0.5758463541666666 0.00732421875 0.0032552083333333335
0 0.68994140625 0.5576171875 0.005859375 0.004557291666666667
0 0.668212890625 0.5579427083333334 0.00341796875 0.00390625
0 0.638916015625 0.55859375 0.00634765625 0.0078125
