0 0.8603515625 0.21484375 0.0126953125 0.029947916666666668
0 0.707275390625 0.15364583333333334 0.02294921875 0.020833333333333332
0 0.729248046875 0.7825520833333334 0.00732421875 0.018229166666666668
0 0.733154296875 0.8079427083333334 0.00732421875 0.02734375
0 0.85986328125 0.11686197916666667 0.009765625 0.024088541666666668
0 0.86083984375 0.16634114583333334 0.0087890625 0.018880208333333332
0 0.315673828125 0.4866536458333333 0.00244140625 0.008463541666666666
0 0.314208984375 0.4736328125 0.00244140625 0.005859375
0 0.31005859375 0.4677734375 0.0048828125 0.012369791666666666
0 0.30859375 0.4772135416666667 0.0048828125 0.0078125
0 0.309326171875 0.4873046875 0.00830078125 0.009765625
0 0.310791015625 0.5065104166666666 0.00341796875 0.009114583333333334
0 0.721923828125 0.8037109375 0.00732421875 0.018880208333333332
0 0.29833984375 0.4609375 0.0048828125 0.009114583333333334
0 0.712890625 0.7705078125 0.013671875 0.034505208333333336
0 0.3125 0.3408203125 0.0029296875 0.007161458333333333
0 0.31298828125 0.4820963541666667 0.00390625 0.008463541666666666
0 0.2998046875 0.24251302083333334 0.013671875 0.030598958333333332
0 0.314208984375 0.3626302083333333 0.00537109375 0.010416666666666666
0 0.310791015625 0.3639322916666667 0.00244140625 0.0078125
0 0.320556640625 0.3766276041666667 0.00537109375 0.013671875
0 0.31201171875 0.4036458333333333 0.0078125 0.015625
0 0.31005859375 0.3850911458333333 0.00390625 0.008463541666666666
0 0.306640625 0.5615234375 0.0029296875 0.005859375
0 0.843017578125 0.06901041666666667 0.01123046875 0.028645833333333332
0 0.310546875 0.3352864583333333 0.0048828125 0.009114583333333334
0 0.297607421875 0.4694010416666667 0.00634765625 0.013020833333333334
0 0.31591796875 0.4537760416666667 0.00390625 0.013020833333333334
0 0.31201171875 0.4557291666666667 0.0048828125 0.013020833333333334
0 0.313720703125 0.46484375 0.00341796875 0.009114583333333334
0 0.295166015625 0.4798177083333333 0.00927734375 0.010416666666666666
0 0.302978515625 0.4921875 0.00732421875 0.015625
0 0.308837890625 0.4957682291666667 0.00537109375 0.009765625
0 0.309814453125 0.5553385416666666 0.00634765625 0.009114583333333334
0 0.693359375 0.2672526041666667 0.001953125 0.008463541666666666
0 0.850341796875 0.8092447916666666 0.01416015625 0.016927083333333332
0 0.736572265625 0.166015625 0.00244140625 0.006510416666666667
0 0.8349609375 0.7249348958333334 0.005859375 0.014973958333333334
0 0.294189453125 0.4534505208333333 0.00439453125 0.020182291666666668
0 0.875244140625 0.5602213541666666 0.00830078125 0.029296875
0 0.83154296875 0.20963541666666666 0.0048828125 0.014322916666666666
0 0.85693359375 0.6028645833333334 0.01171875 0.024739583333333332
0 0.69580078125 0.3216145833333333 0.001953125 0.0078125
0 0.844482421875 0.6500651041666666 0.02001953125 0.050130208333333336
0 0.869873046875 0.626953125 0.00634765625 0.013020833333333334
0 0.859375 0.6865234375 0.013671875 0.025390625
0 0.86181640625 0.7161458333333334 0.01171875 0.01953125
0 0.8779296875 0.6936848958333334 0.005859375 0.026692708333333332
0 0.832763671875 0.70703125 0.01123046875 0.024739583333333332
0 0.30322265625 0.22526041666666666 0.0185546875 0.020833333333333332
0 0.823486328125 0.6080729166666666 0.01025390625 0.03125
0 0.724609375 0.20572916666666666 0.0029296875 0.0078125
0 0.721923828125 0.20182291666666666 0.00244140625 0.0078125
0 0.725341796875 0.19759114583333334 0.00537109375 0.005859375
0 0.850341796875 0.7890625 0.01611328125 0.028645833333333332
0 0.8642578125 0.7779947916666666 0.017578125 0.04296875
0 0.300048828125 0.5546875 0.00341796875 0.006510416666666667
0 0.828857421875 0.751953125 0.01025390625 0.059895833333333336
0 0.73779296875 0.2646484375 0.0087890625 0.014973958333333334
0 0.73974609375 0.2431640625 0.0048828125 0.008463541666666666
0 0.72314453125 0.5029296875 0.0048828125 0.008463541666666666
0 0.697509765625 0.4788411458333333 0.00146484375 0.005859375
0 0.724853515625 0.318359375 0.00341796875 0.0078125
0 0.738037109375 0.10481770833333333 0.00341796875 0.009114583333333334
0 0.740478515625 0.13118489583333334 0.00244140625 0.007161458333333333
0 0.729248046875 0.2584635416666667 0.00634765625 0.016927083333333332
0 0.73291015625 0.083984375 0.0029296875 0.0078125
0 0.7314453125 0.140625 0.00390625 0.010416666666666666
0 0.73583984375 0.13020833333333334 0.001953125 0.009114583333333334
0 0.86572265625 0.8186848958333334 0.0185546875 0.043619791666666664
0 0.728759765625 0.8831380208333334 0.00634765625 0.020182291666666668
0 0.739013671875 0.044596354166666664 0.01025390625 0.029296875
0 0.576171875 0.427734375 0.013671875 0.033854166666666664
0 0.87744140625 0.083984375 0.0087890625 0.02734375
0 0.860107421875 0.014322916666666666 0.01513671875 0.028645833333333332
0 0.7158203125 0.14615885416666666 0.0205078125 0.034505208333333336
0 0.7353515625 0.1474609375 0.0087890625 0.013671875
0 0.735107421875 0.17643229166666666 0.00341796875 0.006510416666666667
0 0.72900390625 0.17545572916666666 0.00390625 0.008463541666666666
0 0.693115234375 0.4049479166666667 0.00732421875 0.014322916666666666
0 0.73291015625 0.158203125 0.005859375 0.01171875
0 0.72705078125 0.12141927083333333 0.0048828125 0.011067708333333334
0 0.705322265625 0.12923177083333334 0.00732421875 0.014973958333333334
0 0.6982421875 0.13541666666666666 0.0126953125 0.03515625
0 0.7001953125 0.10221354166666667 0.015625 0.040364583333333336
0 0.69384765625 0.4231770833333333 0.0087890625 0.024739583333333332
0 0.709228515625 0.1806640625 0.02001953125 0.041015625
0 0.732666015625 0.13216145833333334 0.00341796875 0.010416666666666666
0 0.727783203125 0.16048177083333334 0.00634765625 0.017578125
0 0.69873046875 0.3860677083333333 0.0078125 0.0234375
0 0.707763671875 0.6520182291666666 0.01513671875 0.037109375
0 0.69140625 0.4573567708333333 0.005859375 0.038411458333333336
0 0.713623046875 0.6748046875 0.01318359375 0.025390625
0 0.738037109375 0.7161458333333334 0.00634765625 0.018229166666666668
0 0.73828125 0.6617838541666666 0.0068359375 0.027994791666666668
0 0.731689453125 0.697265625 0.00927734375 0.0390625
0 0.7294921875 0.5823567708333334 0.0146484375 0.025390625
0 0.707275390625 0.5973307291666666 0.01025390625 0.025390625
0 0.738525390625 0.5774739583333334 0.00537109375 0.03125
0 0.698974609375 0.5406901041666666 0.01025390625 0.039713541666666664
0 0.720947265625 0.5367838541666666 0.01611328125 0.037109375
0 0.70849609375 0.5162760416666666 0.0146484375 0.037760416666666664
0 0.734619140625 0.4996744791666667 0.01123046875 0.042317708333333336
0 0.722900390625 0.4658203125 0.01220703125 0.035807291666666664
0 0.708984375 0.45703125 0.015625 0.0390625
0 0.712890625 0.5598958333333334 0.013671875 0.03125
0 0.696044921875 0.8896484375 0.00634765625 0.024088541666666668
0 0.7294921875 0.1884765625 0.0087890625 0.018880208333333332
0 0.719970703125 0.23763020833333334 0.01708984375 0.0390625
0 0.590087890625 0.23697916666666666 0.00341796875 0.01171875
0 0.5927734375 0.22102864583333334 0.001953125 0.007161458333333333
0 0.564453125 0.4189453125 0.013671875 0.042317708333333336
0 0.593505859375 0.17057291666666666 0.00244140625 0.0078125
0 0.444580078125 0.4567057291666667 0.01806640625 0.029296875
0 0.4541015625 0.4462890625 0.01171875 0.041015625
0 0.586669921875 0.248046875 0.00341796875 0.009114583333333334
0 0.440673828125 0.4306640625 0.01611328125 0.033203125
0 0.423583984375 0.5647786458333334 0.00537109375 0.039713541666666664
0 0.30322265625 0.5716145833333334 0.0078125 0.014322916666666666
0 0.31982421875 0.5875651041666666 0.005859375 0.014973958333333334
0 0.309814453125 0.5166015625 0.00634765625 0.005859375
0 0.316162109375 0.51953125 0.00341796875 0.009114583333333334
0 0.591064453125 0.16764322916666666 0.00244140625 0.009765625
0 0.4384765625 0.4781901041666667 0.021484375 0.043619791666666664
0 0.583740234375 0.2926432291666667 0.01416015625 0.039713541666666664
0 0.563720703125 0.3115234375 0.01416015625 0.038411458333333336
0 0.587890625 0.3268229166666667 0.0107421875 0.024739583333333332
0 0.707763671875 0.23893229166666666 0.01416015625 0.04296875
0 0.695068359375 0.3453776041666667 0.00830078125 0.031901041666666664
0 0.7138671875 0.3098958333333333 0.015625 0.029947916666666668
0 0.731201171875 0.3349609375 0.01611328125 0.035807291666666664
0 0.737060546875 0.35546875 0.01025390625 0.036458333333333336
0 0.714599609375 0.3525390625 0.02001953125 0.043619791666666664
0 0.72314453125 0.26953125 0.017578125 0.037760416666666664
0 0.73779296875 0.392578125 0.0087890625 0.03515625
0 0.720703125 0.728515625 0.013671875 0.024739583333333332
0 0.314453125 0.5403645833333334 0.00390625 0.009114583333333334
0 0.310546875 0.53125 0.005859375 0.014322916666666666
0 0.575927734375 0.388671875 0.01416015625 0.029947916666666668
0 0.56201171875 0.3714192708333333 0.0107421875 0.031901041666666664
0 0.563720703125 0.3404947916666667 0.00634765625 0.014322916666666666
0 0.719482421875 0.20930989583333334 0.00634765625 0.011067708333333334
