0 0.250244140625 0.4606119791666667 0.00341796875 0.021484375
0 0.737548828125 0.3815104166666667 0.00537109375 0.018229166666666668
0 0.67822265625 0.5361328125 0.0068359375 0.004557291666666667
0 0.6748046875 0.5426432291666666 0.0009765625 0.0032552083333333335
0 0.736572265625 0.708984375 0.00537109375 0.02734375
0 0.24755859375 0.4801432291666667 0.0068359375 0.018880208333333332
0 0.2529296875 0.40625 0.0048828125 0.020833333333333332
0 0.246826171875 0.4384765625 0.00634765625 0.007161458333333333
0 0.73486328125 0.6565755208333334 0.0029296875 0.011067708333333334
0 0.615478515625 0.4215494791666667 0.00439453125 0.012369791666666666
0 0.67919921875 0.2177734375 0.0029296875 0.007161458333333333
0 0.746337890625 0.791015625 0.00830078125 0.0078125
0 0.66064453125 0.7698567708333334 0.0078125 0.014973958333333334
0 0.657470703125 0.5732421875 0.00537109375 0.011067708333333334
0 0.65625 0.5611979166666666 0.0029296875 0.009114583333333334
0 0.66455078125 0.4876302083333333 0.0068359375 0.01953125
0 0.679443359375 0.23697916666666666 0.00146484375 0.005208333333333333
0 0.58349609375 0.20540364583333334 0.00390625 0.018880208333333332
0 0.611328125 0.3043619791666667 0.001953125 0.007161458333333333
0 0.226318359375 0.5462239583333334 0.00341796875 0.010416666666666666
0 0.76708984375 0.6474609375 0.0029296875 0.014973958333333334
0 0.615966796875 0.3470052083333333 0.00244140625 0.010416666666666666
0 0.76708984375 0.671875 0.0029296875 0.0078125
0 0.605224609375 0.4508463541666667 0.00634765625 0.017578125
0 0.5185546875 0.10026041666666667 0.0009765625 0.0026041666666666665
0 0.61865234375 0.80859375 0.00390625 0.0234375
0 0.50732421875 0.4111328125 0.0078125 0.021484375
0 0.615966796875 0.09602864583333333 0.00830078125 0.021484375
0 0.510009765625 0.2766927083333333 0.00634765625 0.026041666666666668
0 0.5205078125 0.10221354166666667 0.0029296875 0.00390625
0 0.51904296875 0.10970052083333333 0.0009765625 0.004557291666666667
0 0.517333984375 0.11002604166666667 0.00146484375 0.006510416666666667
0 0.518310546875 0.126953125 0.00146484375 0.00390625
0 0.52294921875 0.13444010416666666 0.0029296875 0.005859375
0 0.517333984375 0.10384114583333333 0.00048828125 0.0032552083333333335
0 0.58642578125 0.4108072916666667 0.0048828125 0.01171875
0 0.58642578125 0.421875 0.005859375 0.013020833333333334
0 0.519775390625 0.10286458333333333 0.00146484375 0.005208333333333333
0 0.365966796875 0.6119791666666666 0.00341796875 0.01171875
0 0.370849609375 0.6253255208333334 0.00439453125 0.016276041666666668
0 0.371826171875 0.4186197916666667 0.00244140625 0.009114583333333334
0 0.374755859375 0.3873697916666667 0.00732421875 0.01953125
0 0.380615234375 0.21809895833333334 0.00732421875 0.009114583333333334
0 0.384521484375 0.2119140625 0.01123046875 0.016276041666666668
0 0.6171875 0.8391927083333334 0.00390625 0.016927083333333332
0 0.61474609375 0.8030598958333334 0.00390625 0.009765625
0 0.616455078125 0.8134765625 0.00341796875 0.009765625
0 0.485107421875 0.5862630208333334 0.00146484375 0.012369791666666666
0 0.465087890625 0.7506510416666666 0.00341796875 0.006510416666666667
0 0.520751953125 0.14322916666666666 0.00732421875 0.013020833333333334
0 0.51904296875 0.4143880208333333 0.01171875 0.017578125
0 0.760498046875 0.7604166666666666 0.01025390625 0.02734375
0 0.528076171875 0.2591145833333333 0.01123046875 0.026041666666666668
0 0.51318359375 0.3053385416666667 0.0146484375 0.03515625
0 0.5146484375 0.328125 0.017578125 0.02734375
0 0.515625 0.3430989583333333 0.0166015625 0.029947916666666668
0 0.528564453125 0.2913411458333333 0.01025390625 0.034505208333333336
0 0.514892578125 0.365234375 0.01416015625 0.018229166666666668
0 0.5166015625 0.3815104166666667 0.0166015625 0.0234375
0 0.517822265625 0.4007161458333333 0.01220703125 0.017578125
0 0.736328125 0.7529296875 0.0068359375 0.021484375
0 0.510498046875 0.4501953125 0.01513671875 0.026692708333333332
0 0.525146484375 0.24153645833333334 0.01220703125 0.026041666666666668
0 0.509765625 0.46875 0.017578125 0.016927083333333332
0 0.732177734375 0.548828125 0.00634765625 0.03515625
0 0.75439453125 0.5677083333333334 0.0166015625 0.032552083333333336
0 0.765380859375 0.6181640625 0.00634765625 0.018880208333333332
0 0.736328125 0.6305338541666666 0.0068359375 0.014973958333333334
0 0.739013671875 0.6422526041666666 0.01025390625 0.017578125
0 0.738037109375 0.6793619791666666 0.01025390625 0.030598958333333332
0 0.748779296875 0.7034505208333334 0.01416015625 0.033203125
0 0.515625 0.4287109375 0.0146484375 0.018880208333333332
0 0.226318359375 0.6982421875 0.01318359375 0.021484375
0 0.61279296875 0.4456380208333333 0.0068359375 0.012369791666666666
0 0.506591796875 0.515625 0.01220703125 0.028645833333333332
0 0.52685546875 0.21028645833333334 0.0146484375 0.032552083333333336
0 0.757080078125 0.7333984375 0.01318359375 0.016276041666666668
0 0.739501953125 0.7360026041666666 0.01025390625 0.025390625
0 0.744384765625 0.7731119791666666 0.01123046875 0.029296875
0 0.740478515625 0.7913411458333334 0.00732421875 0.020182291666666668
0 0.755859375 0.7893880208333334 0.01171875 0.026692708333333332
0 0.677978515625 0.5618489583333334 0.00927734375 0.0234375
0 0.6748046875 0.5123697916666666 0.0107421875 0.022135416666666668
0 0.681396484375 0.3837890625 0.01025390625 0.021484375
0 0.676025390625 0.3792317708333333 0.00927734375 0.025390625
0 0.6611328125 0.3561197916666667 0.0087890625 0.022135416666666668
0 0.670654296875 0.3154296875 0.00830078125 0.012369791666666666
0 0.7490234375 0.7506510416666666 0.013671875 0.024739583333333332
0 0.67724609375 0.3053385416666667 0.0146484375 0.0234375
0 0.67822265625 0.2802734375 0.00390625 0.012369791666666666
0 0.680419921875 0.20768229166666666 0.00634765625 0.013020833333333334
0 0.665771484375 0.18424479166666666 0.00927734375 0.024739583333333332
0 0.682373046875 0.12467447916666667 0.01025390625 0.022786458333333332
0 0.681884765625 0.10384114583333333 0.00927734375 0.021484375
0 0.67333984375 0.0751953125 0.01171875 0.021484375
0 0.674072265625 0.0478515625 0.01123046875 0.027994791666666668
0 0.681884765625 0.025390625 0.01123046875 0.03125
0 0.672119140625 0.021484375 0.01318359375 0.02734375
0 0.685791015625 0.015299479166666666 0.00927734375 0.027994791666666668
0 0.67724609375 0.2903645833333333 0.0078125 0.01171875
0 0.52783203125 0.16861979166666666 0.0078125 0.022135416666666668
0 0.52099609375 0.17610677083333334 0.0107421875 0.022786458333333332
0 0.674560546875 0.007161458333333333 0.00634765625 0.010416666666666666
0 0.29345703125 0.8102213541666666 0.01171875 0.029296875
0 0.21044921875 0.7197265625 0.00390625 0.024088541666666668
0 0.605712890625 0.1796875 0.01416015625 0.02734375
0 0.60888671875 0.20963541666666666 0.01171875 0.028645833333333332
0 0.610107421875 0.2600911458333333 0.00732421875 0.021484375
0 0.60302734375 0.2633463541666667 0.0078125 0.021484375
0 0.607666015625 0.08951822916666667 0.01123046875 0.026692708333333332
0 0.61474609375 0.41015625 0.00390625 0.0078125
0 0.583740234375 0.3766276041666667 0.00634765625 0.026692708333333332
0 0.586669921875 0.3681640625 0.01025390625 0.024088541666666668
0 0.6025390625 0.4749348958333333 0.0048828125 0.011067708333333334
0 0.58984375 0.7122395833333334 0.0068359375 0.014322916666666666
0 0.455078125 0.6070963541666666 0.0048828125 0.017578125
0 0.286865234375 0.8089192708333334 0.00439453125 0.018880208333333332
0 0.603759765625 0.845703125 0.00732421875 0.018229166666666668
0 0.6015625 0.8190104166666666 0.009765625 0.024739583333333332
0 0.606201171875 0.8688151041666666 0.00634765625 0.017578125
0 0.4609375 0.8072916666666666 0.00390625 0.009114583333333334
0 0.460693359375 0.8004557291666666 0.00244140625 0.007161458333333333
0 0.462890625 0.81640625 0.00390625 0.009114583333333334
0 0.486572265625 0.7639973958333334 0.00341796875 0.012369791666666666
0 0.46484375 0.7936197916666666 0.0107421875 0.0234375
0 0.47607421875 0.70703125 0.009765625 0.014322916666666666
0 0.474853515625 0.7421875 0.01318359375 0.03125
0 0.590576171875 0.6959635416666666 0.00830078125 0.020833333333333332
0 0.5908203125 0.7281901041666666 0.0078125 0.018880208333333332
0 0.471923828125 0.58984375 0.00830078125 0.020833333333333332
0 0.45556640625 0.4879557291666667 0.0078125 0.026692708333333332
0 0.487060546875 0.11360677083333333 0.00244140625 0.008463541666666666
0 0.212890625 0.6207682291666666 0.0029296875 0.012369791666666666
0 0.48388671875 0.4475911458333333 0.005859375 0.027994791666666668
0 0.462646484375 0.4244791666666667 0.01513671875 0.037760416666666664
0 0.486083984375 0.2623697916666667 0.00634765625 0.02734375
0 0.476806640625 0.07584635416666667 0.00927734375 0.018880208333333332
0 0.401123046875 0.2513020833333333 0.00537109375 0.020833333333333332
0 0.39599609375 0.24609375 0.0087890625 0.029947916666666668
0 0.384765625 0.16634114583333334 0.009765625 0.020182291666666668
0 0.377197265625 0.4576822916666667 0.00732421875 0.014322916666666666
0 0.484375 0.5709635416666666 0.0048828125 0.014322916666666666
0 0.372314453125 0.4736328125 0.00634765625 0.014973958333333334
0 0.37158203125 0.5270182291666666 0.0048828125 0.011067708333333334
0 0.377197265625 0.560546875 0.01318359375 0.029947916666666668
0 0.37890625 0.6103515625 0.015625 0.026692708333333332
0 0.368896484375 0.6477864583333334 0.00732421875 0.022135416666666668
0 0.375732421875 0.7086588541666666 0.01123046875 0.025390625
0 0.380859375 0.7330729166666666 0.0078125 0.014322916666666666
0 0.374267578125 0.7630208333333334 0.01416015625 0.026041666666666668
0 0.366455078125 0.7760416666666666 0.00732421875 0.03125
0 0.377197265625 0.8216145833333334 0.00537109375 0.010416666666666666
0 0.3720703125 0.814453125 0.0126953125 0.032552083333333336
0 0.373779296875 0.4947916666666667 0.00634765625 0.014322916666666666
0 0.302734375 0.8277994791666666 0.0107421875 0.016276041666666668
0 0.606689453125 0.2916666666666667 0.00634765625 0.013020833333333334
0 0.294677734375 0.8434244791666666 0.01416015625 0.026692708333333332
0 0.3046875 0.8473307291666666 0.0068359375 0.024088541666666668
0 0.3125 0.8473307291666666 0.009765625 0.027994791666666668
0 0.31201171875 0.8671875 0.0107421875 0.018229166666666668
0 0.301025390625 0.8688151041666666 0.00830078125 0.018880208333333332
0 0.29345703125 0.8714192708333334 0.0078125 0.016276041666666668
0 0.2880859375 0.865234375 0.0087890625 0.01953125
0 0.31689453125 0.8759765625 0.0068359375 0.021484375
0 0.318115234375 0.8902994791666666 0.00439453125 0.014973958333333334
0 0.310546875 0.8968098958333334 0.0107421875 0.018880208333333332
0 0.322998046875 0.5836588541666666 0.00732421875 0.029296875
0 0.290771484375 0.8479817708333334 0.01220703125 0.022786458333333332
0 0.31494140625 0.9036458333333334 0.0078125 0.014322916666666666
0 0.306396484375 0.8050130208333334 0.01708984375 0.033203125
0 0.303466796875 0.7770182291666666 0.01123046875 0.024088541666666668
0 0.295654296875 0.7737630208333334 0.01220703125 0.026692708333333332
0 0.290283203125 0.7574869791666666 0.00927734375 0.021484375
0 0.28857421875 0.8271484375 0.0078125 0.020182291666666668
0 0.308349609375 0.6969401041666666 0.01123046875 0.018880208333333332
0 0.31591796875 0.6829427083333334 0.0146484375 0.01953125
0 0.305419921875 0.6695963541666666 0.01513671875 0.027994791666666668
0 0.29736328125 0.6497395833333334 0.0146484375 0.037760416666666664
0 0.317138671875 0.8268229166666666 0.00634765625 0.016927083333333332
0 0.288330078125 0.7887369791666666 0.00732421875 0.018880208333333332
0 0.3095703125 0.6416015625 0.0126953125 0.029296875
0 0.31103515625 0.6901041666666666 0.009765625 0.016927083333333332
0 0.613525390625 0.140625 0.01025390625 0.029947916666666668
0 0.29150390625 0.6207682291666666 0.005859375 0.013671875
0 0.2041015625 0.8326822916666666 0.005859375 0.01953125
0 0.2109375 0.8245442708333334 0.009765625 0.022786458333333332
0 0.216064453125 0.8258463541666666 0.00927734375 0.017578125
0 0.215576171875 0.6985677083333334 0.00927734375 0.026041666666666668
0 0.221435546875 0.7125651041666666 0.01318359375 0.020182291666666668
0 0.22265625 0.6868489583333334 0.0087890625 0.010416666666666666
0 0.223388671875 0.6728515625 0.01611328125 0.017578125
0 0.224853515625 0.6578776041666666 0.01806640625 0.021484375
0 0.213623046875 0.6682942708333334 0.00634765625 0.016276041666666668
0 0.322998046875 0.341796875 0.00830078125 0.018229166666666668
0 0.226806640625 0.6389973958333334 0.01708984375 0.020182291666666668
0 0.208740234375 0.7679036458333334 0.00830078125 0.024088541666666668
0 0.225341796875 0.6188151041666666 0.01513671875 0.022786458333333332
0 0.21435546875 0.6376953125 0.0078125 0.018880208333333332
0 0.24951171875 0.259765625 0.009765625 0.020833333333333332
0 0.2255859375 0.380859375 0.0087890625 0.028645833333333332
0 0.235107421875 0.5035807291666666 0.01513671875 0.018880208333333332
0 0.246337890625 0.181640625 0.01025390625 0.01953125
0 0.23291015625 0.5553385416666666 0.0048828125 0.01171875
0 0.22607421875 0.580078125 0.0087890625 0.022135416666666668
0 0.23681640625 0.6048177083333334 0.0087890625 0.01953125
0 0.23388671875 0.5201822916666666 0.013671875 0.016927083333333332
0 0.218505859375 0.6227213541666666 0.00537109375 0.013671875
