0 0.47900390625 0.8128255208333334 0.005859375 0.017578125
0 0.58447265625 0.3395182291666667 0.0068359375 0.018880208333333332
0 0.594970703125 0.3255208333333333 0.00732421875 0.015625
0 0.5107421875 0.2926432291666667 0.0029296875 0.007161458333333333
0 0.587646484375 0.2513020833333333 0.00634765625 0.022135416666666668
0 0.48974609375 0.666015625 0.00390625 0.006510416666666667
0 0.484375 0.8108723958333334 0.0068359375 0.017578125
0 0.587158203125 0.2815755208333333 0.00634765625 0.020182291666666668
0 0.490478515625 0.6962890625 0.00439453125 0.011067708333333334
0 0.51025390625 0.6145833333333334 0.0048828125 0.013020833333333334
0 0.50439453125 0.5930989583333334 0.0068359375 0.020833333333333332
0 0.500732421875 0.6080729166666666 0.01123046875 0.01953125
0 0.495849609375 0.6194661458333334 0.00927734375 0.024088541666666668
0 0.4892578125 0.6178385416666666 0.00390625 0.01953125
0 0.50927734375 0.6236979166666666 0.0048828125 0.013020833333333334
0 0.500244140625 0.5924479166666666 0.00244140625 0.0078125
0 0.50634765625 0.3307291666666667 0.009765625 0.029947916666666668
0 0.49169921875 0.6295572916666666 0.0029296875 0.005208333333333333
