0 0.2373046875 0.4069010416666667 0.0078125 0.020833333333333332
0 0.322998046875 0.7327473958333334 0.00732421875 0.021484375
0 0.3427734375 0.4892578125 0.009765625 0.021484375
0 0.238037109375 0.2552083333333333 0.01123046875 0.0234375
0 0.23291015625 0.2610677083333333 0.0068359375 0.015625
0 0.238037109375 0.3173828125 0.00732421875 0.012369791666666666
0 0.23876953125 0.330078125 0.0107421875 0.020833333333333332
0 0.239501953125 0.3528645833333333 0.01220703125 0.028645833333333332
0 0.35302734375 0.4977213541666667 0.013671875 0.022786458333333332
0 0.228515625 0.36328125 0.0107421875 0.010416666666666666
0 0.23974609375 0.2809244791666667 0.0078125 0.024088541666666668
0 0.33935546875 0.5166015625 0.013671875 0.020182291666666668
0 0.664794921875 0.5748697916666666 0.00927734375 0.016927083333333332
0 0.331298828125 0.5257161458333334 0.00341796875 0.024088541666666668
0 0.358642578125 0.5563151041666666 0.00927734375 0.017578125
0 0.352294921875 0.5862630208333334 0.01220703125 0.022786458333333332
0 0.356689453125 0.6266276041666666 0.01123046875 0.024088541666666668
0 0.347412109375 0.6608072916666666 0.01416015625 0.024739583333333332
0 0.34716796875 0.6861979166666666 0.01171875 0.0234375
0 0.357421875 0.6787109375 0.0068359375 0.025390625
0 0.667724609375 0.5439453125 0.00927734375 0.018880208333333332
0 0.4599609375 0.48828125 0.0068359375 0.014322916666666666
0 0.236328125 0.4622395833333333 0.0048828125 0.010416666666666666
0 0.66943359375 0.17252604166666666 0.0029296875 0.0078125
0 0.3369140625 0.5052083333333334 0.005859375 0.018229166666666668
0 0.23583984375 0.451171875 0.0068359375 0.013020833333333334
0 0.456787109375 0.5406901041666666 0.01025390625 0.014973958333333334
0 0.343994140625 0.4322916666666667 0.00732421875 0.018229166666666668
0 0.455322265625 0.904296875 0.00146484375 0.0078125
0 0.451416015625 0.5270182291666666 0.01025390625 0.012369791666666666
0 0.327392578125 0.7740885416666666 0.00244140625 0.0078125
0 0.348876953125 0.8046875 0.00244140625 0.009114583333333334
0 0.349365234375 0.7965494791666666 0.00439453125 0.007161458333333333
0 0.3544921875 0.7044270833333334 0.001953125 0.0078125
0 0.325439453125 0.685546875 0.00537109375 0.026041666666666668
0 0.453125 0.3902994791666667 0.005859375 0.016276041666666668
0 0.23681640625 0.3876953125 0.0048828125 0.016276041666666668
0 0.458251953125 0.5042317708333334 0.00830078125 0.017578125
0 0.66943359375 0.2561848958333333 0.0029296875 0.014973958333333334
0 0.454833984375 0.568359375 0.01220703125 0.020833333333333332
0 0.4375 0.5478515625 0.0068359375 0.025390625
0 0.3525390625 0.7913411458333334 0.001953125 0.011067708333333334
0 0.460205078125 0.5862630208333334 0.01513671875 0.024088541666666668
0 0.462646484375 0.7272135416666666 0.01123046875 0.026041666666666668
0 0.57275390625 0.6770833333333334 0.01171875 0.022135416666666668
0 0.5966796875 0.4114583333333333 0.0068359375 0.018229166666666668
0 0.603759765625 0.3880208333333333 0.00732421875 0.024739583333333332
0 0.6064453125 0.1181640625 0.009765625 0.026692708333333332
0 0.61083984375 0.14680989583333334 0.0078125 0.026692708333333332
0 0.669677734375 0.22884114583333334 0.00439453125 0.013671875
0 0.357177734375 0.7327473958333334 0.00244140625 0.011067708333333334
0 0.334228515625 0.6809895833333334 0.01220703125 0.03125
0 0.349609375 0.77734375 0.0029296875 0.010416666666666666
0 0.235107421875 0.49609375 0.00537109375 0.024739583333333332
0 0.2373046875 0.421875 0.0087890625 0.022135416666666668
0 0.43310546875 0.7115885416666666 0.001953125 0.01953125
0 0.673095703125 0.3248697916666667 0.00439453125 0.009114583333333334
0 0.23486328125 0.18196614583333334 0.0068359375 0.020182291666666668
0 0.225830078125 0.20540364583333334 0.01318359375 0.027994791666666668
0 0.24462890625 0.2412109375 0.0068359375 0.021484375
0 0.4443359375 0.3909505208333333 0.0087890625 0.018880208333333332
0 0.467041015625 0.4700520833333333 0.00732421875 0.014322916666666666
0 0.458251953125 0.466796875 0.00732421875 0.015625
0 0.448974609375 0.4361979166666667 0.00634765625 0.01171875
0 0.4404296875 0.4837239583333333 0.0029296875 0.013020833333333334
0 0.447021484375 0.5787760416666666 0.00927734375 0.016927083333333332
0 0.448486328125 0.5986328125 0.00732421875 0.016276041666666668
0 0.4638671875 0.6276041666666666 0.005859375 0.010416666666666666
0 0.242431640625 0.18294270833333334 0.00927734375 0.026041666666666668
0 0.459716796875 0.6194661458333334 0.01025390625 0.020182291666666668
0 0.466552734375 0.6578776041666666 0.00537109375 0.020182291666666668
0 0.455322265625 0.7786458333333334 0.00244140625 0.005208333333333333
0 0.45849609375 0.8824869791666666 0.0009765625 0.009765625
0 0.452880859375 0.8893229166666666 0.00146484375 0.006510416666666667
0 0.45166015625 0.8984375 0.001953125 0.006510416666666667
0 0.24365234375 0.1591796875 0.0087890625 0.025390625
0 0.242431640625 0.140625 0.00732421875 0.016927083333333332
0 0.234130859375 0.14713541666666666 0.01318359375 0.022135416666666668
0 0.21533203125 0.15755208333333334 0.0087890625 0.01171875
0 0.669921875 0.24479166666666666 0.001953125 0.006510416666666667
0 0.449951171875 0.3740234375 0.01123046875 0.022786458333333332
0 0.464599609375 0.6422526041666666 0.00634765625 0.016276041666666668
0 0.6748046875 0.22819010416666666 0.00390625 0.011067708333333334
0 0.238525390625 0.4420572916666667 0.00341796875 0.0078125
0 0.21435546875 0.2236328125 0.0087890625 0.012369791666666666
0 0.209716796875 0.24283854166666666 0.00537109375 0.014322916666666666
0 0.681884765625 0.310546875 0.00341796875 0.0078125
0 0.681640625 0.3180338541666667 0.00390625 0.008463541666666666
0 0.673583984375 0.3167317708333333 0.00341796875 0.008463541666666666
0 0.683837890625 0.544921875 0.00830078125 0.01953125
0 0.233642578125 0.306640625 0.00341796875 0.0078125
0 0.22998046875 0.3134765625 0.0048828125 0.008463541666666666
0 0.24267578125 0.3059895833333333 0.0029296875 0.01171875
0 0.220947265625 0.23893229166666666 0.00244140625 0.0078125
0 0.23388671875 0.341796875 0.0087890625 0.009114583333333334
0 0.676513671875 0.23470052083333334 0.00341796875 0.008463541666666666
0 0.43310546875 0.908203125 0.00390625 0.010416666666666666
0 0.432373046875 0.9212239583333334 0.00244140625 0.0078125
0 0.437744140625 0.837890625 0.00244140625 0.0078125
0 0.22021484375 0.3089192708333333 0.0087890625 0.018880208333333332
0 0.228271484375 0.3235677083333333 0.00439453125 0.010416666666666666
0 0.20654296875 0.4690755208333333 0.005859375 0.013671875
0 0.439453125 0.86328125 0.001953125 0.006510416666666667
0 0.210693359375 0.2649739583333333 0.00439453125 0.006510416666666667
0 0.23974609375 0.20768229166666666 0.00390625 0.009114583333333334
0 0.209228515625 0.2679036458333333 0.00244140625 0.007161458333333333
0 0.344970703125 0.4641927083333333 0.01708984375 0.016927083333333332
0 0.338134765625 0.7115885416666666 0.00244140625 0.0078125
0 0.324462890625 0.7106119791666666 0.00634765625 0.020182291666666668
0 0.321533203125 0.7708333333333334 0.00146484375 0.006510416666666667
0 0.222412109375 0.1591796875 0.00341796875 0.009765625
