0 0.123779296875 0.31640625 0.00244140625 0.010416666666666666
0 0.328857421875 0.443359375 0.00537109375 0.014322916666666666
0 0.337890625 0.4537760416666667 0.00390625 0.01171875
0 0.333251953125 0.4671223958333333 0.01220703125 0.020182291666666668
0 0.380859375 0.6178385416666666 0.00390625 0.015625
0 0.281005859375 0.4039713541666667 0.00732421875 0.008463541666666666
0 0.27783203125 0.4720052083333333 0.0078125 0.015625
0 0.278564453125 0.4544270833333333 0.01513671875 0.016927083333333332
0 0.13525390625 0.3662109375 0.005859375 0.013671875
0 0.211181640625 0.3141276041666667 0.00634765625 0.017578125
0 0.12353515625 0.4622395833333333 0.0029296875 0.01171875
0 0.134765625 0.5436197916666666 0.005859375 0.01171875
0 0.131103515625 0.7386067708333334 0.00927734375 0.018880208333333332
0 0.205322265625 0.2916666666666667 0.00634765625 0.010416666666666666
0 0.20263671875 0.3001302083333333 0.00390625 0.010416666666666666
0 0.337158203125 0.4163411458333333 0.00439453125 0.013671875
0 0.204833984375 0.3102213541666667 0.00634765625 0.013671875
0 0.212646484375 0.3916015625 0.00439453125 0.009765625
0 0.33447265625 0.494140625 0.0078125 0.009114583333333334
0 0.12548828125 0.4446614583333333 0.00390625 0.010416666666666666
0 0.336181640625 0.3958333333333333 0.00244140625 0.009114583333333334
0 0.398193359375 0.4524739583333333 0.00732421875 0.01953125
0 0.39501953125 0.6389973958333334 0.00390625 0.022786458333333332
0 0.208740234375 0.333984375 0.00634765625 0.020833333333333332
0 0.27490234375 0.4840494791666667 0.0087890625 0.012369791666666666
0 0.27490234375 0.4970703125 0.005859375 0.013671875
0 0.2802734375 0.4925130208333333 0.005859375 0.012369791666666666
0 0.28369140625 0.525390625 0.005859375 0.010416666666666666
0 0.340576171875 0.5319010416666666 0.00244140625 0.005208333333333333
0 0.3330078125 0.5169270833333334 0.005859375 0.016927083333333332
0 0.32958984375 0.5016276041666666 0.0029296875 0.021484375
0 0.335205078125 0.5026041666666666 0.00634765625 0.010416666666666666
0 0.284912109375 0.49609375 0.00439453125 0.022135416666666668
0 0.330810546875 0.4876302083333333 0.00439453125 0.006510416666666667
0 0.33349609375 0.4798177083333333 0.01171875 0.015625
0 0.39990234375 0.3528645833333333 0.0087890625 0.016927083333333332
0 0.399658203125 0.4345703125 0.00732421875 0.009765625
0 0.393798828125 0.4410807291666667 0.00732421875 0.014973958333333334
0 0.38671875 0.5436197916666666 0.0078125 0.016927083333333332
0 0.383056640625 0.5849609375 0.00439453125 0.017578125
0 0.391845703125 0.5572916666666666 0.00732421875 0.018229166666666668
0 0.390625 0.6360677083333334 0.00390625 0.01171875
0 0.381103515625 0.6422526041666666 0.00439453125 0.025390625
0 0.21337890625 0.353515625 0.00390625 0.009114583333333334
0 0.213623046875 0.3714192708333333 0.00537109375 0.005859375
0 0.278564453125 0.3538411458333333 0.00927734375 0.022786458333333332
0 0.49755859375 0.5078125 0.00390625 0.014322916666666666
0 0.493896484375 0.4957682291666667 0.00732421875 0.018880208333333332
0 0.490478515625 0.5432942708333334 0.00927734375 0.016276041666666668
0 0.490478515625 0.5579427083333334 0.01123046875 0.015625
0 0.48291015625 0.5550130208333334 0.0029296875 0.013671875
0 0.487548828125 0.5667317708333334 0.00634765625 0.014973958333333334
0 0.497314453125 0.568359375 0.00732421875 0.014322916666666666
0 0.49853515625 0.5748697916666666 0.005859375 0.018229166666666668
0 0.492431640625 0.5826822916666666 0.00927734375 0.018229166666666668
0 0.402587890625 0.3177083333333333 0.00634765625 0.01171875
0 0.408447265625 0.298828125 0.00537109375 0.009114583333333334
0 0.407470703125 0.3274739583333333 0.00537109375 0.010416666666666666
0 0.49072265625 0.4736328125 0.005859375 0.005859375
0 0.577880859375 0.439453125 0.00244140625 0.0078125
0 0.402099609375 0.3030598958333333 0.00830078125 0.016276041666666668
0 0.500244140625 0.5882161458333334 0.00244140625 0.012369791666666666
0 0.4833984375 0.4150390625 0.0029296875 0.007161458333333333
0 0.481689453125 0.5380859375 0.00146484375 0.014973958333333334
0 0.281494140625 0.33203125 0.01123046875 0.024739583333333332
0 0.4951171875 0.482421875 0.00390625 0.010416666666666666
0 0.489990234375 0.4365234375 0.00634765625 0.013671875
0 0.390625 0.4733072916666667 0.00390625 0.0078125
0 0.487548828125 0.294921875 0.00341796875 0.013020833333333334
0 0.2734375 0.40234375 0.00390625 0.014322916666666666
0 0.490234375 0.4134114583333333 0.0068359375 0.018229166666666668
0 0.28173828125 0.4195963541666667 0.009765625 0.013671875
0 0.277099609375 0.4368489583333333 0.00732421875 0.015625
0 0.2265625 0.4928385416666667 0.0029296875 0.0078125
0 0.218505859375 0.4811197916666667 0.00439453125 0.009114583333333334
0 0.212890625 0.4108072916666667 0.0029296875 0.0078125
0 0.40185546875 0.3186848958333333 0.0068359375 0.011067708333333334
0 0.284423828125 0.4427083333333333 0.00244140625 0.01171875
0 0.398193359375 0.3248697916666667 0.00830078125 0.018229166666666668
0 0.2216796875 0.4752604166666667 0.0029296875 0.005208333333333333
0 0.39892578125 0.3404947916666667 0.01171875 0.013020833333333334
0 0.48046875 0.4401041666666667 0.0068359375 0.01953125
0 0.4990234375 0.5592447916666666 0.0029296875 0.010416666666666666
0 0.48828125 0.4537760416666667 0.0029296875 0.0078125
0 0.39599609375 0.3014322916666667 0.00390625 0.018229166666666668
0 0.57568359375 0.4384765625 0.0029296875 0.011067708333333334
0 0.55615234375 0.55859375 0.0029296875 0.013020833333333334
0 0.584716796875 0.2731119791666667 0.00732421875 0.027994791666666668
0 0.568115234375 0.4375 0.00927734375 0.026041666666666668
