0 0.6845703125 0.5152994791666666 0.0185546875 0.034505208333333336
0 0.66552734375 0.6500651041666666 0.02734375 0.060546875
0 0.65966796875 0.6129557291666666 0.017578125 0.035807291666666664
0 0.14501953125 0.4208984375 0.0048828125 0.022786458333333332
0 0.166748046875 0.4384765625 0.01220703125 0.024088541666666668
0 0.450439453125 0.8902994791666666 0.00439453125 0.009765625
0 0.14990234375 0.5602213541666666 0.0068359375 0.024088541666666668
0 0.1689453125 0.22298177083333334 0.013671875 0.030598958333333332
0 0.28759765625 0.1923828125 0.01171875 0.031901041666666664
0 0.1767578125 0.06477864583333333 0.0185546875 0.031901041666666664
0 0.18310546875 0.08854166666666667 0.0185546875 0.032552083333333336
0 0.195556640625 0.09342447916666667 0.01220703125 0.043619791666666664
0 0.15625 0.18587239583333334 0.021484375 0.044921875
0 0.141845703125 0.18229166666666666 0.00634765625 0.022135416666666668
0 0.180908203125 0.22623697916666666 0.01513671875 0.031901041666666664
0 0.148193359375 0.2874348958333333 0.01318359375 0.035807291666666664
0 0.537353515625 0.4563802083333333 0.01220703125 0.020833333333333332
0 0.416748046875 0.103515625 0.00341796875 0.009114583333333334
0 0.426025390625 0.6533203125 0.00341796875 0.011067708333333334
0 0.19287109375 0.28125 0.013671875 0.01953125
0 0.20361328125 0.3766276041666667 0.005859375 0.030598958333333332
0 0.1552734375 0.3977864583333333 0.01953125 0.026041666666666668
0 0.431640625 0.8531901041666666 0.0166015625 0.038411458333333336
0 0.427490234375 0.45703125 0.01513671875 0.03515625
0 0.43505859375 0.6240234375 0.0166015625 0.047526041666666664
0 0.430419921875 0.5924479166666666 0.01220703125 0.028645833333333332
0 0.467529296875 0.8577473958333334 0.00439453125 0.031901041666666664
0 0.420166015625 0.030924479166666668 0.00341796875 0.008463541666666666
0 0.1591796875 0.4820963541666667 0.0068359375 0.014973958333333334
0 0.44140625 0.8375651041666666 0.01171875 0.024088541666666668
0 0.445556640625 0.9970703125 0.01025390625 0.005859375
0 0.431884765625 0.9166666666666666 0.00341796875 0.010416666666666666
0 0.435302734375 0.9208984375 0.00537109375 0.009765625
0 0.454345703125 0.9817708333333334 0.01904296875 0.036458333333333336
0 0.466064453125 0.8333333333333334 0.00634765625 0.022135416666666668
0 0.19140625 0.2620442708333333 0.0166015625 0.039713541666666664
0 0.540283203125 0.4348958333333333 0.01220703125 0.028645833333333332
0 0.156005859375 0.3063151041666667 0.01708984375 0.037109375
0 0.3134765625 0.5537109375 0.009765625 0.025390625
0 0.318359375 0.6282552083333334 0.0078125 0.018229166666666668
0 0.1845703125 0.027018229166666668 0.0146484375 0.024088541666666668
0 0.195068359375 0.6070963541666666 0.01025390625 0.037109375
0 0.189697265625 0.708984375 0.00830078125 0.01953125
0 0.15673828125 0.7350260416666666 0.01171875 0.028645833333333332
0 0.190673828125 0.6634114583333334 0.00830078125 0.01953125
0 0.18212890625 0.6162109375 0.0107421875 0.024088541666666668
0 0.174560546875 0.4759114583333333 0.02001953125 0.03125
0 0.200927734375 0.5361328125 0.00830078125 0.020182291666666668
0 0.201904296875 0.4296875 0.00927734375 0.024739583333333332
0 0.1943359375 0.4801432291666667 0.0107421875 0.024088541666666668
0 0.1875 0.0107421875 0.017578125 0.020182291666666668
0 0.296875 0.3209635416666667 0.017578125 0.044270833333333336
0 0.1591796875 0.24739583333333334 0.013671875 0.024739583333333332
0 0.322998046875 0.5172526041666666 0.00732421875 0.033203125
0 0.298828125 0.453125 0.013671875 0.04296875
0 0.318115234375 0.5999348958333334 0.00927734375 0.031901041666666664
0 0.287353515625 0.4475911458333333 0.00732421875 0.029296875
0 0.29345703125 0.1083984375 0.0126953125 0.037109375
0 0.189208984375 0.3141276041666667 0.01806640625 0.042317708333333336
0 0.19775390625 0.3486328125 0.0107421875 0.033203125
0 0.3212890625 0.4514973958333333 0.01171875 0.042317708333333336
0 0.166015625 0.4085286458333333 0.0166015625 0.030598958333333332
0 0.149169921875 0.373046875 0.01220703125 0.03125
0 0.148193359375 0.34375 0.01123046875 0.02734375
0 0.15087890625 0.4378255208333333 0.0146484375 0.027994791666666668
0 0.17529296875 0.3821614583333333 0.0185546875 0.032552083333333336
0 0.177734375 0.5013020833333334 0.0107421875 0.020833333333333332
0 0.193115234375 0.5074869791666666 0.01611328125 0.033203125
0 0.1953125 0.052734375 0.017578125 0.041666666666666664
0 0.17431640625 0.3466796875 0.017578125 0.030598958333333332
0 0.3193359375 0.677734375 0.0068359375 0.0234375
0 0.29248046875 0.1455078125 0.0146484375 0.038411458333333336
0 0.297119140625 0.3968098958333333 0.01123046875 0.033203125
0 0.165283203125 0.46484375 0.01806640625 0.029947916666666668
