0 0.296875 0.4986979166666667 0.00390625 0.01171875
0 0.302490234375 0.5104166666666666 0.00634765625 0.014322916666666666
0 0.306396484375 0.5 0.00732421875 0.015625
0 0.299560546875 0.4749348958333333 0.00732421875 0.018880208333333332
0 0.30029296875 0.4947916666666667 0.0087890625 0.018229166666666668
0 0.215087890625 0.5006510416666666 0.00537109375 0.010416666666666666
0 0.2978515625 0.5120442708333334 0.00390625 0.016276041666666668
0 0.39453125 0.5172526041666666 0.0068359375 0.024088541666666668
0 0.40625 0.505859375 0.00390625 0.020833333333333332
0 0.306884765625 0.5696614583333334 0.00341796875 0.006510416666666667
0 0.390625 0.5006510416666666 0.00390625 0.013020833333333334
0 0.2158203125 0.4622395833333333 0.0029296875 0.006510416666666667
0 0.39990234375 0.5045572916666666 0.0087890625 0.020833333333333332
0 0.41015625 0.5107421875 0.0048828125 0.025390625
0 0.213134765625 0.5325520833333334 0.00146484375 0.005208333333333333
0 0.309326171875 0.5455729166666666 0.00244140625 0.00390625
0 0.302978515625 0.5520833333333334 0.00146484375 0.006510416666666667
