0 0.482421875 0.48828125 0.0078125 0.015625
0 0.4775390625 0.4365234375 0.0107421875 0.021484375
0 0.536865234375 0.515625 0.00439453125 0.01171875
0 0.48291015625 0.4423828125 0.0087890625 0.013671875
0 0.52197265625 0.3880208333333333 0.005859375 0.015625
0 0.4228515625 0.3776041666666667 0.0087890625 0.022135416666666668
0 0.531005859375 0.4775390625 0.00830078125 0.016276041666666668
0 0.432373046875 0.4065755208333333 0.00634765625 0.018880208333333332
0 0.417236328125 0.3763020833333333 0.01025390625 0.016927083333333332
0 0.51806640625 0.3802083333333333 0.005859375 0.015625
0 0.52734375 0.4140625 0.0068359375 0.015625
0 0.487548828125 0.5478515625 0.00537109375 0.009765625
