0 0.3349609375 0.3522135416666667 0.0068359375 0.0078125
0 0.419189453125 0.5094401041666666 0.00244140625 0.005859375
0 0.41943359375 0.5026041666666666 0.001953125 0.006510416666666667
0 0.41259765625 0.5133463541666666 0.0029296875 0.005859375
0 0.332763671875 0.4303385416666667 0.00537109375 0.014322916666666666
0 0.339111328125 0.4186197916666667 0.00927734375 0.015625
0 0.418212890625 0.4938151041666667 0.00341796875 0.007161458333333333
0 0.3310546875 0.4127604166666667 0.00390625 0.010416666666666666
0 0.337158203125 0.4049479166666667 0.01220703125 0.01171875
0 0.338623046875 0.3460286458333333 0.01318359375 0.016276041666666668
0 0.33837890625 0.43359375 0.0068359375 0.010416666666666666
0 0.33837890625 0.3287760416666667 0.0087890625 0.013020833333333334
0 0.337890625 0.3102213541666667 0.009765625 0.017578125
0 0.339111328125 0.2900390625 0.00732421875 0.017578125
0 0.41552734375 0.5052083333333334 0.0029296875 0.005208333333333333
0 0.336669921875 0.2666015625 0.00537109375 0.012369791666666666
0 0.41162109375 0.5071614583333334 0.0029296875 0.005208333333333333
0 0.478515625 0.5055338541666666 0.0029296875 0.014973958333333334
0 0.4716796875 0.4410807291666667 0.0029296875 0.007161458333333333
0 0.47412109375 0.3001302083333333 0.0068359375 0.020833333333333332
0 0.33447265625 0.3346354166666667 0.0068359375 0.014322916666666666
