0 0.386962890625 0.3899739583333333 0.01025390625 0.033854166666666664
0 0.37939453125 0.3033854166666667 0.01171875 0.040364583333333336
0 0.38720703125 0.4378255208333333 0.0146484375 0.041015625
0 0.423828125 0.4140625 0.0166015625 0.048177083333333336
0 0.39404296875 0.291015625 0.017578125 0.044270833333333336
0 0.3876953125 0.2591145833333333 0.01171875 0.03515625
0 0.4013671875 0.5247395833333334 0.01953125 0.040364583333333336
0 0.41064453125 0.19759114583333334 0.0166015625 0.042317708333333336
0 0.412353515625 0.3606770833333333 0.02392578125 0.0546875
0 0.430908203125 0.3857421875 0.01318359375 0.037109375
0 0.42431640625 0.30078125 0.009765625 0.02734375
0 0.42919921875 0.4537760416666667 0.0126953125 0.02734375
0 0.39306640625 0.2392578125 0.01953125 0.052734375
