0 0.300537109375 0.4967447916666667 0.00244140625 0.013020833333333334
0 0.23583984375 0.4381510416666667 0.005859375 0.0078125
0 0.230224609375 0.4368489583333333 0.00146484375 0.010416666666666666
0 0.240234375 0.419921875 0.0068359375 0.006510416666666667
0 0.253173828125 0.6256510416666666 0.00341796875 0.006510416666666667
0 0.31298828125 0.5888671875 0.001953125 0.0032552083333333335
0 0.398193359375 0.5598958333333334 0.00244140625 0.005208333333333333
0 0.250732421875 0.6217447916666666 0.00244140625 0.005208333333333333
0 0.232421875 0.3408203125 0.005859375 0.008463541666666666
0 0.255126953125 0.5895182291666666 0.00341796875 0.009765625
0 0.309814453125 0.5930989583333334 0.00634765625 0.014322916666666666
0 0.30810546875 0.62109375 0.0048828125 0.0078125
0 0.304931640625 0.634765625 0.00537109375 0.014322916666666666
0 0.3984375 0.5732421875 0.001953125 0.004557291666666667
0 0.400146484375 0.5973307291666666 0.00048828125 0.0032552083333333335
0 0.399658203125 0.5986328125 0.00146484375 0.0032552083333333335
0 0.505615234375 0.3369140625 0.00830078125 0.014973958333333334
0 0.400146484375 0.5686848958333334 0.00146484375 0.004557291666666667
0 0.499755859375 0.3424479166666667 0.00439453125 0.010416666666666666
0 0.505859375 0.3486328125 0.00390625 0.008463541666666666
0 0.510498046875 0.3502604166666667 0.00439453125 0.005208333333333333
0 0.496826171875 0.3248697916666667 0.00634765625 0.014322916666666666
0 0.248291015625 0.6233723958333334 0.00244140625 0.005859375
0 0.3046875 0.5595703125 0.0048828125 0.016276041666666668
0 0.400634765625 0.5634765625 0.00146484375 0.004557291666666667
0 0.400146484375 0.5823567708333334 0.00146484375 0.004557291666666667
0 0.25830078125 0.6002604166666666 0.0029296875 0.0078125
0 0.232421875 0.328125 0.005859375 0.015625
0 0.3984375 0.5810546875 0.0009765625 0.0032552083333333335
0 0.401611328125 0.5797526041666666 0.00146484375 0.005859375
0 0.4013671875 0.6080729166666666 0.0048828125 0.006510416666666667
0 0.405029296875 0.63671875 0.00341796875 0.009114583333333334
0 0.398193359375 0.6497395833333334 0.00341796875 0.009114583333333334
0 0.40625 0.6634114583333334 0.0029296875 0.009114583333333334
0 0.230712890625 0.2926432291666667 0.00537109375 0.017578125
0 0.251220703125 0.3271484375 0.00830078125 0.027994791666666668
0 0.243896484375 0.3212890625 0.00439453125 0.011067708333333334
0 0.39990234375 0.5579427083333334 0.0029296875 0.005208333333333333
0 0.2529296875 0.462890625 0.0078125 0.015625
0 0.247314453125 0.3567708333333333 0.01123046875 0.01953125
0 0.3251953125 0.5673828125 0.0048828125 0.013671875
0 0.318115234375 0.5680338541666666 0.00634765625 0.016276041666666668
0 0.31005859375 0.5712890625 0.0078125 0.017578125
0 0.302490234375 0.6064453125 0.00439453125 0.020182291666666668
0 0.310302734375 0.5517578125 0.00732421875 0.017578125
0 0.248291015625 0.6396484375 0.00732421875 0.009765625
0 0.24755859375 0.630859375 0.0048828125 0.0078125
0 0.2578125 0.556640625 0.0068359375 0.014322916666666666
0 0.2568359375 0.5384114583333334 0.005859375 0.01953125
0 0.30126953125 0.5813802083333334 0.005859375 0.022135416666666668
