0 0.468505859375 0.4560546875 0.00732421875 0.013671875
0 0.362548828125 0.65234375 0.00634765625 0.014322916666666666
0 0.447998046875 0.6884765625 0.00537109375 0.013671875
0 0.3544921875 0.654296875 0.0087890625 0.016927083333333332
0 0.425048828125 0.6057942708333334 0.00830078125 0.012369791666666666
0 0.44482421875 0.6171875 0.00390625 0.018229166666666668
0 0.349609375 0.6311848958333334 0.013671875 0.021484375
0 0.4765625 0.5 0.0078125 0.01171875
0 0.480712890625 0.4772135416666667 0.00634765625 0.01171875
0 0.4765625 0.4651692708333333 0.0087890625 0.016276041666666668
0 0.4775390625 0.5250651041666666 0.009765625 0.011067708333333334
0 0.47802734375 0.5172526041666666 0.0107421875 0.011067708333333334
0 0.479736328125 0.5367838541666666 0.00830078125 0.012369791666666666
0 0.484375 0.5641276041666666 0.00390625 0.009765625
0 0.359375 0.6419270833333334 0.0068359375 0.010416666666666666
0 0.474609375 0.5651041666666666 0.0068359375 0.015625
0 0.4765625 0.4866536458333333 0.005859375 0.011067708333333334
0 0.357666015625 0.6145833333333334 0.01025390625 0.013020833333333334
0 0.386962890625 0.5201822916666666 0.00537109375 0.01171875
0 0.34912109375 0.6136067708333334 0.0068359375 0.008463541666666666
0 0.475341796875 0.6165364583333334 0.00537109375 0.01171875
0 0.4716796875 0.4244791666666667 0.009765625 0.013020833333333334
0 0.46240234375 0.4169921875 0.00390625 0.018880208333333332
0 0.522705078125 0.4195963541666667 0.00439453125 0.013671875
0 0.59130859375 0.9182942708333334 0.00390625 0.013671875
0 0.567626953125 0.6647135416666666 0.00537109375 0.014322916666666666
0 0.397216796875 0.625 0.00927734375 0.014322916666666666
0 0.380615234375 0.48828125 0.00537109375 0.016927083333333332
0 0.38134765625 0.5159505208333334 0.005859375 0.017578125
0 0.348876953125 0.5403645833333334 0.00830078125 0.015625
0 0.336669921875 0.5279947916666666 0.00732421875 0.014322916666666666
0 0.34765625 0.5569661458333334 0.0068359375 0.011067708333333334
0 0.343994140625 0.560546875 0.01123046875 0.015625
0 0.478271484375 0.4368489583333333 0.01123046875 0.016927083333333332
0 0.354248046875 0.5764973958333334 0.01025390625 0.016276041666666668
0 0.344970703125 0.5862630208333334 0.01220703125 0.014973958333333334
0 0.350341796875 0.6025390625 0.01123046875 0.014973958333333334
0 0.359375 0.6285807291666666 0.0078125 0.013671875
0 0.47705078125 0.64453125 0.0068359375 0.01171875
0 0.570068359375 0.8235677083333334 0.00439453125 0.013020833333333334
0 0.402587890625 0.4459635416666667 0.00341796875 0.010416666666666666
0 0.5732421875 0.822265625 0.0048828125 0.013020833333333334
0 0.5849609375 0.87890625 0.0029296875 0.006510416666666667
0 0.365478515625 0.6910807291666666 0.00830078125 0.014973958333333334
0 0.473876953125 0.44140625 0.01025390625 0.013020833333333334
0 0.3701171875 0.7513020833333334 0.0048828125 0.014322916666666666
0 0.3701171875 0.7750651041666666 0.0068359375 0.014973958333333334
0 0.367431640625 0.7913411458333334 0.00732421875 0.016276041666666668
0 0.56689453125 0.8297526041666666 0.00390625 0.017578125
0 0.36376953125 0.8206380208333334 0.0068359375 0.014973958333333334
0 0.31103515625 0.5891927083333334 0.0048828125 0.010416666666666666
0 0.30517578125 0.5852864583333334 0.0087890625 0.018229166666666668
0 0.296875 0.5719401041666666 0.0048828125 0.016276041666666668
0 0.310302734375 0.548828125 0.00537109375 0.0234375
0 0.3017578125 0.5305989583333334 0.0068359375 0.014322916666666666
0 0.297119140625 0.5065104166666666 0.00830078125 0.015625
0 0.56787109375 0.7037760416666666 0.00390625 0.015625
0 0.309814453125 0.5989583333333334 0.00634765625 0.010416666666666666
0 0.56982421875 0.8092447916666666 0.0048828125 0.01171875
0 0.572021484375 0.8014322916666666 0.00341796875 0.010416666666666666
0 0.56591796875 0.80859375 0.001953125 0.01953125
0 0.403076171875 0.4358723958333333 0.00341796875 0.011067708333333334
0 0.410400390625 0.4446614583333333 0.00830078125 0.016927083333333332
0 0.427978515625 0.4879557291666667 0.00634765625 0.016276041666666668
0 0.411865234375 0.5146484375 0.00439453125 0.008463541666666666
0 0.423095703125 0.5179036458333334 0.01220703125 0.007161458333333333
0 0.4140625 0.5354817708333334 0.0048828125 0.009765625
0 0.419921875 0.5270182291666666 0.01171875 0.012369791666666666
0 0.4267578125 0.53125 0.0087890625 0.013020833333333334
0 0.427001953125 0.58203125 0.00927734375 0.013020833333333334
0 0.422119140625 0.6158854166666666 0.00634765625 0.013020833333333334
0 0.35791015625 0.671875 0.0087890625 0.015625
0 0.353515625 0.5598958333333334 0.0068359375 0.014322916666666666
0 0.36376953125 0.7174479166666666 0.009765625 0.01171875
0 0.569580078125 0.7412109375 0.00439453125 0.012369791666666666
0 0.568359375 0.7942708333333334 0.00390625 0.013020833333333334
0 0.5654296875 0.7825520833333334 0.0029296875 0.01171875
0 0.569091796875 0.7783203125 0.00634765625 0.009765625
0 0.484619140625 0.6565755208333334 0.00732421875 0.012369791666666666
0 0.356689453125 0.5983072916666666 0.00439453125 0.013020833333333334
0 0.408935546875 0.4899088541666667 0.00537109375 0.011067708333333334
0 0.320068359375 0.3662109375 0.00341796875 0.014973958333333334
0 0.563232421875 0.5234375 0.00634765625 0.016927083333333332
0 0.5859375 0.4983723958333333 0.0078125 0.017578125
0 0.58837890625 0.4384765625 0.00390625 0.014973958333333334
0 0.58837890625 0.4524739583333333 0.00390625 0.013020833333333334
0 0.5849609375 0.4638671875 0.0029296875 0.011067708333333334
0 0.567626953125 0.46875 0.00732421875 0.013020833333333334
0 0.569580078125 0.3824869791666667 0.00830078125 0.017578125
0 0.566162109375 0.5563151041666666 0.00537109375 0.011067708333333334
0 0.564697265625 0.3388671875 0.00537109375 0.017578125
0 0.5634765625 0.501953125 0.0068359375 0.014322916666666666
0 0.58935546875 0.3606770833333333 0.001953125 0.016927083333333332
0 0.41064453125 0.482421875 0.0029296875 0.0078125
0 0.606201171875 0.5006510416666666 0.00244140625 0.0078125
0 0.6435546875 0.607421875 0.005859375 0.016927083333333332
0 0.64453125 0.5380859375 0.0048828125 0.020182291666666668
0 0.340576171875 0.5501302083333334 0.00830078125 0.009114583333333334
0 0.560791015625 0.3317057291666667 0.00341796875 0.014973958333333334
0 0.422607421875 0.4596354166666667 0.00634765625 0.016927083333333332
0 0.559814453125 0.3733723958333333 0.00341796875 0.026692708333333332
0 0.56787109375 0.5205078125 0.005859375 0.014973958333333334
0 0.493408203125 0.5319010416666666 0.00537109375 0.014322916666666666
0 0.49267578125 0.5686848958333334 0.005859375 0.011067708333333334
0 0.4755859375 0.6318359375 0.0078125 0.011067708333333334
0 0.48681640625 0.6158854166666666 0.0048828125 0.0078125
0 0.47314453125 0.5885416666666666 0.0087890625 0.014322916666666666
0 0.46923828125 0.4697265625 0.0068359375 0.013671875
0 0.463134765625 0.5061848958333334 0.00244140625 0.016276041666666668
0 0.581787109375 0.513671875 0.00927734375 0.020833333333333332
0 0.483154296875 0.4892578125 0.00537109375 0.011067708333333334
0 0.578125 0.3779296875 0.009765625 0.014973958333333334
0 0.485595703125 0.390625 0.00439453125 0.013020833333333334
0 0.468017578125 0.4000651041666667 0.00244140625 0.007161458333333333
0 0.5673828125 0.5719401041666666 0.0078125 0.017578125
0 0.57958984375 0.5777994791666666 0.0048828125 0.012369791666666666
0 0.587890625 0.5524088541666666 0.001953125 0.011067708333333334
0 0.5888671875 0.5660807291666666 0.001953125 0.016276041666666668
0 0.5673828125 0.4899088541666667 0.0068359375 0.012369791666666666
0 0.422607421875 0.4479166666666667 0.00439453125 0.0078125
0 0.523681640625 0.607421875 0.00439453125 0.00390625
0 0.40966796875 0.4739583333333333 0.0068359375 0.010416666666666666
0 0.344970703125 0.3304036458333333 0.00341796875 0.013671875
0 0.34912109375 0.3665364583333333 0.0029296875 0.010416666666666666
0 0.343505859375 0.3629557291666667 0.00732421875 0.014973958333333334
0 0.342041015625 0.3697916666666667 0.00537109375 0.010416666666666666
0 0.338623046875 0.3714192708333333 0.00732421875 0.012369791666666666
0 0.56396484375 0.6982421875 0.0029296875 0.016276041666666668
0 0.335693359375 0.3619791666666667 0.00732421875 0.010416666666666666
0 0.328857421875 0.3629557291666667 0.00439453125 0.017578125
0 0.3251953125 0.3665364583333333 0.005859375 0.015625
0 0.345458984375 0.3850911458333333 0.00634765625 0.012369791666666666
0 0.33740234375 0.3909505208333333 0.0087890625 0.014973958333333334
0 0.34521484375 0.4254557291666667 0.0107421875 0.018880208333333332
0 0.339111328125 0.4111328125 0.01220703125 0.014973958333333334
0 0.345703125 0.4759114583333333 0.0078125 0.020833333333333332
0 0.408203125 0.4788411458333333 0.0048828125 0.004557291666666667
0 0.424560546875 0.4300130208333333 0.00537109375 0.018880208333333332
0 0.320556640625 0.3828125 0.00341796875 0.01171875
0 0.340087890625 0.4547526041666667 0.01220703125 0.011067708333333334
0 0.34521484375 0.3968098958333333 0.0068359375 0.014973958333333334
0 0.603271484375 0.4850260416666667 0.00439453125 0.009114583333333334
0 0.435791015625 0.5598958333333334 0.00341796875 0.005208333333333333
0 0.3466796875 0.5237630208333334 0.0048828125 0.016276041666666668
0 0.418212890625 0.6018880208333334 0.00341796875 0.011067708333333334
0 0.4130859375 0.4303385416666667 0.0068359375 0.018229166666666668
0 0.603515625 0.4996744791666667 0.001953125 0.004557291666666667
0 0.60986328125 0.5130208333333334 0.0029296875 0.0078125
0 0.482666015625 0.5817057291666666 0.00634765625 0.017578125
0 0.43896484375 0.6643880208333334 0.0048828125 0.004557291666666667
0 0.442626953125 0.677734375 0.00927734375 0.009114583333333334
0 0.60693359375 0.5094401041666666 0.001953125 0.004557291666666667
0 0.643310546875 0.5123697916666666 0.00439453125 0.015625
0 0.632080078125 0.4928385416666667 0.01123046875 0.014322916666666666
0 0.408203125 0.4853515625 0.0048828125 0.008463541666666666
0 0.632568359375 0.5296223958333334 0.01025390625 0.020182291666666668
0 0.60302734375 0.4954427083333333 0.001953125 0.005208333333333333
0 0.589111328125 0.3763020833333333 0.00146484375 0.013020833333333334
0 0.41796875 0.6123046875 0.001953125 0.008463541666666666
0 0.412109375 0.501953125 0.00390625 0.010416666666666666
