0 0.6455078125 0.5826822916666666 0.0068359375 0.016927083333333332
0 0.651611328125 0.6057942708333334 0.00634765625 0.017578125
0 0.61376953125 0.5283203125 0.001953125 0.0032552083333333335
0 0.377197265625 0.7926432291666666 0.00634765625 0.016276041666666668
0 0.61767578125 0.5400390625 0.0009765625 0.004557291666666667
0 0.616943359375 0.5380859375 0.00146484375 0.004557291666666667
0 0.6162109375 0.5413411458333334 0.001953125 0.004557291666666667
0 0.640869140625 0.5266927083333334 0.00927734375 0.01953125
0 0.615234375 0.5270182291666666 0.001953125 0.0032552083333333335
0 0.615234375 0.5319010416666666 0.001953125 0.00390625
0 0.65283203125 0.5338541666666666 0.0048828125 0.024739583333333332
0 0.4267578125 0.4573567708333333 0.0068359375 0.009765625
0 0.48046875 0.5872395833333334 0.009765625 0.018229166666666668
0 0.5712890625 0.5013020833333334 0.0068359375 0.013020833333333334
0 0.4921875 0.564453125 0.00390625 0.009114583333333334
0 0.41455078125 0.4840494791666667 0.0068359375 0.013671875
0 0.415283203125 0.4925130208333333 0.00439453125 0.007161458333333333
0 0.3876953125 0.5026041666666666 0.0048828125 0.01171875
0 0.386474609375 0.4892578125 0.00537109375 0.016276041666666668
0 0.373779296875 0.82421875 0.00634765625 0.009114583333333334
0 0.61669921875 0.5289713541666666 0.0009765625 0.004557291666666667
0 0.602783203125 0.9166666666666666 0.00341796875 0.014322916666666666
0 0.61572265625 0.5237630208333334 0.0009765625 0.004557291666666667
0 0.639892578125 0.490234375 0.01123046875 0.014322916666666666
0 0.61669921875 0.5110677083333334 0.001953125 0.0078125
0 0.48486328125 0.5862630208333334 0.005859375 0.007161458333333333
0 0.42431640625 0.4352213541666667 0.005859375 0.017578125
0 0.428466796875 0.4482421875 0.00341796875 0.007161458333333333
0 0.43310546875 0.453125 0.001953125 0.0078125
0 0.413330078125 0.4755859375 0.00244140625 0.005859375
0 0.413818359375 0.4641927083333333 0.00439453125 0.010416666666666666
0 0.392822265625 0.53125 0.00341796875 0.013020833333333334
0 0.396240234375 0.5279947916666666 0.00341796875 0.005208333333333333
0 0.388916015625 0.5315755208333334 0.00244140625 0.007161458333333333
0 0.388427734375 0.5263671875 0.00244140625 0.004557291666666667
0 0.61669921875 0.521484375 0.0009765625 0.005208333333333333
0 0.4951171875 0.6168619791666666 0.0048828125 0.008463541666666666
0 0.41796875 0.5035807291666666 0.00390625 0.009765625
0 0.6513671875 0.5100911458333334 0.0048828125 0.016276041666666668
0 0.614013671875 0.4837239583333333 0.00244140625 0.006510416666666667
0 0.614501953125 0.4915364583333333 0.00244140625 0.006510416666666667
0 0.61328125 0.4990234375 0.0029296875 0.007161458333333333
0 0.610107421875 0.4938151041666667 0.00146484375 0.005859375
0 0.607177734375 0.484375 0.00146484375 0.006510416666666667
0 0.490234375 0.5784505208333334 0.0068359375 0.012369791666666666
0 0.610595703125 0.498046875 0.00146484375 0.005208333333333333
0 0.614013671875 0.5074869791666666 0.00146484375 0.004557291666666667
0 0.6376953125 0.4586588541666667 0.009765625 0.011067708333333334
0 0.41748046875 0.5143229166666666 0.00390625 0.0078125
0 0.43212890625 0.6061197916666666 0.0078125 0.013020833333333334
0 0.372802734375 0.7190755208333334 0.00830078125 0.011067708333333334
0 0.485595703125 0.5166015625 0.01123046875 0.011067708333333334
0 0.47021484375 0.5068359375 0.001953125 0.014973958333333334
0 0.47705078125 0.4996744791666667 0.0048828125 0.011067708333333334
0 0.408447265625 0.4456380208333333 0.00244140625 0.009765625
0 0.483642578125 0.486328125 0.00537109375 0.01171875
0 0.48681640625 0.4765625 0.005859375 0.01171875
0 0.47607421875 0.4697265625 0.0068359375 0.014973958333333334
0 0.48388671875 0.5003255208333334 0.0078125 0.012369791666666666
0 0.483154296875 0.46484375 0.00927734375 0.016927083333333332
0 0.388427734375 0.517578125 0.00439453125 0.014322916666666666
0 0.4873046875 0.5120442708333334 0.0068359375 0.009765625
0 0.393310546875 0.5208333333333334 0.00537109375 0.01171875
0 0.429931640625 0.4267578125 0.00537109375 0.012369791666666666
0 0.491455078125 0.3893229166666667 0.00439453125 0.013020833333333334
0 0.46826171875 0.4163411458333333 0.0029296875 0.018880208333333332
0 0.474853515625 0.4560546875 0.00830078125 0.013671875
0 0.4775390625 0.4235026041666667 0.009765625 0.014973958333333334
0 0.467041015625 0.4029947916666667 0.00146484375 0.009114583333333334
0 0.4794921875 0.4420572916666667 0.009765625 0.01171875
0 0.469970703125 0.44140625 0.00244140625 0.013020833333333334
0 0.484619140625 0.4371744791666667 0.01123046875 0.017578125
0 0.58056640625 0.3876953125 0.005859375 0.008463541666666666
0 0.388916015625 0.541015625 0.00341796875 0.01171875
0 0.4287109375 0.5185546875 0.0126953125 0.008463541666666666
0 0.484619140625 0.5244140625 0.00927734375 0.012369791666666666
0 0.480224609375 0.5315755208333334 0.00341796875 0.005859375
0 0.374267578125 0.6943359375 0.00537109375 0.012369791666666666
0 0.371826171875 0.6490885416666666 0.00341796875 0.010416666666666666
0 0.40478515625 0.625 0.0087890625 0.014322916666666666
0 0.420654296875 0.5361328125 0.00439453125 0.009765625
0 0.36669921875 0.6432291666666666 0.0048828125 0.010416666666666666
0 0.368896484375 0.6546223958333334 0.00537109375 0.012369791666666666
0 0.42626953125 0.5270182291666666 0.01171875 0.012369791666666666
0 0.43310546875 0.5315755208333334 0.0087890625 0.013671875
0 0.449462890625 0.5924479166666666 0.00341796875 0.009114583333333334
0 0.43359375 0.58203125 0.0078125 0.010416666666666666
0 0.4794921875 0.5240885416666666 0.00390625 0.0078125
0 0.4287109375 0.6158854166666666 0.0068359375 0.01171875
0 0.453125 0.6783854166666666 0.00390625 0.0078125
0 0.455810546875 0.6888020833333334 0.00537109375 0.013020833333333334
0 0.43701171875 0.6848958333333334 0.00390625 0.014322916666666666
0 0.415771484375 0.4456380208333333 0.00830078125 0.017578125
0 0.408447265625 0.4361979166666667 0.00244140625 0.010416666666666666
0 0.43359375 0.4876302083333333 0.005859375 0.015625
0 0.418212890625 0.4300130208333333 0.00634765625 0.016276041666666668
0 0.482666015625 0.5654296875 0.00732421875 0.014973958333333334
0 0.4794921875 0.5406901041666666 0.00390625 0.008463541666666666
0 0.487060546875 0.5374348958333334 0.00830078125 0.012369791666666666
0 0.452880859375 0.6175130208333334 0.00341796875 0.017578125
0 0.490478515625 0.5875651041666666 0.00439453125 0.005859375
0 0.575927734375 0.3798828125 0.00830078125 0.016276041666666668
0 0.489013671875 0.48828125 0.00830078125 0.010416666666666666
0 0.315673828125 0.5511067708333334 0.00537109375 0.024088541666666668
0 0.306884765625 0.533203125 0.00634765625 0.014322916666666666
0 0.302001953125 0.5087890625 0.00732421875 0.016276041666666668
0 0.345458984375 0.4557291666666667 0.01318359375 0.010416666666666666
0 0.3515625 0.4778645833333333 0.0087890625 0.020833333333333332
0 0.323486328125 0.3359375 0.00634765625 0.015625
0 0.329833984375 0.3671875 0.00537109375 0.015625
0 0.32470703125 0.3831380208333333 0.0029296875 0.013671875
0 0.333984375 0.3629557291666667 0.005859375 0.018880208333333332
0 0.342529296875 0.3681640625 0.00927734375 0.021484375
0 0.347900390625 0.3629557291666667 0.00830078125 0.013671875
0 0.35400390625 0.365234375 0.0029296875 0.014322916666666666
0 0.3486328125 0.3857421875 0.0087890625 0.013671875
0 0.341796875 0.3935546875 0.0087890625 0.012369791666666666
0 0.349853515625 0.3974609375 0.00732421875 0.014973958333333334
0 0.349609375 0.4296875 0.0078125 0.013020833333333334
0 0.366455078125 0.6305338541666666 0.00634765625 0.013671875
0 0.455078125 0.6510416666666666 0.0029296875 0.013020833333333334
0 0.36572265625 0.6731770833333334 0.0087890625 0.015625
0 0.575927734375 0.5188802083333334 0.00634765625 0.014322916666666666
0 0.5712890625 0.5224609375 0.005859375 0.014973958333333334
0 0.302734375 0.5745442708333334 0.00390625 0.016276041666666668
0 0.31591796875 0.6018880208333334 0.005859375 0.008463541666666666
0 0.310546875 0.5862630208333334 0.0087890625 0.014973958333333334
0 0.317138671875 0.5914713541666666 0.00537109375 0.011067708333333334
0 0.33984375 0.548828125 0.0048828125 0.018229166666666668
0 0.347412109375 0.5563151041666666 0.00732421875 0.017578125
0 0.361083984375 0.5621744791666666 0.00537109375 0.013671875
0 0.33837890625 0.52734375 0.00390625 0.016927083333333332
0 0.343505859375 0.5296223958333334 0.00732421875 0.014973958333333334
0 0.35546875 0.5426432291666666 0.0078125 0.014973958333333334
0 0.355712890625 0.6266276041666666 0.00732421875 0.013671875
0 0.350830078125 0.5628255208333334 0.00927734375 0.014973958333333334
0 0.346435546875 0.568359375 0.00537109375 0.0078125
0 0.50048828125 0.5677083333333334 0.005859375 0.010416666666666666
0 0.595703125 0.5501302083333334 0.0029296875 0.010416666666666666
0 0.3486328125 0.5843098958333334 0.0068359375 0.011067708333333334
0 0.357666015625 0.5777994791666666 0.00732421875 0.012369791666666666
0 0.35791015625 0.6009114583333334 0.0126953125 0.022135416666666668
0 0.365478515625 0.6184895833333334 0.00732421875 0.01171875
0 0.356689453125 0.615234375 0.00634765625 0.0078125
0 0.353271484375 0.5257161458333334 0.00537109375 0.016276041666666668
0 0.36083984375 0.6373697916666666 0.0068359375 0.010416666666666666
0 0.3544921875 0.5572916666666666 0.0078125 0.01171875
0 0.349609375 0.4420572916666667 0.00390625 0.010416666666666666
0 0.361328125 0.6292317708333334 0.00390625 0.005859375
0 0.34423828125 0.4117838541666667 0.01171875 0.013671875
0 0.36181640625 0.576171875 0.0078125 0.014322916666666666
0 0.59716796875 0.5638020833333334 0.001953125 0.015625
0 0.354248046875 0.5885416666666666 0.00927734375 0.01171875
0 0.5732421875 0.564453125 0.00390625 0.009114583333333334
0 0.565673828125 0.37109375 0.00341796875 0.026041666666666668
0 0.569580078125 0.3763020833333333 0.00439453125 0.014322916666666666
0 0.584228515625 0.3727213541666667 0.00634765625 0.014973958333333334
0 0.587646484375 0.373046875 0.00439453125 0.010416666666666666
0 0.582275390625 0.3942057291666667 0.00634765625 0.007161458333333333
0 0.595458984375 0.435546875 0.00439453125 0.015625
0 0.59521484375 0.451171875 0.00390625 0.010416666666666666
0 0.573974609375 0.48828125 0.01025390625 0.013020833333333334
0 0.574462890625 0.4677734375 0.00732421875 0.013671875
0 0.576171875 0.4557291666666667 0.005859375 0.01171875
0 0.595458984375 0.3736979166666667 0.00244140625 0.014322916666666666
0 0.36279296875 0.6565755208333334 0.0087890625 0.017578125
0 0.596435546875 0.8779296875 0.00244140625 0.008463541666666666
0 0.482421875 0.6165364583333334 0.0068359375 0.014322916666666666
0 0.601806640625 0.9026692708333334 0.00146484375 0.008463541666666666
0 0.60986328125 0.4830729166666667 0.00390625 0.009114583333333334
0 0.5810546875 0.3792317708333333 0.0029296875 0.005859375
0 0.473876953125 0.3994140625 0.00244140625 0.007161458333333333
0 0.473388671875 0.40625 0.00146484375 0.0026041666666666665
0 0.47265625 0.4114583333333333 0.001953125 0.006510416666666667
0 0.489013671875 0.3577473958333333 0.00537109375 0.007161458333333333
0 0.57568359375 0.5709635416666666 0.0078125 0.018229166666666668
0 0.592529296875 0.4944661458333333 0.00537109375 0.012369791666666666
0 0.595703125 0.357421875 0.001953125 0.016927083333333332
0 0.471435546875 0.3811848958333333 0.00146484375 0.004557291666666667
0 0.5703125 0.3365885416666667 0.005859375 0.018229166666666668
0 0.57373046875 0.5550130208333334 0.0048828125 0.011067708333333334
0 0.566650390625 0.3297526041666667 0.00341796875 0.013671875
0 0.577392578125 0.5563151041666666 0.00439453125 0.008463541666666666
0 0.587890625 0.5755208333333334 0.0048828125 0.01171875
0 0.576904296875 0.6647135416666666 0.00537109375 0.013020833333333334
0 0.573486328125 0.697265625 0.00244140625 0.015625
0 0.579345703125 0.740234375 0.00537109375 0.013020833333333334
0 0.579345703125 0.7776692708333334 0.00634765625 0.009765625
0 0.58251953125 0.80078125 0.00390625 0.010416666666666666
0 0.57861328125 0.79296875 0.00390625 0.015625
0 0.580322265625 0.8079427083333334 0.00537109375 0.01171875
0 0.59521484375 0.4661458333333333 0.0029296875 0.0078125
0 0.580322265625 0.822265625 0.00439453125 0.013020833333333334
0 0.583740234375 0.8219401041666666 0.00537109375 0.013671875
0 0.493408203125 0.6575520833333334 0.00634765625 0.01171875
0 0.52880859375 0.4176432291666667 0.0048828125 0.013671875
0 0.58935546875 0.5120442708333334 0.009765625 0.021484375
0 0.486083984375 0.6442057291666666 0.00634765625 0.013671875
0 0.595703125 0.4817708333333333 0.00390625 0.016927083333333332
0 0.592041015625 0.4622395833333333 0.00341796875 0.010416666666666666
0 0.577392578125 0.7027994791666666 0.00439453125 0.016276041666666668
0 0.57763671875 0.8297526041666666 0.00390625 0.016276041666666668
0 0.483642578125 0.6315104166666666 0.00830078125 0.010416666666666666
