0 0.5556640625 0.3951822916666667 0.001953125 0.01171875
0 0.341796875 0.3349609375 0.01171875 0.029296875
0 0.34326171875 0.3138020833333333 0.0078125 0.013020833333333334
0 0.439208984375 0.3811848958333333 0.00732421875 0.025390625
0 0.334716796875 0.3274739583333333 0.01123046875 0.026041666666666668
0 0.556884765625 0.3818359375 0.00146484375 0.014973958333333334
0 0.55517578125 0.4124348958333333 0.0009765625 0.013671875
0 0.349365234375 0.3317057291666667 0.00341796875 0.024088541666666668
0 0.34814453125 0.3167317708333333 0.005859375 0.016276041666666668
0 0.55322265625 0.5374348958333334 0.005859375 0.017578125
0 0.567138671875 0.4287109375 0.00732421875 0.024088541666666668
