0 0.629638671875 0.3505859375 0.00244140625 0.004557291666666667
0 0.628173828125 0.4150390625 0.00439453125 0.005859375
0 0.349853515625 0.474609375 0.00927734375 0.020833333333333332
0 0.4384765625 0.5094401041666666 0.00390625 0.012369791666666666
0 0.71630859375 0.7034505208333334 0.0078125 0.020182291666666668
0 0.6298828125 0.3564453125 0.001953125 0.005859375
0 0.436767578125 0.4397786458333333 0.00244140625 0.013671875
0 0.711181640625 0.5247395833333334 0.00927734375 0.020833333333333332
0 0.702392578125 0.5224609375 0.00537109375 0.011067708333333334
0 0.4375 0.5462239583333334 0.00390625 0.009114583333333334
0 0.438232421875 0.5595703125 0.00439453125 0.016276041666666668
0 0.45751953125 0.5960286458333334 0.009765625 0.027994791666666668
0 0.456787109375 0.4475911458333333 0.00634765625 0.020182291666666668
0 0.6298828125 0.404296875 0.0048828125 0.010416666666666666
0 0.716796875 0.529296875 0.00390625 0.006510416666666667
0 0.53857421875 0.4557291666666667 0.0048828125 0.014322916666666666
0 0.62109375 0.4134114583333333 0.001953125 0.006510416666666667
0 0.452880859375 0.326171875 0.00830078125 0.020833333333333332
0 0.54296875 0.4720052083333333 0.0107421875 0.020833333333333332
0 0.45556640625 0.5673828125 0.009765625 0.025390625
0 0.34619140625 0.4599609375 0.0068359375 0.017578125
0 0.718505859375 0.4775390625 0.00537109375 0.021484375
0 0.706787109375 0.4521484375 0.00439453125 0.009765625
0 0.703369140625 0.4475911458333333 0.00341796875 0.009765625
0 0.62939453125 0.3310546875 0.0087890625 0.021484375
0 0.708984375 0.4866536458333333 0.0048828125 0.008463541666666666
0 0.7197265625 0.4521484375 0.005859375 0.020182291666666668
0 0.722412109375 0.4423828125 0.00341796875 0.011067708333333334
0 0.703369140625 0.4925130208333333 0.00732421875 0.014973958333333334
0 0.70849609375 0.4319661458333333 0.00390625 0.009765625
0 0.7080078125 0.4420572916666667 0.00390625 0.009114583333333334
0 0.34375 0.416015625 0.00390625 0.010416666666666666
0 0.62744140625 0.3082682291666667 0.0078125 0.022786458333333332
