0 0.46142578125 0.576171875 0.0048828125 0.01171875
0 0.57763671875 0.3932291666666667 0.0087890625 0.020833333333333332
0 0.458984375 0.5914713541666666 0.0048828125 0.007161458333333333
0 0.5927734375 0.6100260416666666 0.00390625 0.005208333333333333
0 0.592041015625 0.6145833333333334 0.00244140625 0.005208333333333333
0 0.457275390625 0.5813802083333334 0.00341796875 0.01171875
0 0.584716796875 0.5810546875 0.00439453125 0.009765625
0 0.592041015625 0.6194661458333334 0.00146484375 0.004557291666666667
0 0.594970703125 0.6181640625 0.00341796875 0.008463541666666666
0 0.59033203125 0.623046875 0.0009765625 0.0026041666666666665
0 0.4609375 0.60546875 0.0068359375 0.009114583333333334
0 0.58935546875 0.6178385416666666 0.0029296875 0.006510416666666667
0 0.59326171875 0.6243489583333334 0.001953125 0.005208333333333333
0 0.380126953125 0.5973307291666666 0.00537109375 0.009765625
0 0.59423828125 0.5791015625 0.0048828125 0.018880208333333332
0 0.376220703125 0.5758463541666666 0.00341796875 0.007161458333333333
0 0.462890625 0.6416015625 0.0068359375 0.014973958333333334
0 0.461669921875 0.6285807291666666 0.00830078125 0.011067708333333334
0 0.325439453125 0.16178385416666666 0.00439453125 0.016276041666666668
0 0.326904296875 0.17610677083333334 0.00341796875 0.011067708333333334
0 0.454833984375 0.3740234375 0.00732421875 0.021484375
0 0.4541015625 0.3935546875 0.0087890625 0.020182291666666668
0 0.385498046875 0.63671875 0.00537109375 0.006510416666666667
0 0.455322265625 0.541015625 0.00732421875 0.010416666666666666
0 0.4638671875 0.5231119791666666 0.0048828125 0.012369791666666666
0 0.463623046875 0.5524088541666666 0.00634765625 0.013671875
0 0.456787109375 0.6005859375 0.00537109375 0.013671875
0 0.462646484375 0.6227213541666666 0.00830078125 0.013671875
0 0.456298828125 0.447265625 0.00927734375 0.029947916666666668
