0 0.442626953125 0.7887369791666666 0.00732421875 0.016276041666666668
0 0.449951171875 0.8056640625 0.00439453125 0.012369791666666666
0 0.514404296875 0.7473958333333334 0.00439453125 0.00390625
0 0.387451171875 0.3024088541666667 0.00341796875 0.009765625
0 0.44287109375 0.7779947916666666 0.0068359375 0.006510416666666667
0 0.448974609375 0.7757161458333334 0.00537109375 0.008463541666666666
0 0.4443359375 0.8108723958333334 0.0126953125 0.024088541666666668
0 0.44677734375 0.7838541666666666 0.0048828125 0.010416666666666666
0 0.44775390625 0.7952473958333334 0.0087890625 0.009765625
0 0.44384765625 0.7701822916666666 0.0048828125 0.010416666666666666
0 0.444580078125 0.74609375 0.00341796875 0.005208333333333333
0 0.44921875 0.7652994791666666 0.0048828125 0.009765625
0 0.450439453125 0.66015625 0.00439453125 0.015625
0 0.519287109375 0.7194010416666666 0.00341796875 0.013020833333333334
0 0.512939453125 0.7005208333333334 0.00341796875 0.005208333333333333
0 0.387939453125 0.3255208333333333 0.00634765625 0.01953125
0 0.513671875 0.7369791666666666 0.00390625 0.014322916666666666
0 0.386962890625 0.353515625 0.00830078125 0.024739583333333332
