0 0.70166015625 0.2975260416666667 0.0029296875 0.010416666666666666
0 0.595703125 0.6500651041666666 0.0068359375 0.011067708333333334
0 0.595947265625 0.6217447916666666 0.00732421875 0.014322916666666666
0 0.609619140625 0.5159505208333334 0.00927734375 0.017578125
0 0.610107421875 0.4762369791666667 0.00537109375 0.013671875
0 0.455078125 0.6305338541666666 0.0068359375 0.011067708333333334
0 0.456298828125 0.6536458333333334 0.01220703125 0.009114583333333334
0 0.45703125 0.6624348958333334 0.0107421875 0.011067708333333334
0 0.458984375 0.6946614583333334 0.0078125 0.013020833333333334
0 0.456298828125 0.7054036458333334 0.00830078125 0.011067708333333334
0 0.45947265625 0.6204427083333334 0.0048828125 0.010416666666666666
0 0.70849609375 0.291015625 0.0068359375 0.015625
0 0.455322265625 0.6435546875 0.00927734375 0.012369791666666666
0 0.522216796875 0.482421875 0.00732421875 0.018229166666666668
0 0.68896484375 0.322265625 0.001953125 0.014322916666666666
0 0.45458984375 0.6204427083333334 0.005859375 0.01171875
0 0.52685546875 0.5166015625 0.005859375 0.011067708333333334
0 0.458984375 0.6031901041666666 0.0068359375 0.009765625
0 0.45654296875 0.6064453125 0.00390625 0.008463541666666666
0 0.44189453125 0.4501953125 0.005859375 0.012369791666666666
0 0.442138671875 0.4274088541666667 0.00732421875 0.011067708333333334
0 0.36572265625 0.4098307291666667 0.00390625 0.013671875
0 0.451171875 0.6018880208333334 0.00390625 0.007161458333333333
0 0.36767578125 0.3876953125 0.0048828125 0.012369791666666666
0 0.30908203125 0.3411458333333333 0.0087890625 0.018229166666666668
0 0.30419921875 0.3307291666666667 0.009765625 0.020833333333333332
0 0.3076171875 0.3577473958333333 0.0068359375 0.014973958333333334
0 0.308837890625 0.400390625 0.00732421875 0.020833333333333332
0 0.4384765625 0.4046223958333333 0.0078125 0.014973958333333334
0 0.368408203125 0.3971354166666667 0.00634765625 0.0078125
