0 0.694580078125 0.4918619791666667 0.01220703125 0.026692708333333332
0 0.68505859375 0.484375 0.0068359375 0.01953125
0 0.710693359375 0.4827473958333333 0.01708984375 0.037109375
0 0.7265625 0.4593098958333333 0.015625 0.029296875
0 0.709228515625 0.4495442708333333 0.02294921875 0.022786458333333332
0 0.68115234375 0.4098307291666667 0.017578125 0.039713541666666664
0 0.73974609375 0.4127604166666667 0.01171875 0.022135416666666668
0 0.7529296875 0.4111328125 0.0078125 0.016276041666666668
0 0.74462890625 0.4235026041666667 0.013671875 0.022786458333333332
0 0.74267578125 0.5068359375 0.0078125 0.024088541666666668
0 0.708740234375 0.4075520833333333 0.01708984375 0.026041666666666668
0 0.722412109375 0.431640625 0.01611328125 0.03515625
0 0.7236328125 0.4918619791666667 0.0185546875 0.035807291666666664
0 0.437744140625 0.4186197916666667 0.00732421875 0.018229166666666668
0 0.394775390625 0.5693359375 0.01513671875 0.025390625
0 0.52490234375 0.3212890625 0.001953125 0.013671875
0 0.48974609375 0.4993489583333333 0.0107421875 0.01953125
0 0.708984375 0.011067708333333334 0.01171875 0.022135416666666668
0 0.752685546875 0.013020833333333334 0.01123046875 0.0234375
0 0.408203125 0.3955078125 0.017578125 0.041015625
0 0.421630859375 0.4182942708333333 0.01513671875 0.027994791666666668
0 0.429931640625 0.4410807291666667 0.01513671875 0.029296875
0 0.41064453125 0.4427083333333333 0.0234375 0.046875
0 0.40771484375 0.5227864583333334 0.0166015625 0.02734375
0 0.439208984375 0.3727213541666667 0.01123046875 0.024088541666666668
0 0.427734375 0.3779296875 0.01953125 0.033203125
0 0.716552734375 0.3902994791666667 0.01318359375 0.018880208333333332
0 0.684326171875 0.5833333333333334 0.01513671875 0.02734375
0 0.73095703125 0.3922526041666667 0.0146484375 0.029296875
0 0.3369140625 0.4039713541666667 0.0078125 0.020182291666666668
0 0.71630859375 0.5888671875 0.013671875 0.026692708333333332
0 0.28271484375 0.2789713541666667 0.0078125 0.012369791666666666
0 0.289306640625 0.2652994791666667 0.00537109375 0.017578125
0 0.32421875 0.3548177083333333 0.0166015625 0.01953125
0 0.329345703125 0.3876953125 0.01318359375 0.031901041666666664
0 0.431640625 0.33984375 0.0107421875 0.033854166666666664
0 0.292724609375 0.6184895833333334 0.01220703125 0.010416666666666666
0 0.286865234375 0.6038411458333334 0.00732421875 0.022786458333333332
0 0.313720703125 0.6061197916666666 0.01025390625 0.018229166666666668
0 0.41015625 0.5846354166666666 0.0166015625 0.022135416666666668
0 0.73388671875 0.36328125 0.009765625 0.020833333333333332
0 0.74658203125 0.3365885416666667 0.0126953125 0.024739583333333332
0 0.731201171875 0.6272786458333334 0.01513671875 0.030598958333333332
0 0.7265625 0.607421875 0.0146484375 0.03125
0 0.729736328125 0.5514322916666666 0.01220703125 0.033854166666666664
0 0.721923828125 0.6373697916666666 0.01318359375 0.0234375
0 0.691650390625 0.6083984375 0.01708984375 0.030598958333333332
0 0.697998046875 0.6647135416666666 0.01025390625 0.022135416666666668
0 0.705810546875 0.6640625 0.01220703125 0.022135416666666668
0 0.726318359375 0.7024739583333334 0.01416015625 0.028645833333333332
0 0.7255859375 0.6630859375 0.009765625 0.025390625
0 0.720703125 0.7965494791666666 0.0048828125 0.020182291666666668
0 0.70849609375 0.7249348958333334 0.0205078125 0.039713541666666664
0 0.678466796875 0.8017578125 0.01611328125 0.037109375
0 0.71240234375 0.833984375 0.015625 0.03125
0 0.689208984375 0.8287760416666666 0.02294921875 0.037760416666666664
0 0.71240234375 0.8577473958333334 0.0107421875 0.018880208333333332
0 0.710693359375 0.5716145833333334 0.01220703125 0.0234375
0 0.73779296875 0.3502604166666667 0.0087890625 0.01953125
0 0.711669921875 0.619140625 0.01708984375 0.029947916666666668
0 0.410888671875 0.2958984375 0.01416015625 0.029296875
0 0.307373046875 0.7125651041666666 0.01611328125 0.021484375
0 0.292236328125 0.935546875 0.01611328125 0.040364583333333336
0 0.606201171875 0.14388020833333334 0.01318359375 0.029947916666666668
0 0.682373046875 0.439453125 0.00830078125 0.016927083333333332
0 0.66015625 0.7119140625 0.0048828125 0.017578125
0 0.67529296875 0.7158203125 0.0087890625 0.013671875
0 0.66552734375 0.7535807291666666 0.009765625 0.031901041666666664
0 0.449951171875 0.3948567708333333 0.00830078125 0.017578125
0 0.442626953125 0.3935546875 0.00732421875 0.014973958333333334
0 0.73828125 0.4794921875 0.0146484375 0.021484375
0 0.44384765625 0.3291015625 0.0087890625 0.013671875
0 0.761474609375 0.2760416666666667 0.00341796875 0.013020833333333334
0 0.44677734375 0.4231770833333333 0.009765625 0.01171875
0 0.31298828125 0.5426432291666666 0.0185546875 0.033203125
0 0.329345703125 0.5335286458333334 0.01220703125 0.041015625
0 0.3232421875 0.4498697916666667 0.0224609375 0.0390625
0 0.29833984375 0.4534505208333333 0.017578125 0.033203125
0 0.445068359375 0.4694010416666667 0.00830078125 0.009114583333333334
0 0.44482421875 0.44140625 0.0078125 0.022135416666666668
0 0.448486328125 0.361328125 0.01220703125 0.022135416666666668
0 0.3115234375 0.4085286458333333 0.0205078125 0.031901041666666664
0 0.22021484375 0.6158854166666666 0.021484375 0.032552083333333336
0 0.734619140625 0.040690104166666664 0.01123046875 0.016276041666666668
0 0.72900390625 0.0341796875 0.009765625 0.016276041666666668
0 0.762451171875 0.13053385416666666 0.00439453125 0.008463541666666666
0 0.7578125 0.22135416666666666 0.005859375 0.018229166666666668
0 0.758544921875 0.18977864583333334 0.00732421875 0.012369791666666666
0 0.21728515625 0.7350260416666666 0.0146484375 0.037760416666666664
0 0.441162109375 0.3440755208333333 0.00927734375 0.022786458333333332
0 0.400146484375 0.6985677083333334 0.01416015625 0.013020833333333334
0 0.397705078125 0.5882161458333334 0.00634765625 0.012369791666666666
0 0.39013671875 0.5911458333333334 0.0068359375 0.018229166666666668
0 0.423583984375 0.5862630208333334 0.01318359375 0.026692708333333332
0 0.292724609375 0.8528645833333334 0.01123046875 0.028645833333333332
0 0.59228515625 0.81640625 0.0068359375 0.024739583333333332
0 0.50390625 0.8206380208333334 0.0078125 0.021484375
0 0.51416015625 0.685546875 0.0048828125 0.016927083333333332
0 0.51806640625 0.5813802083333334 0.00390625 0.013020833333333334
0 0.69091796875 0.8704427083333334 0.009765625 0.0234375
0 0.681884765625 0.8544921875 0.00634765625 0.013671875
0 0.559814453125 0.845703125 0.00537109375 0.024739583333333332
0 0.556396484375 0.8203125 0.00537109375 0.0234375
0 0.440673828125 0.5013020833333334 0.00927734375 0.022135416666666668
0 0.82958984375 0.4401041666666667 0.0087890625 0.022135416666666668
0 0.3173828125 0.3330078125 0.0146484375 0.024088541666666668
0 0.30517578125 0.8004557291666666 0.0166015625 0.041015625
0 0.292724609375 0.9147135416666666 0.01318359375 0.024739583333333332
0 0.3359375 0.4186197916666667 0.00390625 0.009114583333333334
0 0.2822265625 0.7838541666666666 0.001953125 0.0078125
0 0.311767578125 0.8704427083333334 0.01123046875 0.029947916666666668
0 0.2275390625 0.658203125 0.0087890625 0.013020833333333334
0 0.21337890625 0.6416015625 0.005859375 0.008463541666666666
0 0.4404296875 0.408203125 0.0078125 0.020833333333333332
0 0.482177734375 0.5048828125 0.00439453125 0.014973958333333334
0 0.333740234375 0.330078125 0.01318359375 0.026041666666666668
0 0.30029296875 0.2858072916666667 0.01171875 0.014322916666666666
0 0.29541015625 0.7158203125 0.0078125 0.018880208333333332
0 0.39599609375 0.6861979166666666 0.0078125 0.013020833333333334
0 0.4052734375 0.6897786458333334 0.005859375 0.007161458333333333
0 0.3076171875 0.6324869791666666 0.0224609375 0.039713541666666664
0 0.419921875 0.6959635416666666 0.0146484375 0.01953125
0 0.281494140625 0.7972005208333334 0.00146484375 0.009765625
0 0.333740234375 0.3001302083333333 0.01025390625 0.01953125
0 0.399169921875 0.15592447916666666 0.00732421875 0.021484375
0 0.58837890625 0.4202473958333333 0.0126953125 0.027994791666666668
0 0.597412109375 0.6041666666666666 0.02197265625 0.037760416666666664
0 0.596435546875 0.3811848958333333 0.01904296875 0.035807291666666664
0 0.593017578125 0.3544921875 0.01123046875 0.020182291666666668
0 0.616455078125 0.3111979166666667 0.01416015625 0.029947916666666668
0 0.63916015625 0.185546875 0.0087890625 0.026041666666666668
0 0.59521484375 0.018229166666666668 0.013671875 0.036458333333333336
0 0.52392578125 0.3564453125 0.0029296875 0.016276041666666668
0 0.621826171875 0.44140625 0.01318359375 0.03125
0 0.603515625 0.7047526041666666 0.017578125 0.038411458333333336
0 0.61767578125 0.6901041666666666 0.0126953125 0.033854166666666664
0 0.624755859375 0.6477864583333334 0.01220703125 0.032552083333333336
0 0.6630859375 0.9069010416666666 0.0185546875 0.02734375
0 0.489990234375 0.4182942708333333 0.00537109375 0.009765625
0 0.411865234375 0.1337890625 0.01025390625 0.013671875
0 0.4326171875 0.2685546875 0.0234375 0.020182291666666668
0 0.61767578125 0.7877604166666666 0.0068359375 0.026041666666666668
0 0.62646484375 0.3955078125 0.0185546875 0.021484375
0 0.605712890625 0.3684895833333333 0.00634765625 0.006510416666666667
0 0.70458984375 0.9619140625 0.0126953125 0.043619791666666664
0 0.59521484375 0.9430338541666666 0.0205078125 0.034505208333333336
0 0.56103515625 0.7373046875 0.0087890625 0.041015625
0 0.56298828125 0.7942708333333334 0.0087890625 0.03515625
0 0.60595703125 0.8157552083333334 0.013671875 0.033854166666666664
0 0.601318359375 0.8746744791666666 0.01806640625 0.046223958333333336
0 0.624267578125 0.7340494791666666 0.00830078125 0.042317708333333336
0 0.481689453125 0.4690755208333333 0.00732421875 0.026692708333333332
0 0.567626953125 0.4518229166666667 0.00341796875 0.01171875
0 0.600341796875 0.4514973958333333 0.02001953125 0.030598958333333332
0 0.6669921875 0.9921875 0.0068359375 0.015625
0 0.60205078125 0.4778645833333333 0.017578125 0.024739583333333332
0 0.622314453125 0.490234375 0.01025390625 0.020833333333333332
0 0.400634765625 0.21516927083333334 0.00927734375 0.025390625
0 0.7236328125 0.7623697916666666 0.0048828125 0.010416666666666666
0 0.446533203125 0.5198567708333334 0.00341796875 0.012369791666666666
0 0.44677734375 0.4996744791666667 0.00390625 0.020182291666666668
0 0.446533203125 0.4856770833333333 0.00634765625 0.009114583333333334
0 0.438232421875 0.44140625 0.00634765625 0.014322916666666666
0 0.444091796875 0.4039713541666667 0.00537109375 0.012369791666666666
0 0.8134765625 0.4739583333333333 0.0068359375 0.010416666666666666
0 0.724853515625 0.7255859375 0.00927734375 0.014973958333333334
0 0.72119140625 0.7470703125 0.0146484375 0.033203125
0 0.718505859375 0.77734375 0.00537109375 0.024739583333333332
0 0.50732421875 0.6614583333333334 0.0068359375 0.014322916666666666
0 0.665771484375 0.8424479166666666 0.00439453125 0.01171875
0 0.656982421875 0.8323567708333334 0.00244140625 0.011067708333333334
0 0.802734375 0.47265625 0.00390625 0.0026041666666666665
0 0.704833984375 0.5423177083333334 0.00927734375 0.022135416666666668
0 0.51416015625 0.6516927083333334 0.00390625 0.010416666666666666
0 0.50927734375 0.6240234375 0.005859375 0.009765625
0 0.61962890625 0.08658854166666667 0.0107421875 0.018229166666666668
0 0.598388671875 0.4996744791666667 0.00927734375 0.014973958333333334
0 0.4384765625 0.5224609375 0.0068359375 0.016276041666666668
0 0.67822265625 0.8414713541666666 0.0078125 0.014973958333333334
0 0.4169921875 0.5533854166666666 0.0146484375 0.024739583333333332
0 0.282958984375 0.8092447916666666 0.00439453125 0.015625
0 0.44287109375 0.4807942708333333 0.0078125 0.011067708333333334
0 0.611083984375 0.6236979166666666 0.01025390625 0.02734375
0 0.585205078125 0.5572916666666666 0.02490234375 0.05859375
0 0.592529296875 0.4928385416666667 0.01904296875 0.033854166666666664
0 0.658935546875 0.9947916666666666 0.00732421875 0.010416666666666666
0 0.6025390625 0.7779947916666666 0.0078125 0.020833333333333332
0 0.38232421875 0.7073567708333334 0.00390625 0.018880208333333332
0 0.221435546875 0.5524088541666666 0.00146484375 0.005859375
0 0.505126953125 0.4020182291666667 0.00830078125 0.017578125
0 0.705078125 0.8971354166666666 0.0185546875 0.036458333333333336
0 0.681396484375 0.8834635416666666 0.00830078125 0.018229166666666668
0 0.697021484375 0.8577473958333334 0.01611328125 0.026692708333333332
0 0.801025390625 0.5302734375 0.02392578125 0.034505208333333336
0 0.805419921875 0.4918619791666667 0.01708984375 0.033203125
0 0.8232421875 0.4908854166666667 0.0185546875 0.033854166666666664
0 0.82421875 0.4700520833333333 0.0146484375 0.026041666666666668
0 0.803466796875 0.416015625 0.01708984375 0.032552083333333336
0 0.489501953125 0.4459635416666667 0.01025390625 0.029947916666666668
0 0.818603515625 0.3645833333333333 0.01513671875 0.03125
0 0.8095703125 0.3470052083333333 0.0146484375 0.032552083333333336
0 0.218994140625 0.6630859375 0.01025390625 0.016276041666666668
0 0.69970703125 0.058268229166666664 0.0146484375 0.034505208333333336
0 0.693115234375 0.21321614583333334 0.01611328125 0.029296875
0 0.704833984375 0.3043619791666667 0.01318359375 0.022786458333333332
0 0.7421875 0.3024088541666667 0.0126953125 0.033203125
0 0.74560546875 0.3590494791666667 0.0126953125 0.027994791666666668
0 0.693115234375 0.3548177083333333 0.01611328125 0.032552083333333336
0 0.789306640625 0.5784505208333334 0.02001953125 0.039713541666666664
0 0.691162109375 0.3974609375 0.01025390625 0.024088541666666668
0 0.3134765625 0.5810546875 0.0146484375 0.024088541666666668
0 0.2978515625 0.5452473958333334 0.0048828125 0.009765625
0 0.421875 0.615234375 0.01171875 0.022135416666666668
0 0.414306640625 0.6067708333333334 0.00927734375 0.015625
0 0.392578125 0.4466145833333333 0.0087890625 0.0234375
0 0.393798828125 0.271484375 0.00732421875 0.02734375
0 0.6953125 0.2314453125 0.0224609375 0.034505208333333336
0 0.21484375 0.8056640625 0.013671875 0.026692708333333332
0 0.829833984375 0.3958333333333333 0.01220703125 0.032552083333333336
0 0.22509765625 0.7985026041666666 0.013671875 0.018880208333333332
0 0.498779296875 0.5436197916666666 0.00927734375 0.024739583333333332
0 0.249267578125 0.7981770833333334 0.00927734375 0.022135416666666668
0 0.49462890625 0.7034505208333334 0.017578125 0.038411458333333336
0 0.408203125 0.7083333333333334 0.01953125 0.024739583333333332
0 0.39501953125 0.6028645833333334 0.0166015625 0.01953125
0 0.393798828125 0.6240234375 0.00927734375 0.024088541666666668
0 0.421630859375 0.6565755208333334 0.01416015625 0.026692708333333332
0 0.4013671875 0.6764322916666666 0.013671875 0.01953125
0 0.417236328125 0.673828125 0.01806640625 0.026041666666666668
0 0.385498046875 0.6416015625 0.00927734375 0.041015625
0 0.39453125 0.6559244791666666 0.0107421875 0.018880208333333332
0 0.407958984375 0.6487630208333334 0.01611328125 0.024088541666666668
0 0.406005859375 0.6279296875 0.01611328125 0.026692708333333332
0 0.482666015625 0.4456380208333333 0.00537109375 0.022786458333333332
0 0.507568359375 0.5559895833333334 0.01123046875 0.028645833333333332
0 0.48828125 0.400390625 0.0087890625 0.022135416666666668
0 0.6748046875 0.9182942708333334 0.0078125 0.012369791666666666
0 0.22509765625 0.7776692708333334 0.025390625 0.021484375
0 0.22802734375 0.7571614583333334 0.0205078125 0.018229166666666668
0 0.823486328125 0.4225260416666667 0.00830078125 0.009114583333333334
0 0.815673828125 0.4427083333333333 0.01611328125 0.032552083333333336
0 0.653564453125 0.9378255208333334 0.00537109375 0.024088541666666668
0 0.21484375 0.7604166666666666 0.0068359375 0.01953125
0 0.65625 0.9807942708333334 0.005859375 0.022786458333333332
0 0.50830078125 0.4261067708333333 0.00390625 0.011067708333333334
0 0.51416015625 0.4514973958333333 0.0048828125 0.017578125
0 0.241943359375 0.5924479166666666 0.00537109375 0.009114583333333334
0 0.6533203125 0.9583333333333334 0.0048828125 0.018229166666666668
