0 0.37109375 0.3427734375 0.0078125 0.035807291666666664
0 0.666015625 0.7145182291666666 0.013671875 0.042317708333333336
0 0.376708984375 0.4755859375 0.00537109375 0.031901041666666664
0 0.494384765625 0.66015625 0.01513671875 0.036458333333333336
0 0.491943359375 0.6240234375 0.01318359375 0.026692708333333332
0 0.672119140625 0.5693359375 0.00341796875 0.008463541666666666
0 0.3662109375 0.4026692708333333 0.0048828125 0.014973958333333334
0 0.67822265625 0.4856770833333333 0.0068359375 0.022135416666666668
0 0.66845703125 0.4710286458333333 0.0078125 0.020182291666666668
0 0.47509765625 0.3753255208333333 0.0048828125 0.018880208333333332
0 0.50244140625 0.6204427083333334 0.0078125 0.022135416666666668
0 0.19580078125 0.7369791666666666 0.01171875 0.0625
0 0.363037109375 0.4287109375 0.00634765625 0.021484375
0 0.6767578125 0.572265625 0.0068359375 0.022135416666666668
0 0.356201171875 0.5520833333333334 0.01123046875 0.028645833333333332
0 0.3642578125 0.4524739583333333 0.0029296875 0.009114583333333334
0 0.182373046875 0.6227213541666666 0.01123046875 0.025390625
0 0.4970703125 0.5953776041666666 0.015625 0.038411458333333336
0 0.3515625 0.5065104166666666 0.0146484375 0.028645833333333332
0 0.17431640625 0.5833333333333334 0.017578125 0.044270833333333336
0 0.655029296875 0.73046875 0.01611328125 0.03515625
0 0.4638671875 0.5179036458333334 0.0029296875 0.027994791666666668
0 0.354248046875 0.7884114583333334 0.01220703125 0.026041666666666668
0 0.377197265625 0.5764973958333334 0.00341796875 0.024088541666666668
0 0.31494140625 0.708984375 0.0029296875 0.01953125
0 0.35400390625 0.4205729166666667 0.005859375 0.018229166666666668
0 0.35791015625 0.4261067708333333 0.0029296875 0.012369791666666666
0 0.331298828125 0.7825520833333334 0.01025390625 0.028645833333333332
0 0.332275390625 0.6663411458333334 0.01416015625 0.037109375
0 0.3193359375 0.7138671875 0.0029296875 0.008463541666666666
