0 0.49609375 0.7600911458333334 0.0078125 0.017578125
0 0.4677734375 0.4147135416666667 0.005859375 0.015625
0 0.46728515625 0.3434244791666667 0.009765625 0.025390625
0 0.501220703125 0.4182942708333333 0.00537109375 0.029296875
0 0.4658203125 0.3271484375 0.0078125 0.016276041666666668
0 0.4599609375 0.2858072916666667 0.0048828125 0.016927083333333332
0 0.495361328125 0.15592447916666666 0.00634765625 0.025390625
0 0.482421875 0.7802734375 0.005859375 0.017578125
0 0.491455078125 0.767578125 0.01220703125 0.03125
0 0.482666015625 0.4684244791666667 0.01220703125 0.013671875
0 0.498291015625 0.6614583333333334 0.01220703125 0.024739583333333332
0 0.47802734375 0.5810546875 0.0126953125 0.025390625
0 0.48046875 0.5748697916666666 0.0126953125 0.02734375
0 0.466064453125 0.5139973958333334 0.00634765625 0.020182291666666668
0 0.46435546875 0.4765625 0.0068359375 0.0234375
0 0.46826171875 0.4453125 0.0048828125 0.01171875
0 0.468505859375 0.6585286458333334 0.01123046875 0.039713541666666664
0 0.4814453125 0.712890625 0.015625 0.036458333333333336
