0 0.31103515625 0.359375 0.00390625 0.006510416666666667
0 0.307861328125 0.3681640625 0.00927734375 0.009765625
0 0.30517578125 0.3460286458333333 0.001953125 0.005859375
0 0.297119140625 0.30859375 0.00341796875 0.010416666666666666
0 0.283935546875 0.2998046875 0.00146484375 0.005859375
0 0.27783203125 0.3238932291666667 0.001953125 0.007161458333333333
0 0.292724609375 0.2513020833333333 0.00146484375 0.006510416666666667
0 0.2841796875 0.189453125 0.0029296875 0.009114583333333334
0 0.30126953125 0.2633463541666667 0.00390625 0.007161458333333333
0 0.288330078125 0.24381510416666666 0.00634765625 0.011067708333333334
0 0.18505859375 0.3414713541666667 0.0029296875 0.007161458333333333
0 0.287353515625 0.2571614583333333 0.00341796875 0.009114583333333334
0 0.292724609375 0.2604166666666667 0.00439453125 0.009114583333333334
0 0.307861328125 0.24088541666666666 0.00341796875 0.006510416666666667
0 0.280517578125 0.322265625 0.00341796875 0.009114583333333334
0 0.302490234375 0.22623697916666666 0.00244140625 0.007161458333333333
0 0.2890625 0.3414713541666667 0.0107421875 0.018880208333333332
0 0.271240234375 0.5169270833333334 0.00439453125 0.015625
0 0.310791015625 0.23893229166666666 0.00244140625 0.006510416666666667
0 0.26513671875 0.5908203125 0.005859375 0.017578125
0 0.278564453125 0.5208333333333334 0.00732421875 0.016927083333333332
0 0.267333984375 0.486328125 0.00439453125 0.015625
0 0.29248046875 0.4625651041666667 0.0048828125 0.012369791666666666
0 0.2958984375 0.4449869791666667 0.0068359375 0.016276041666666668
0 0.281494140625 0.34375 0.00439453125 0.013020833333333334
0 0.279541015625 0.4475911458333333 0.00439453125 0.011067708333333334
0 0.28515625 0.4013671875 0.009765625 0.020182291666666668
0 0.280029296875 0.3922526041666667 0.00537109375 0.013671875
0 0.292236328125 0.3824869791666667 0.00927734375 0.021484375
0 0.279296875 0.341796875 0.0048828125 0.015625
0 0.287841796875 0.3193359375 0.01123046875 0.024088541666666668
0 0.296142578125 0.3229166666666667 0.00634765625 0.016927083333333332
0 0.2783203125 0.4163411458333333 0.0107421875 0.021484375
0 0.29736328125 0.20377604166666666 0.001953125 0.0078125
0 0.188720703125 0.3219401041666667 0.00732421875 0.012369791666666666
0 0.285400390625 0.17220052083333334 0.00146484375 0.005859375
0 0.2841796875 0.4322916666666667 0.001953125 0.005208333333333333
0 0.177490234375 0.4222005208333333 0.00244140625 0.005859375
0 0.163818359375 0.3121744791666667 0.00244140625 0.011067708333333334
0 0.188232421875 0.3310546875 0.00830078125 0.008463541666666666
0 0.185302734375 0.3235677083333333 0.00341796875 0.010416666666666666
0 0.308349609375 0.435546875 0.00341796875 0.010416666666666666
0 0.171630859375 0.3098958333333333 0.00341796875 0.009114583333333334
0 0.30029296875 0.4342447916666667 0.00390625 0.015625
0 0.281494140625 0.48046875 0.00244140625 0.005208333333333333
0 0.28125 0.4348958333333333 0.005859375 0.014322916666666666
0 0.27490234375 0.439453125 0.0029296875 0.009114583333333334
0 0.277587890625 0.4348958333333333 0.00244140625 0.0078125
0 0.18017578125 0.3444010416666667 0.00390625 0.0078125
0 0.26806640625 0.5729166666666666 0.0078125 0.018229166666666668
0 0.17919921875 0.4280598958333333 0.001953125 0.005859375
0 0.28515625 0.17903645833333334 0.0029296875 0.009114583333333334
0 0.170654296875 0.3177083333333333 0.00439453125 0.006510416666666667
0 0.1806640625 0.359375 0.0029296875 0.0078125
0 0.290283203125 0.1572265625 0.00244140625 0.008463541666666666
0 0.29345703125 0.16634114583333334 0.0048828125 0.008463541666666666
0 0.27197265625 0.5576171875 0.0048828125 0.012369791666666666
0 0.275146484375 0.39453125 0.00537109375 0.013020833333333334
0 0.288818359375 0.3671875 0.00537109375 0.014322916666666666
0 0.284423828125 0.3675130208333333 0.00146484375 0.007161458333333333
0 0.18408203125 0.3567708333333333 0.001953125 0.006510416666666667
0 0.29296875 0.4182942708333333 0.001953125 0.005859375
0 0.166748046875 0.3134765625 0.00439453125 0.008463541666666666
0 0.181396484375 0.4231770833333333 0.00244140625 0.005208333333333333
0 0.1904296875 0.4059244791666667 0.0048828125 0.013671875
0 0.185546875 0.4189453125 0.0029296875 0.005859375
0 0.17578125 0.3984375 0.0029296875 0.0078125
0 0.1796875 0.3997395833333333 0.0029296875 0.009114583333333334
0 0.287353515625 0.3538411458333333 0.00341796875 0.008463541666666666
0 0.289306640625 0.5706380208333334 0.01025390625 0.025390625
0 0.178466796875 0.443359375 0.00146484375 0.005208333333333333
0 0.265869140625 0.6614583333333334 0.00927734375 0.028645833333333332
0 0.28955078125 0.2890625 0.005859375 0.016927083333333332
0 0.1708984375 0.4456380208333333 0.0029296875 0.008463541666666666
0 0.257568359375 0.7076822916666666 0.00732421875 0.016927083333333332
0 0.18017578125 0.4378255208333333 0.00390625 0.011067708333333334
0 0.176025390625 0.4645182291666667 0.00341796875 0.008463541666666666
0 0.185546875 0.4508463541666667 0.001953125 0.007161458333333333
0 0.2958984375 0.23828125 0.0087890625 0.016927083333333332
0 0.310791015625 0.2809244791666667 0.00439453125 0.012369791666666666
0 0.302978515625 0.3795572916666667 0.00341796875 0.010416666666666666
0 0.2939453125 0.3483072916666667 0.00390625 0.0078125
0 0.24609375 0.880859375 0.001953125 0.013020833333333334
0 0.169921875 0.3450520833333333 0.001953125 0.00390625
0 0.163330078125 0.4069010416666667 0.00146484375 0.005208333333333333
0 0.189697265625 0.388671875 0.00341796875 0.009114583333333334
0 0.176025390625 0.4352213541666667 0.00341796875 0.005859375
0 0.175537109375 0.4420572916666667 0.00341796875 0.0078125
0 0.176025390625 0.4313151041666667 0.00244140625 0.005859375
0 0.181396484375 0.4928385416666667 0.00146484375 0.005208333333333333
0 0.1806640625 0.46875 0.001953125 0.006510416666666667
0 0.184326171875 0.4703776041666667 0.00146484375 0.005859375
0 0.16796875 0.4661458333333333 0.001953125 0.0078125
0 0.286376953125 0.5201822916666666 0.00439453125 0.01171875
0 0.1787109375 0.4970703125 0.001953125 0.005859375
0 0.283935546875 0.2906901041666667 0.00244140625 0.008463541666666666
0 0.271484375 0.6497395833333334 0.0126953125 0.0234375
0 0.171630859375 0.466796875 0.00244140625 0.0078125
0 0.181884765625 0.4485677083333333 0.00341796875 0.010416666666666666
0 0.29296875 0.5319010416666666 0.0068359375 0.015625
0 0.176513671875 0.4521484375 0.00439453125 0.009765625
0 0.169189453125 0.408203125 0.00146484375 0.005208333333333333
0 0.173583984375 0.4495442708333333 0.00146484375 0.005859375
0 0.17431640625 0.4749348958333333 0.001953125 0.005859375
0 0.29150390625 0.22916666666666666 0.0068359375 0.01953125
0 0.17529296875 0.4951171875 0.001953125 0.005859375
0 0.2861328125 0.21158854166666666 0.00390625 0.010416666666666666
0 0.29296875 0.205078125 0.0048828125 0.01171875
0 0.2880859375 0.2711588541666667 0.005859375 0.011067708333333334
0 0.301025390625 0.283203125 0.01025390625 0.0234375
0 0.30029296875 0.2838541666666667 0.0146484375 0.020833333333333332
0 0.30859375 0.3079427083333333 0.0146484375 0.028645833333333332
0 0.3134765625 0.3411458333333333 0.0107421875 0.01171875
0 0.3037109375 0.3277994791666667 0.0048828125 0.008463541666666666
0 0.1796875 0.3818359375 0.0126953125 0.020182291666666668
0 0.18896484375 0.3515625 0.0048828125 0.016927083333333332
0 0.26025390625 0.7486979166666666 0.0087890625 0.020833333333333332
0 0.254150390625 0.7522786458333334 0.00634765625 0.024088541666666668
0 0.264404296875 0.70703125 0.00439453125 0.010416666666666666
0 0.25634765625 0.7259114583333334 0.0068359375 0.01953125
0 0.286865234375 0.19759114583333334 0.00537109375 0.014973958333333334
0 0.188720703125 0.3076171875 0.00830078125 0.016276041666666668
0 0.305419921875 0.3365885416666667 0.00537109375 0.01171875
0 0.177001953125 0.3232421875 0.00732421875 0.016276041666666668
0 0.271728515625 0.4466145833333333 0.00341796875 0.010416666666666666
0 0.28662109375 0.16178385416666666 0.00390625 0.012369791666666666
0 0.294921875 0.36328125 0.005859375 0.013020833333333334
0 0.288818359375 0.169921875 0.00244140625 0.010416666666666666
0 0.292236328125 0.19270833333333334 0.00341796875 0.009114583333333334
0 0.296630859375 0.19010416666666666 0.00732421875 0.016927083333333332
0 0.29345703125 0.18001302083333334 0.005859375 0.011067708333333334
0 0.287109375 0.1806640625 0.001953125 0.007161458333333333
0 0.2919921875 0.173828125 0.0048828125 0.010416666666666666
0 0.2890625 0.18001302083333334 0.001953125 0.005859375
0 0.28955078125 0.18717447916666666 0.001953125 0.004557291666666667
0 0.171630859375 0.4368489583333333 0.00244140625 0.0078125
0 0.305419921875 0.21940104166666666 0.00244140625 0.006510416666666667
0 0.28076171875 0.3587239583333333 0.00390625 0.010416666666666666
0 0.27490234375 0.3792317708333333 0.0029296875 0.011067708333333334
0 0.27783203125 0.3753255208333333 0.0029296875 0.009765625
