0 0.203369140625 0.66796875 0.00537109375 0.010416666666666666
0 0.201904296875 0.6793619791666666 0.00341796875 0.013671875
0 0.20849609375 0.6526692708333334 0.0087890625 0.021484375
0 0.202880859375 0.6461588541666666 0.00439453125 0.021484375
0 0.20263671875 0.5966796875 0.00390625 0.007161458333333333
0 0.21484375 0.5029296875 0.009765625 0.021484375
0 0.226806640625 0.4593098958333333 0.00537109375 0.011067708333333334
0 0.093994140625 0.5846354166666666 0.00830078125 0.016927083333333332
0 0.286376953125 0.7067057291666666 0.00830078125 0.021484375
0 0.29931640625 0.5895182291666666 0.0087890625 0.018880208333333332
0 0.496826171875 0.6038411458333334 0.00146484375 0.004557291666666667
0 0.51025390625 0.4384765625 0.0029296875 0.004557291666666667
0 0.20703125 0.6832682291666666 0.0078125 0.020182291666666668
0 0.499267578125 0.6106770833333334 0.00146484375 0.005208333333333333
0 0.492919921875 0.6279296875 0.00146484375 0.004557291666666667
0 0.51171875 0.4407552083333333 0.0029296875 0.006510416666666667
0 0.510009765625 0.4365234375 0.00244140625 0.004557291666666667
0 0.490966796875 0.6139322916666666 0.00146484375 0.00390625
0 0.489013671875 0.6067708333333334 0.00048828125 0.0026041666666666665
0 0.091064453125 0.5921223958333334 0.00830078125 0.009765625
0 0.44873046875 0.3811848958333333 0.005859375 0.005859375
0 0.09716796875 0.5374348958333334 0.009765625 0.009765625
0 0.212158203125 0.7233072916666666 0.00634765625 0.015625
0 0.218994140625 0.7467447916666666 0.00732421875 0.016927083333333332
0 0.09521484375 0.525390625 0.009765625 0.013020833333333334
0 0.3525390625 0.7161458333333334 0.0068359375 0.020833333333333332
0 0.366455078125 0.7216796875 0.00927734375 0.025390625
0 0.35888671875 0.6565755208333334 0.0087890625 0.013671875
0 0.3583984375 0.6715494791666666 0.0087890625 0.014973958333333334
0 0.458740234375 0.3369140625 0.00927734375 0.011067708333333334
0 0.45703125 0.345703125 0.0068359375 0.01171875
0 0.445068359375 0.4518229166666667 0.00537109375 0.006510416666666667
0 0.496826171875 0.591796875 0.00244140625 0.005208333333333333
0 0.49072265625 0.5927734375 0.0009765625 0.004557291666666667
0 0.351318359375 0.6800130208333334 0.00439453125 0.017578125
0 0.489501953125 0.5817057291666666 0.00146484375 0.005859375
0 0.4990234375 0.5901692708333334 0.0009765625 0.0032552083333333335
0 0.494384765625 0.5794270833333334 0.00341796875 0.005208333333333333
0 0.4951171875 0.6097005208333334 0.001953125 0.007161458333333333
0 0.49267578125 0.595703125 0.001953125 0.006510416666666667
0 0.30029296875 0.6787109375 0.0068359375 0.018880208333333332
0 0.09375 0.5696614583333334 0.0107421875 0.013020833333333334
0 0.289794921875 0.685546875 0.01025390625 0.0234375
0 0.0966796875 0.552734375 0.0078125 0.01171875
0 0.09375 0.5462239583333334 0.00390625 0.005208333333333333
0 0.09716796875 0.626953125 0.0126953125 0.01171875
0 0.4970703125 0.5953776041666666 0.001953125 0.0032552083333333335
