0 0.4287109375 0.43359375 0.0078125 0.016927083333333332
0 0.297607421875 0.5927734375 0.00634765625 0.005859375
0 0.35009765625 0.5673828125 0.0078125 0.012369791666666666
0 0.300537109375 0.5472005208333334 0.00634765625 0.014973958333333334
0 0.295654296875 0.5602213541666666 0.00537109375 0.012369791666666666
0 0.292724609375 0.5836588541666666 0.00830078125 0.017578125
0 0.2919921875 0.5709635416666666 0.0048828125 0.009114583333333334
0 0.2919921875 0.6341145833333334 0.0068359375 0.015625
0 0.362060546875 0.5556640625 0.00244140625 0.011067708333333334
0 0.4697265625 0.7330729166666666 0.0048828125 0.014322916666666666
0 0.42236328125 0.4381510416666667 0.0048828125 0.013020833333333334
0 0.484375 0.6031901041666666 0.0048828125 0.011067708333333334
0 0.486328125 0.6627604166666666 0.0029296875 0.006510416666666667
0 0.477783203125 0.6624348958333334 0.00732421875 0.022786458333333332
0 0.4248046875 0.4606119791666667 0.005859375 0.013671875
0 0.294921875 0.5458984375 0.0068359375 0.014973958333333334
0 0.419677734375 0.478515625 0.00732421875 0.01171875
0 0.423095703125 0.4986979166666667 0.00537109375 0.013020833333333334
