0 0.461181640625 0.5712890625 0.00830078125 0.034505208333333336
0 0.37353515625 0.7565104166666666 0.0107421875 0.018229166666666668
0 0.5712890625 0.6575520833333334 0.0078125 0.02734375
0 0.57763671875 0.3746744791666667 0.01171875 0.025390625
0 0.208740234375 0.732421875 0.01123046875 0.028645833333333332
0 0.239990234375 0.2623697916666667 0.01416015625 0.026041666666666668
0 0.13671875 0.2666015625 0.0185546875 0.038411458333333336
0 0.138427734375 0.5198567708333334 0.01708984375 0.020182291666666668
0 0.138671875 0.7366536458333334 0.015625 0.037109375
0 0.226318359375 0.7353515625 0.01904296875 0.030598958333333332
0 0.21533203125 0.7174479166666666 0.015625 0.032552083333333336
0 0.14208984375 0.3766276041666667 0.017578125 0.026692708333333332
0 0.478515625 0.5016276041666666 0.0107421875 0.024088541666666668
0 0.1396484375 0.5550130208333334 0.01953125 0.027994791666666668
0 0.48291015625 0.2610677083333333 0.0078125 0.029947916666666668
0 0.142333984375 0.1923828125 0.01416015625 0.024088541666666668
0 0.393798828125 0.3349609375 0.00927734375 0.020182291666666668
0 0.38134765625 0.2936197916666667 0.0107421875 0.03125
0 0.2275390625 0.5843098958333334 0.0205078125 0.030598958333333332
0 0.212158203125 0.5305989583333334 0.00830078125 0.0390625
0 0.2138671875 0.5771484375 0.0068359375 0.024088541666666668
0 0.213134765625 0.490234375 0.00732421875 0.029947916666666668
0 0.23974609375 0.5139973958333334 0.0107421875 0.029296875
0 0.222900390625 0.3629557291666667 0.00927734375 0.021484375
0 0.234375 0.5589192708333334 0.013671875 0.020182291666666668
0 0.240966796875 0.2926432291666667 0.01123046875 0.021484375
0 0.25927734375 0.19694010416666666 0.005859375 0.027994791666666668
0 0.1484375 0.4391276041666667 0.013671875 0.024088541666666668
0 0.365478515625 0.6236979166666666 0.00732421875 0.0234375
0 0.38916015625 0.4150390625 0.01171875 0.021484375
0 0.391845703125 0.5094401041666666 0.01123046875 0.022786458333333332
0 0.13818359375 0.3997395833333333 0.021484375 0.026041666666666668
