0 0.2314453125 0.6080729166666666 0.0078125 0.014322916666666666
0 0.23193359375 0.6578776041666666 0.0068359375 0.013671875
0 0.2333984375 0.6484375 0.0078125 0.013020833333333334
0 0.4248046875 0.3668619791666667 0.00390625 0.016276041666666668
0 0.238037109375 0.5846354166666666 0.01123046875 0.01953125
0 0.240234375 0.6158854166666666 0.0087890625 0.013020833333333334
0 0.306396484375 0.5546875 0.00732421875 0.022135416666666668
0 0.353515625 0.4381510416666667 0.0048828125 0.01953125
0 0.43408203125 0.3460286458333333 0.00390625 0.013671875
0 0.233642578125 0.6546223958333334 0.00244140625 0.005859375
0 0.42822265625 0.3264973958333333 0.0078125 0.029296875
0 0.23974609375 0.5657552083333334 0.009765625 0.016927083333333332
