0 0.209716796875 0.6409505208333334 0.00537109375 0.009765625
0 0.35986328125 0.7252604166666666 0.001953125 0.005208333333333333
0 0.57275390625 0.7145182291666666 0.009765625 0.024088541666666668
0 0.3642578125 0.6650390625 0.00390625 0.009765625
0 0.357177734375 0.6868489583333334 0.00439453125 0.009114583333333334
0 0.36474609375 0.6845703125 0.005859375 0.011067708333333334
0 0.209716796875 0.6555989583333334 0.00341796875 0.009114583333333334
0 0.360595703125 0.7067057291666666 0.00244140625 0.005859375
0 0.20703125 0.630859375 0.00390625 0.009114583333333334
0 0.360595703125 0.716796875 0.00439453125 0.009114583333333334
0 0.2099609375 0.6266276041666666 0.001953125 0.005859375
0 0.5625 0.7867838541666666 0.0078125 0.022786458333333332
0 0.366455078125 0.7223307291666666 0.00048828125 0.001953125
0 0.3662109375 0.7171223958333334 0.0009765625 0.004557291666666667
0 0.366455078125 0.7265625 0.00146484375 0.005208333333333333
0 0.356201171875 0.6988932291666666 0.00341796875 0.008463541666666666
0 0.365966796875 0.7373046875 0.00341796875 0.013671875
0 0.36279296875 0.6500651041666666 0.009765625 0.021484375
0 0.206787109375 0.6194661458333334 0.00341796875 0.009765625
0 0.209228515625 0.6162109375 0.00244140625 0.005859375
0 0.211181640625 0.634765625 0.00244140625 0.005208333333333333
0 0.355712890625 0.7262369791666666 0.00439453125 0.008463541666666666
0 0.364013671875 0.7268880208333334 0.00244140625 0.005859375
