0 0.398193359375 0.5227864583333334 0.00439453125 0.0078125
0 0.397216796875 0.4869791666666667 0.00244140625 0.006510416666666667
0 0.407958984375 0.474609375 0.00146484375 0.0026041666666666665
0 0.40869140625 0.4775390625 0.0009765625 0.005859375
0 0.396728515625 0.6207682291666666 0.00341796875 0.007161458333333333
0 0.408935546875 0.533203125 0.00244140625 0.0078125
0 0.396240234375 0.529296875 0.00341796875 0.006510416666666667
0 0.395751953125 0.4791666666666667 0.00146484375 0.00390625
0 0.40087890625 0.5452473958333334 0.0029296875 0.007161458333333333
0 0.394287109375 0.5384114583333334 0.00341796875 0.0078125
0 0.39794921875 0.544921875 0.001953125 0.006510416666666667
0 0.404541015625 0.5397135416666666 0.00341796875 0.0078125
0 0.405517578125 0.5478515625 0.00244140625 0.007161458333333333
0 0.392822265625 0.5654296875 0.00341796875 0.007161458333333333
0 0.409423828125 0.5550130208333334 0.00341796875 0.008463541666666666
0 0.404541015625 0.6145833333333334 0.00341796875 0.010416666666666666
0 0.399658203125 0.6940104166666666 0.00439453125 0.010416666666666666
0 0.399169921875 0.4680989583333333 0.00439453125 0.009114583333333334
0 0.3974609375 0.4973958333333333 0.001953125 0.006510416666666667
0 0.392333984375 0.4459635416666667 0.00341796875 0.009114583333333334
0 0.389404296875 0.6858723958333334 0.00439453125 0.011067708333333334
0 0.40576171875 0.4059244791666667 0.0029296875 0.008463541666666666
0 0.389892578125 0.6546223958333334 0.00537109375 0.011067708333333334
0 0.399658203125 0.7119140625 0.00634765625 0.013671875
0 0.39501953125 0.6839192708333334 0.009765625 0.007161458333333333
0 0.40234375 0.6822916666666666 0.0048828125 0.009114583333333334
0 0.39892578125 0.6578776041666666 0.0048828125 0.014973958333333334
0 0.394287109375 0.6559244791666666 0.00830078125 0.013671875
0 0.399169921875 0.6396484375 0.00244140625 0.008463541666666666
0 0.404052734375 0.62890625 0.00341796875 0.009114583333333334
0 0.392822265625 0.4169921875 0.00341796875 0.009765625
0 0.404541015625 0.6546223958333334 0.00341796875 0.013671875
0 0.396240234375 0.5029296875 0.00146484375 0.004557291666666667
0 0.389404296875 0.5751953125 0.00244140625 0.005859375
0 0.408203125 0.5771484375 0.00390625 0.007161458333333333
0 0.418701171875 0.18098958333333334 0.00146484375 0.005208333333333333
0 0.402099609375 0.2757161458333333 0.00341796875 0.008463541666666666
0 0.41259765625 0.3665364583333333 0.00390625 0.0078125
0 0.412841796875 0.384765625 0.00341796875 0.006510416666666667
0 0.41162109375 0.3984375 0.0029296875 0.0078125
0 0.398193359375 0.6292317708333334 0.00341796875 0.008463541666666666
0 0.5107421875 0.3053385416666667 0.0048828125 0.013020833333333334
0 0.403076171875 0.5100911458333334 0.00341796875 0.007161458333333333
0 0.393310546875 0.7239583333333334 0.00634765625 0.01171875
0 0.38623046875 0.67578125 0.00390625 0.006510416666666667
0 0.404052734375 0.3818359375 0.00439453125 0.008463541666666666
0 0.3818359375 0.7379557291666666 0.001953125 0.007161458333333333
0 0.38720703125 0.7239583333333334 0.0068359375 0.009114583333333334
0 0.396728515625 0.669921875 0.00732421875 0.010416666666666666
0 0.38720703125 0.6341145833333334 0.00390625 0.01171875
0 0.397216796875 0.244140625 0.00439453125 0.015625
0 0.477783203125 0.5436197916666666 0.00146484375 0.006510416666666667
0 0.388916015625 0.7386067708333334 0.00341796875 0.008463541666666666
0 0.48291015625 0.5029296875 0.001953125 0.005859375
0 0.402587890625 0.5667317708333334 0.00048828125 0.0032552083333333335
0 0.40087890625 0.4134114583333333 0.001953125 0.006510416666666667
0 0.403564453125 0.4140625 0.00146484375 0.009114583333333334
0 0.401123046875 0.4384765625 0.00244140625 0.005859375
0 0.400146484375 0.4449869791666667 0.00244140625 0.005859375
0 0.4091796875 0.5159505208333334 0.001953125 0.005859375
0 0.39697265625 0.4384765625 0.001953125 0.005859375
0 0.396484375 0.7317708333333334 0.00390625 0.01171875
0 0.49951171875 0.5992838541666666 0.001953125 0.016276041666666668
0 0.4951171875 0.5185546875 0.0068359375 0.012369791666666666
0 0.396240234375 0.4300130208333333 0.00244140625 0.005859375
0 0.505859375 0.3616536458333333 0.00390625 0.008463541666666666
0 0.40869140625 0.3701171875 0.00390625 0.007161458333333333
0 0.479248046875 0.4283854166666667 0.00537109375 0.0234375
0 0.488037109375 0.4205729166666667 0.00439453125 0.010416666666666666
0 0.500732421875 0.4000651041666667 0.00830078125 0.018880208333333332
0 0.494140625 0.3815104166666667 0.005859375 0.010416666666666666
0 0.496826171875 0.3544921875 0.00537109375 0.008463541666666666
0 0.515625 0.3388671875 0.00390625 0.016276041666666668
0 0.498046875 0.296875 0.0107421875 0.01953125
0 0.5029296875 0.2779947916666667 0.0126953125 0.03125
0 0.492431640625 0.4293619791666667 0.01220703125 0.018880208333333332
0 0.39208984375 0.7018229166666666 0.0029296875 0.006510416666666667
0 0.697998046875 0.3138020833333333 0.01025390625 0.02734375
0 0.4921875 0.41015625 0.0048828125 0.01171875
0 0.494384765625 0.3492838541666667 0.00341796875 0.007161458333333333
0 0.496826171875 0.4104817708333333 0.00244140625 0.004557291666666667
0 0.400146484375 0.72265625 0.00439453125 0.0078125
0 0.387451171875 0.7021484375 0.00341796875 0.005859375
0 0.51416015625 0.2578125 0.0029296875 0.006510416666666667
0 0.388427734375 0.7194010416666666 0.00439453125 0.0078125
