0 0.22216796875 0.5572916666666666 0.0126953125 0.016927083333333332
0 0.218017578125 0.3391927083333333 0.00146484375 0.018229166666666668
0 0.21337890625 0.3391927083333333 0.0078125 0.016927083333333332
0 0.223876953125 0.5139973958333334 0.00927734375 0.020182291666666668
0 0.199462890625 0.2903645833333333 0.00341796875 0.018229166666666668
0 0.143310546875 0.5888671875 0.00634765625 0.009765625
0 0.14306640625 0.2021484375 0.0087890625 0.016276041666666668
0 0.1435546875 0.4332682291666667 0.009765625 0.016276041666666668
0 0.19775390625 0.23502604166666666 0.0048828125 0.014322916666666666
0 0.615966796875 0.4007161458333333 0.00244140625 0.012369791666666666
0 0.140380859375 0.3268229166666667 0.00439453125 0.01171875
0 0.201416015625 0.24446614583333334 0.00927734375 0.008463541666666666
0 0.143310546875 0.3147786458333333 0.00634765625 0.012369791666666666
0 0.205078125 0.3134765625 0.0107421875 0.030598958333333332
0 0.153564453125 0.21126302083333334 0.00537109375 0.011067708333333334
0 0.203125 0.2923177083333333 0.0048828125 0.009114583333333334
0 0.62158203125 0.404296875 0.00390625 0.0078125
0 0.1484375 0.255859375 0.0087890625 0.018229166666666668
0 0.62255859375 0.4505208333333333 0.001953125 0.005208333333333333
0 0.416259765625 0.4296875 0.00537109375 0.015625
0 0.336669921875 0.10286458333333333 0.01025390625 0.014322916666666666
0 0.50439453125 0.19986979166666666 0.0107421875 0.016927083333333332
0 0.5439453125 0.6240234375 0.0087890625 0.014973958333333334
0 0.556884765625 0.3440755208333333 0.00927734375 0.011067708333333334
0 0.556884765625 0.3294270833333333 0.01025390625 0.015625
0 0.626220703125 0.4524739583333333 0.00341796875 0.006510416666666667
0 0.1513671875 0.6748046875 0.0078125 0.024088541666666668
0 0.201904296875 0.2552083333333333 0.00927734375 0.013020833333333334
0 0.62890625 0.3860677083333333 0.0048828125 0.013020833333333334
0 0.202880859375 0.2672526041666667 0.01123046875 0.014973958333333334
0 0.56103515625 0.3111979166666667 0.009765625 0.016927083333333332
0 0.204833984375 0.2848307291666667 0.01123046875 0.018880208333333332
