0 0.491455078125 0.4208984375 0.00439453125 0.011067708333333334
0 0.416748046875 0.5162760416666666 0.00244140625 0.006510416666666667
0 0.42724609375 0.4641927083333333 0.00390625 0.016927083333333332
0 0.414794921875 0.5319010416666666 0.00146484375 0.005208333333333333
0 0.717529296875 0.7747395833333334 0.01123046875 0.02734375
0 0.489501953125 0.4049479166666667 0.00634765625 0.01171875
0 0.410400390625 0.5009765625 0.00244140625 0.007161458333333333
0 0.4951171875 0.3307291666666667 0.0087890625 0.022135416666666668
0 0.409423828125 0.4010416666666667 0.00439453125 0.01953125
0 0.42724609375 0.4384765625 0.0029296875 0.014973958333333334
0 0.503662109375 0.3779296875 0.00732421875 0.012369791666666666
0 0.3544921875 0.4124348958333333 0.001953125 0.008463541666666666
0 0.491943359375 0.38671875 0.00732421875 0.016927083333333332
