0 0.4306640625 0.3092447916666667 0.0048828125 0.010416666666666666
0 0.41455078125 0.7594401041666666 0.0048828125 0.009765625
0 0.4296875 0.3170572916666667 0.00390625 0.00390625
0 0.43017578125 0.3212890625 0.0029296875 0.005859375
0 0.177001953125 0.3033854166666667 0.00341796875 0.009114583333333334
0 0.17431640625 0.3079427083333333 0.0048828125 0.006510416666666667
0 0.42138671875 0.8040364583333334 0.00390625 0.01171875
0 0.159423828125 0.3349609375 0.00537109375 0.011067708333333334
0 0.497314453125 0.5003255208333334 0.00537109375 0.016276041666666668
0 0.427978515625 0.3362630208333333 0.00634765625 0.020182291666666668
0 0.48876953125 0.4114583333333333 0.0029296875 0.005208333333333333
0 0.487060546875 0.4075520833333333 0.00341796875 0.00390625
0 0.488037109375 0.46484375 0.00439453125 0.00390625
0 0.492431640625 0.486328125 0.00439453125 0.010416666666666666
0 0.50048828125 0.5924479166666666 0.0029296875 0.0078125
0 0.426513671875 0.2854817708333333 0.00439453125 0.012369791666666666
0 0.496337890625 0.6097005208333334 0.00244140625 0.007161458333333333
0 0.42822265625 0.2666015625 0.0029296875 0.008463541666666666
0 0.158447265625 0.3746744791666667 0.00537109375 0.018880208333333332
0 0.173583984375 0.2893880208333333 0.00537109375 0.013671875
0 0.16064453125 0.3199869791666667 0.005859375 0.014973958333333334
0 0.4814453125 0.3977864583333333 0.001953125 0.009114583333333334
0 0.488525390625 0.4013671875 0.00634765625 0.007161458333333333
0 0.414306640625 0.7503255208333334 0.00634765625 0.009765625
0 0.1630859375 0.6923828125 0.0087890625 0.011067708333333334
0 0.4873046875 0.67578125 0.0029296875 0.009114583333333334
0 0.163330078125 0.7239583333333334 0.00537109375 0.009114583333333334
0 0.427490234375 0.2955729166666667 0.00732421875 0.018229166666666668
0 0.494873046875 0.701171875 0.00537109375 0.013020833333333334
0 0.164306640625 0.6774088541666666 0.00732421875 0.014973958333333334
0 0.15771484375 0.6370442708333334 0.00390625 0.009765625
0 0.17529296875 0.4638671875 0.00390625 0.020182291666666668
0 0.1708984375 0.4381510416666667 0.0087890625 0.01953125
0 0.156494140625 0.3932291666666667 0.00439453125 0.018229166666666668
0 0.4951171875 0.6315104166666666 0.0068359375 0.01171875
0 0.15966796875 0.3499348958333333 0.0068359375 0.017578125
0 0.157958984375 0.6822916666666666 0.00537109375 0.014322916666666666
