0 0.31640625 0.4287109375 0.0087890625 0.018880208333333332
0 0.2080078125 0.5133463541666666 0.0029296875 0.005859375
0 0.21044921875 0.5003255208333334 0.0029296875 0.004557291666666667
0 0.20263671875 0.4557291666666667 0.0029296875 0.010416666666666666
0 0.212646484375 0.5432942708333334 0.00341796875 0.005859375
0 0.212890625 0.5738932291666666 0.0029296875 0.004557291666666667
0 0.210693359375 0.396484375 0.00244140625 0.00390625
0 0.20849609375 0.5859375 0.005859375 0.01171875
0 0.202392578125 0.5 0.00439453125 0.016927083333333332
0 0.203857421875 0.5602213541666666 0.00537109375 0.013671875
0 0.2060546875 0.5758463541666666 0.0048828125 0.011067708333333334
0 0.160888671875 0.404296875 0.00439453125 0.009114583333333334
0 0.15966796875 0.4150390625 0.0068359375 0.018880208333333332
0 0.202392578125 0.5338541666666666 0.00439453125 0.022135416666666668
0 0.2109375 0.5192057291666666 0.0029296875 0.004557291666666667
0 0.210693359375 0.525390625 0.00146484375 0.00390625
0 0.309814453125 0.4202473958333333 0.00537109375 0.014973958333333334
0 0.167236328125 0.4016927083333333 0.00830078125 0.013020833333333334
0 0.215576171875 0.4007161458333333 0.00439453125 0.011067708333333334
0 0.32470703125 0.4267578125 0.00390625 0.014973958333333334
0 0.1767578125 0.3948567708333333 0.00390625 0.012369791666666666
0 0.323486328125 0.4772135416666667 0.00341796875 0.0078125
0 0.321533203125 0.482421875 0.00244140625 0.0078125
0 0.323486328125 0.5061848958333334 0.00244140625 0.008463541666666666
0 0.32080078125 0.4931640625 0.0029296875 0.008463541666666666
0 0.16845703125 0.4156901041666667 0.0126953125 0.024088541666666668
0 0.161865234375 0.3938802083333333 0.00634765625 0.01171875
0 0.31884765625 0.5120442708333334 0.005859375 0.013671875
0 0.21337890625 0.4104817708333333 0.005859375 0.020182291666666668
0 0.158203125 0.4619140625 0.0048828125 0.009765625
0 0.17041015625 0.3896484375 0.00390625 0.005859375
0 0.1708984375 0.3896484375 0.0068359375 0.011067708333333334
0 0.322265625 0.5179036458333334 0.0029296875 0.009765625
0 0.3203125 0.5016276041666666 0.0029296875 0.005859375
0 0.3232421875 0.4612630208333333 0.00390625 0.009765625
0 0.163330078125 0.3841145833333333 0.00830078125 0.013020833333333334
