0 0.693359375 0.615234375 0.00390625 0.013020833333333334
0 0.692138671875 0.6233723958333334 0.00341796875 0.007161458333333333
0 0.701171875 0.5999348958333334 0.001953125 0.004557291666666667
0 0.6923828125 0.5641276041666666 0.0029296875 0.014973958333333334
0 0.704345703125 0.5582682291666666 0.00830078125 0.018880208333333332
0 0.70947265625 0.5598958333333334 0.00390625 0.0078125
0 0.7216796875 0.5592447916666666 0.0048828125 0.015625
0 0.69775390625 0.5540364583333334 0.0078125 0.01953125
0 0.62841796875 0.4485677083333333 0.0087890625 0.014322916666666666
0 0.62646484375 0.6126302083333334 0.00390625 0.006510416666666667
0 0.6943359375 0.5328776041666666 0.0029296875 0.008463541666666666
0 0.7900390625 0.6285807291666666 0.005859375 0.013671875
0 0.784423828125 0.6119791666666666 0.00634765625 0.016927083333333332
0 0.629638671875 0.6149088541666666 0.00244140625 0.004557291666666667
0 0.613037109375 0.515625 0.00537109375 0.014322916666666666
0 0.61572265625 0.5283203125 0.001953125 0.004557291666666667
0 0.69189453125 0.5787760416666666 0.001953125 0.013020833333333334
0 0.526123046875 0.4420572916666667 0.00048828125 0.0026041666666666665
0 0.79736328125 0.6334635416666666 0.009765625 0.01953125
0 0.69189453125 0.6025390625 0.0029296875 0.012369791666666666
0 0.4169921875 0.1865234375 0.0078125 0.031901041666666664
0 0.716552734375 0.708984375 0.00537109375 0.016927083333333332
0 0.531005859375 0.44921875 0.00146484375 0.0026041666666666665
0 0.5361328125 0.5283203125 0.00390625 0.013671875
0 0.51904296875 0.5299479166666666 0.0048828125 0.018229166666666668
0 0.47216796875 0.4449869791666667 0.005859375 0.018880208333333332
0 0.472900390625 0.4710286458333333 0.01025390625 0.014973958333333334
0 0.4765625 0.4612630208333333 0.009765625 0.012369791666666666
0 0.61279296875 0.4586588541666667 0.005859375 0.016276041666666668
0 0.616943359375 0.4537760416666667 0.00439453125 0.010416666666666666
0 0.63720703125 0.4781901041666667 0.0029296875 0.016276041666666668
0 0.78662109375 0.6412760416666666 0.0087890625 0.018229166666666668
0 0.785888671875 0.6529947916666666 0.01025390625 0.016927083333333332
0 0.78271484375 0.6617838541666666 0.0068359375 0.014973958333333334
0 0.7783203125 0.6930338541666666 0.0029296875 0.011067708333333334
0 0.784423828125 0.6875 0.00732421875 0.020833333333333332
0 0.794189453125 0.6949869791666666 0.00927734375 0.014973958333333334
0 0.7958984375 0.7109375 0.013671875 0.020833333333333332
0 0.778564453125 0.7135416666666666 0.00439453125 0.018229166666666668
0 0.779296875 0.7376302083333334 0.0048828125 0.016927083333333332
0 0.783203125 0.7662760416666666 0.0048828125 0.0078125
0 0.712646484375 0.6647135416666666 0.00341796875 0.010416666666666666
0 0.47802734375 0.3600260416666667 0.0009765625 0.005208333333333333
0 0.6376953125 0.3798828125 0.0029296875 0.008463541666666666
0 0.477783203125 0.3779296875 0.00146484375 0.004557291666666667
0 0.638671875 0.310546875 0.00390625 0.015625
0 0.63720703125 0.33984375 0.001953125 0.006510416666666667
0 0.63134765625 0.3486328125 0.0068359375 0.018880208333333332
0 0.531005859375 0.52734375 0.00439453125 0.016927083333333332
0 0.63818359375 0.36328125 0.00390625 0.01953125
0 0.607421875 0.3623046875 0.0029296875 0.013671875
0 0.607666015625 0.376953125 0.00341796875 0.015625
0 0.63232421875 0.4222005208333333 0.0029296875 0.009765625
0 0.627197265625 0.4173177083333333 0.00634765625 0.014322916666666666
0 0.628173828125 0.4033203125 0.00634765625 0.012369791666666666
0 0.617431640625 0.4140625 0.00634765625 0.014322916666666666
0 0.713623046875 0.3190104166666667 0.00830078125 0.018229166666666668
0 0.698974609375 0.3382161458333333 0.00537109375 0.013671875
0 0.640869140625 0.3206380208333333 0.00146484375 0.011067708333333334
0 0.712646484375 0.4212239583333333 0.01025390625 0.015625
0 0.71826171875 0.4088541666666667 0.0029296875 0.006510416666666667
0 0.707763671875 0.412109375 0.00927734375 0.016927083333333332
0 0.720703125 0.4576822916666667 0.0068359375 0.016927083333333332
0 0.713134765625 0.4384765625 0.00927734375 0.014973958333333334
0 0.706787109375 0.4892578125 0.00537109375 0.005859375
0 0.48193359375 0.3802083333333333 0.0009765625 0.00390625
0 0.630859375 0.3177083333333333 0.0078125 0.018229166666666668
0 0.61669921875 0.306640625 0.0048828125 0.013020833333333334
0 0.47705078125 0.3714192708333333 0.001953125 0.004557291666666667
0 0.473388671875 0.4248046875 0.00537109375 0.017578125
0 0.698974609375 0.4485677083333333 0.00537109375 0.01171875
0 0.638427734375 0.4029947916666667 0.00146484375 0.006510416666666667
0 0.638671875 0.4150390625 0.001953125 0.011067708333333334
0 0.81689453125 0.4847005208333333 0.001953125 0.013671875
0 0.796630859375 0.4967447916666667 0.00634765625 0.014322916666666666
0 0.81591796875 0.6018880208333334 0.001953125 0.014973958333333334
0 0.815185546875 0.5719401041666666 0.00244140625 0.017578125
0 0.797607421875 0.5517578125 0.00830078125 0.016276041666666668
0 0.79541015625 0.5686848958333334 0.0107421875 0.020182291666666668
0 0.78662109375 0.5729166666666666 0.0078125 0.020833333333333332
0 0.7900390625 0.5953776041666666 0.0078125 0.017578125
0 0.79296875 0.6181640625 0.0068359375 0.017578125
0 0.703125 0.4964192708333333 0.0078125 0.012369791666666666
0 0.70263671875 0.5354817708333334 0.009765625 0.018880208333333332
0 0.72216796875 0.4729817708333333 0.005859375 0.013671875
0 0.631591796875 0.2939453125 0.00927734375 0.021484375
0 0.62548828125 0.2955729166666667 0.00390625 0.015625
0 0.62451171875 0.3167317708333333 0.00390625 0.009765625
0 0.527099609375 0.5263671875 0.00634765625 0.018880208333333332
0 0.812744140625 0.6080729166666666 0.00537109375 0.0234375
0 0.524169921875 0.5087890625 0.00439453125 0.011067708333333334
0 0.626953125 0.5784505208333334 0.0068359375 0.017578125
0 0.637451171875 0.4921875 0.00244140625 0.010416666666666666
0 0.33349609375 0.744140625 0.005859375 0.016927083333333332
0 0.60693359375 0.4593098958333333 0.001953125 0.013671875
0 0.61669921875 0.4762369791666667 0.0078125 0.016276041666666668
0 0.611572265625 0.4830729166666667 0.00634765625 0.018229166666666668
0 0.6064453125 0.4814453125 0.00390625 0.016276041666666668
0 0.6142578125 0.4983723958333333 0.0087890625 0.016276041666666668
0 0.634033203125 0.6793619791666666 0.00244140625 0.012369791666666666
0 0.63232421875 0.4791666666666667 0.0048828125 0.014322916666666666
0 0.291259765625 0.16666666666666666 0.00439453125 0.009114583333333334
0 0.281005859375 0.150390625 0.00244140625 0.0078125
0 0.409912109375 0.15201822916666666 0.01025390625 0.021484375
0 0.284423828125 0.20182291666666666 0.00634765625 0.020833333333333332
0 0.311279296875 0.212890625 0.00341796875 0.01171875
0 0.29736328125 0.259765625 0.0068359375 0.014322916666666666
0 0.3134765625 0.244140625 0.00390625 0.016927083333333332
0 0.29736328125 0.2822265625 0.00390625 0.013671875
0 0.392822265625 0.14778645833333334 0.00830078125 0.029947916666666668
0 0.635009765625 0.689453125 0.00244140625 0.013020833333333334
0 0.611328125 0.6448567708333334 0.0087890625 0.018880208333333332
0 0.625244140625 0.6259765625 0.01025390625 0.017578125
0 0.53955078125 0.5192057291666666 0.00390625 0.012369791666666666
0 0.70361328125 0.5078125 0.00390625 0.0078125
0 0.393310546875 0.3626302083333333 0.00537109375 0.016927083333333332
0 0.63525390625 0.5152994791666666 0.0048828125 0.014973958333333334
0 0.629150390625 0.5224609375 0.00537109375 0.012369791666666666
0 0.619873046875 0.515625 0.00634765625 0.018229166666666668
0 0.606689453125 0.5439453125 0.00537109375 0.022786458333333332
0 0.617431640625 0.5592447916666666 0.01025390625 0.018229166666666668
0 0.614013671875 0.5465494791666666 0.01025390625 0.021484375
0 0.636962890625 0.5436197916666666 0.00244140625 0.016927083333333332
0 0.6328125 0.5455729166666666 0.005859375 0.016927083333333332
0 0.629150390625 0.5582682291666666 0.00732421875 0.024088541666666668
0 0.63623046875 0.5016276041666666 0.00390625 0.009765625
0 0.634765625 0.5634765625 0.00390625 0.014973958333333334
0 0.613525390625 0.5719401041666666 0.00732421875 0.013671875
0 0.608642578125 0.5768229166666666 0.00634765625 0.018229166666666668
0 0.608642578125 0.59375 0.00927734375 0.015625
0 0.61669921875 0.6106770833333334 0.009765625 0.024739583333333332
0 0.635498046875 0.6171875 0.00146484375 0.015625
0 0.293212890625 0.2861328125 0.00537109375 0.014973958333333334
0 0.310302734375 0.3004557291666667 0.00732421875 0.014973958333333334
0 0.63037109375 0.6917317708333334 0.00390625 0.018880208333333332
0 0.315185546875 0.3515625 0.00634765625 0.013020833333333334
0 0.392822265625 0.3427734375 0.00439453125 0.013671875
0 0.39990234375 0.3541666666666667 0.0087890625 0.016927083333333332
0 0.3994140625 0.142578125 0.0078125 0.0234375
0 0.40087890625 0.392578125 0.0078125 0.010416666666666666
0 0.467529296875 0.4446614583333333 0.00830078125 0.015625
0 0.482421875 0.4368489583333333 0.0068359375 0.01171875
0 0.478759765625 0.4401041666666667 0.00537109375 0.01171875
0 0.617919921875 0.7220052083333334 0.00927734375 0.0234375
0 0.62890625 0.7607421875 0.0078125 0.022786458333333332
0 0.6318359375 0.7737630208333334 0.00390625 0.024088541666666668
0 0.6259765625 0.7750651041666666 0.0087890625 0.011067708333333334
0 0.52685546875 0.3994140625 0.0009765625 0.0032552083333333335
0 0.528564453125 0.404296875 0.00048828125 0.00390625
0 0.541748046875 0.5071614583333334 0.00341796875 0.01171875
0 0.5341796875 0.5123697916666666 0.0048828125 0.015625
0 0.530029296875 0.5078125 0.00732421875 0.015625
0 0.30419921875 0.3063151041666667 0.005859375 0.012369791666666666
0 0.52880859375 0.4931640625 0.0107421875 0.012369791666666666
0 0.522216796875 0.4977213541666667 0.00439453125 0.011067708333333334
0 0.419677734375 0.16145833333333334 0.00439453125 0.01953125
0 0.41015625 0.3854166666666667 0.0068359375 0.016927083333333332
0 0.53857421875 0.4993489583333333 0.0048828125 0.018229166666666668
0 0.3955078125 0.3818359375 0.0048828125 0.011067708333333334
0 0.402099609375 0.3815104166666667 0.01025390625 0.01171875
0 0.29296875 0.4375 0.0048828125 0.014322916666666666
0 0.309814453125 0.22688802083333334 0.00634765625 0.020182291666666668
0 0.60400390625 0.6692708333333334 0.0068359375 0.026041666666666668
0 0.601806640625 0.724609375 0.00341796875 0.03515625
0 0.632080078125 0.7086588541666666 0.00537109375 0.016276041666666668
0 0.48193359375 0.4235026041666667 0.0048828125 0.012369791666666666
0 0.476806640625 0.4195963541666667 0.00537109375 0.011067708333333334
0 0.478759765625 0.4117838541666667 0.00244140625 0.007161458333333333
0 0.475341796875 0.408203125 0.00341796875 0.013020833333333334
0 0.520263671875 0.5087890625 0.00341796875 0.014973958333333334
0 0.484375 0.4153645833333333 0.00390625 0.013020833333333334
0 0.4833984375 0.4033203125 0.005859375 0.012369791666666666
0 0.412109375 0.4124348958333333 0.0068359375 0.016276041666666668
0 0.40673828125 0.4244791666666667 0.0078125 0.018229166666666668
0 0.46826171875 0.4251302083333333 0.0087890625 0.018229166666666668
0 0.39794921875 0.4026692708333333 0.0048828125 0.009765625
0 0.392333984375 0.3974609375 0.00244140625 0.014973958333333334
0 0.391845703125 0.3837890625 0.00341796875 0.013671875
0 0.4697265625 0.4095052083333333 0.0068359375 0.015625
