0 0.41845703125 0.55078125 0.005859375 0.022135416666666668
0 0.41552734375 0.6097005208333334 0.00390625 0.011067708333333334
0 0.415283203125 0.6702473958333334 0.00244140625 0.007161458333333333
0 0.34375 0.431640625 0.0087890625 0.014322916666666666
0 0.419677734375 0.6116536458333334 0.00341796875 0.011067708333333334
0 0.352294921875 0.6383463541666666 0.00341796875 0.005859375
0 0.3525390625 0.6477864583333334 0.001953125 0.00390625
0 0.2841796875 0.7477213541666666 0.0087890625 0.025390625
0 0.343994140625 0.4469401041666667 0.00537109375 0.009765625
0 0.414794921875 0.595703125 0.00537109375 0.016927083333333332
0 0.341552734375 0.4599609375 0.00537109375 0.012369791666666666
0 0.28466796875 0.7281901041666666 0.0087890625 0.012369791666666666
0 0.287353515625 0.7223307291666666 0.00732421875 0.012369791666666666
0 0.340576171875 0.4407552083333333 0.00634765625 0.013020833333333334
0 0.3466796875 0.45703125 0.00390625 0.01171875
0 0.3427734375 0.5341796875 0.0068359375 0.024088541666666668
0 0.463623046875 0.58203125 0.00732421875 0.02734375
0 0.41064453125 0.4873046875 0.001953125 0.011067708333333334
0 0.41552734375 0.515625 0.0048828125 0.014322916666666666
0 0.34765625 0.537109375 0.0078125 0.01953125
