0 0.935302734375 0.4908854166666667 0.01318359375 0.028645833333333332
0 0.93701171875 0.4430338541666667 0.01171875 0.022786458333333332
0 0.9326171875 0.3723958333333333 0.01953125 0.041666666666666664
0 0.933349609375 0.3050130208333333 0.00830078125 0.018880208333333332
0 0.93115234375 0.154296875 0.0126953125 0.0234375
0 0.718017578125 0.4915364583333333 0.01220703125 0.045572916666666664
0 0.943115234375 0.11881510416666667 0.01806640625 0.033203125
0 0.932373046875 0.0205078125 0.00927734375 0.024088541666666668
0 0.705810546875 0.3759765625 0.01904296875 0.024088541666666668
0 0.453369140625 0.4775390625 0.00830078125 0.017578125
0 0.935546875 0.06282552083333333 0.0185546875 0.055338541666666664
0 0.43701171875 0.3688151041666667 0.0048828125 0.029296875
0 0.111328125 0.3717447916666667 0.005859375 0.0234375
0 0.624267578125 0.06673177083333333 0.01025390625 0.035807291666666664
0 0.640869140625 0.4775390625 0.00244140625 0.007161458333333333
0 0.637939453125 0.3929036458333333 0.00439453125 0.013671875
0 0.6298828125 0.3860677083333333 0.0087890625 0.01171875
0 0.6171875 0.3798828125 0.0146484375 0.017578125
0 0.06689453125 0.25 0.0087890625 0.02734375
0 0.06494140625 0.31640625 0.0126953125 0.036458333333333336
0 0.69677734375 0.4560546875 0.0048828125 0.039713541666666664
0 0.1181640625 0.4788411458333333 0.0078125 0.012369791666666666
0 0.1103515625 0.4156901041666667 0.005859375 0.026692708333333332
0 0.623046875 0.4641927083333333 0.0087890625 0.024739583333333332
0 0.6044921875 0.2766927083333333 0.009765625 0.022135416666666668
0 0.918701171875 0.8935546875 0.01318359375 0.030598958333333332
0 0.470458984375 0.46875 0.00732421875 0.029947916666666668
0 0.4599609375 0.4222005208333333 0.009765625 0.024088541666666668
0 0.701416015625 0.3082682291666667 0.00537109375 0.014973958333333334
0 0.13330078125 0.3811848958333333 0.01171875 0.033203125
0 0.117431640625 0.2744140625 0.00927734375 0.027994791666666668
0 0.112548828125 0.3284505208333333 0.00732421875 0.034505208333333336
0 0.1376953125 0.328125 0.0068359375 0.024739583333333332
0 0.1337890625 0.3505859375 0.009765625 0.022786458333333332
0 0.70166015625 0.4879557291666667 0.0166015625 0.016276041666666668
0 0.05615234375 0.7291666666666666 0.013671875 0.028645833333333332
0 0.01318359375 0.6015625 0.0107421875 0.024739583333333332
0 0.051513671875 0.5904947916666666 0.02490234375 0.048177083333333336
0 0.0517578125 0.5286458333333334 0.0185546875 0.037760416666666664
0 0.184326171875 0.5201822916666666 0.01025390625 0.01953125
0 0.17138671875 0.3326822916666667 0.009765625 0.036458333333333336
0 0.710205078125 0.19759114583333334 0.01513671875 0.020182291666666668
0 0.628662109375 0.023111979166666668 0.00634765625 0.022786458333333332
0 0.697509765625 0.2314453125 0.00634765625 0.016276041666666668
0 0.46240234375 0.4479166666666667 0.0146484375 0.020833333333333332
0 0.45947265625 0.4420572916666667 0.0029296875 0.0078125
0 0.4638671875 0.5338541666666666 0.0068359375 0.01171875
0 0.4404296875 0.5338541666666666 0.0048828125 0.015625
0 0.6328125 0.2600911458333333 0.0087890625 0.027994791666666668
0 0.240966796875 0.380859375 0.01220703125 0.026041666666666668
0 0.629638671875 0.17838541666666666 0.00732421875 0.0078125
0 0.6298828125 0.12109375 0.0078125 0.033854166666666664
0 0.3076171875 0.2119140625 0.0087890625 0.018880208333333332
0 0.633056640625 0.1630859375 0.00537109375 0.031901041666666664
0 0.71826171875 0.3310546875 0.0029296875 0.009765625
0 0.24169921875 0.3567708333333333 0.0146484375 0.03125
0 0.5927734375 0.162109375 0.005859375 0.032552083333333336
0 0.939697265625 0.205078125 0.00537109375 0.016927083333333332
0 0.355712890625 0.18684895833333334 0.00634765625 0.024739583333333332
0 0.5986328125 0.16927083333333334 0.0107421875 0.033854166666666664
0 0.80078125 0.7981770833333334 0.0107421875 0.018229166666666668
0 0.614501953125 0.173828125 0.01904296875 0.03125
0 0.30322265625 0.24381510416666666 0.0146484375 0.042317708333333336
0 0.449462890625 0.3645833333333333 0.01513671875 0.0390625
0 0.302978515625 0.18098958333333334 0.01611328125 0.04296875
0 0.305419921875 0.4488932291666667 0.01318359375 0.022786458333333332
0 0.721923828125 0.3743489583333333 0.00634765625 0.028645833333333332
0 0.701171875 0.2574869791666667 0.0126953125 0.031901041666666664
0 0.821044921875 0.3466796875 0.01513671875 0.031901041666666664
0 0.29931640625 0.318359375 0.013671875 0.028645833333333332
0 0.810791015625 0.5159505208333334 0.01416015625 0.034505208333333336
0 0.53076171875 0.3782552083333333 0.0078125 0.020833333333333332
0 0.811767578125 0.560546875 0.01416015625 0.040364583333333336
0 0.8134765625 0.6383463541666666 0.015625 0.037109375
0 0.79736328125 0.8548177083333334 0.009765625 0.033854166666666664
0 0.705322265625 0.3453776041666667 0.01904296875 0.034505208333333336
0 0.702880859375 0.4729817708333333 0.01123046875 0.014973958333333334
0 0.623779296875 0.6891276041666666 0.01611328125 0.020182291666666668
0 0.639892578125 0.7350260416666666 0.01318359375 0.01171875
0 0.5986328125 0.3671875 0.005859375 0.01953125
0 0.6015625 0.3440755208333333 0.0087890625 0.033203125
0 0.621337890625 0.3434244791666667 0.00927734375 0.027994791666666668
0 0.3017578125 0.4176432291666667 0.017578125 0.035807291666666664
0 0.31201171875 0.3850911458333333 0.0126953125 0.024088541666666668
0 0.447021484375 0.3424479166666667 0.01806640625 0.014322916666666666
0 0.811767578125 0.5944010416666666 0.01318359375 0.032552083333333336
0 0.543212890625 0.5875651041666666 0.01220703125 0.026692708333333332
0 0.60986328125 0.050455729166666664 0.013671875 0.030598958333333332
0 0.601806640625 0.23795572916666666 0.00927734375 0.035807291666666664
0 0.360107421875 0.21549479166666666 0.00634765625 0.01953125
0 0.294677734375 0.275390625 0.00634765625 0.03515625
0 0.32177734375 0.3043619791666667 0.0029296875 0.030598958333333332
0 0.322021484375 0.3326822916666667 0.00341796875 0.024739583333333332
0 0.373291015625 0.3203125 0.01123046875 0.024739583333333332
0 0.176513671875 0.4296875 0.00537109375 0.0234375
0 0.181884765625 0.4840494791666667 0.00927734375 0.033203125
0 0.135009765625 0.408203125 0.00927734375 0.026041666666666668
0 0.129638671875 0.5006510416666666 0.01220703125 0.018229166666666668
0 0.440673828125 0.2923177083333333 0.01416015625 0.032552083333333336
0 0.451171875 0.3317057291666667 0.01171875 0.009765625
0 0.54296875 0.6090494791666666 0.0107421875 0.014973958333333334
0 0.627685546875 0.5169270833333334 0.01123046875 0.013020833333333334
0 0.935546875 0.9182942708333334 0.0087890625 0.039713541666666664
0 0.94287109375 0.513671875 0.0263671875 0.033854166666666664
0 0.31591796875 0.3587239583333333 0.0126953125 0.026041666666666668
0 0.541748046875 0.6282552083333334 0.00927734375 0.0234375
0 0.600830078125 0.3037109375 0.01123046875 0.035807291666666664
0 0.29638671875 0.21451822916666666 0.0087890625 0.039713541666666664
0 0.473388671875 0.6393229166666666 0.00537109375 0.02734375
0 0.4501953125 0.4384765625 0.0185546875 0.030598958333333332
0 0.614990234375 0.3121744791666667 0.01708984375 0.035807291666666664
0 0.462158203125 0.2916666666666667 0.01513671875 0.029947916666666668
0 0.4599609375 0.251953125 0.009765625 0.028645833333333332
0 0.380615234375 0.4938151041666667 0.01123046875 0.022786458333333332
0 0.61181640625 0.3525390625 0.0146484375 0.037109375
0 0.46630859375 0.4137369791666667 0.013671875 0.031901041666666664
