0 0.3330078125 0.4794921875 0.00390625 0.009765625
0 0.3271484375 0.529296875 0.005859375 0.014322916666666666
0 0.33447265625 0.5198567708333334 0.0048828125 0.022786458333333332
0 0.328125 0.5146484375 0.0068359375 0.017578125
0 0.37255859375 0.4117838541666667 0.0068359375 0.014973958333333334
0 0.41943359375 0.5065104166666666 0.0087890625 0.018229166666666668
0 0.4248046875 0.4928385416666667 0.0087890625 0.0234375
0 0.424560546875 0.546875 0.00732421875 0.015625
0 0.42138671875 0.5263671875 0.0078125 0.016276041666666668
0 0.37353515625 0.3831380208333333 0.0068359375 0.018880208333333332
