0 0.58935546875 0.5852864583333334 0.009765625 0.014322916666666666
0 0.58544921875 0.6145833333333334 0.0068359375 0.015625
0 0.594970703125 0.6009114583333334 0.00439453125 0.016927083333333332
0 0.58740234375 0.6005859375 0.0087890625 0.014973958333333334
0 0.57958984375 0.60546875 0.005859375 0.022135416666666668
0 0.591552734375 0.5712890625 0.00537109375 0.011067708333333334
0 0.582275390625 0.5442708333333334 0.00732421875 0.018229166666666668
0 0.53564453125 0.08821614583333333 0.00390625 0.027994791666666668
0 0.50146484375 0.4635416666666667 0.005859375 0.014322916666666666
0 0.4736328125 0.6686197916666666 0.001953125 0.009114583333333334
0 0.494140625 0.6295572916666666 0.00390625 0.009114583333333334
0 0.486328125 0.6064453125 0.0048828125 0.012369791666666666
0 0.48583984375 0.595703125 0.00390625 0.009114583333333334
0 0.490966796875 0.5859375 0.00341796875 0.009114583333333334
0 0.585693359375 0.6438802083333334 0.00439453125 0.010416666666666666
0 0.496337890625 0.5100911458333334 0.00244140625 0.008463541666666666
0 0.50439453125 0.4833984375 0.0029296875 0.009765625
0 0.507080078125 0.4837239583333333 0.00244140625 0.01171875
0 0.488525390625 0.5745442708333334 0.00537109375 0.013671875
0 0.492431640625 0.6959635416666666 0.00341796875 0.013020833333333334
0 0.508056640625 0.421875 0.00634765625 0.014322916666666666
0 0.581298828125 0.6520182291666666 0.00341796875 0.011067708333333334
0 0.575927734375 0.546875 0.00146484375 0.013020833333333334
0 0.49462890625 0.6891276041666666 0.001953125 0.008463541666666666
0 0.583740234375 0.6682942708333334 0.00439453125 0.012369791666666666
0 0.390625 0.7109375 0.001953125 0.00390625
0 0.40185546875 0.3688151041666667 0.00390625 0.008463541666666666
0 0.396240234375 0.6311848958333334 0.00732421875 0.017578125
0 0.401123046875 0.3805338541666667 0.00341796875 0.008463541666666666
0 0.39990234375 0.392578125 0.00390625 0.010416666666666666
0 0.409912109375 0.3932291666666667 0.00732421875 0.016927083333333332
0 0.404052734375 0.3538411458333333 0.00537109375 0.005859375
0 0.404296875 0.3590494791666667 0.0087890625 0.014973958333333334
0 0.41455078125 0.251953125 0.0078125 0.018229166666666668
0 0.399169921875 0.3346354166666667 0.00439453125 0.013020833333333334
0 0.578125 0.62109375 0.0029296875 0.005208333333333333
0 0.4130859375 0.23600260416666666 0.0087890625 0.013671875
0 0.410888671875 0.2669270833333333 0.00732421875 0.014322916666666666
0 0.41552734375 0.22005208333333334 0.00390625 0.009114583333333334
0 0.40869140625 0.22135416666666666 0.009765625 0.016927083333333332
0 0.3154296875 0.34375 0.0068359375 0.015625
0 0.47412109375 0.7041015625 0.0029296875 0.008463541666666666
0 0.40966796875 0.3277994791666667 0.009765625 0.021484375
0 0.475341796875 0.6904296875 0.00244140625 0.009765625
0 0.491943359375 0.7119140625 0.00341796875 0.011067708333333334
0 0.404541015625 0.3248697916666667 0.00537109375 0.018229166666666668
