0 0.4365234375 0.7467447916666666 0.00390625 0.0078125
0 0.4345703125 0.7682291666666666 0.00390625 0.010416666666666666
0 0.455078125 0.6513671875 0.0068359375 0.012369791666666666
0 0.3076171875 0.4475911458333333 0.0087890625 0.007161458333333333
0 0.47314453125 0.5162760416666666 0.0068359375 0.015625
0 0.514892578125 0.6481119791666666 0.00341796875 0.016276041666666668
0 0.515625 0.6305338541666666 0.0029296875 0.014973958333333334
0 0.5185546875 0.6490885416666666 0.0048828125 0.010416666666666666
0 0.523193359375 0.693359375 0.00732421875 0.01171875
0 0.523681640625 0.712890625 0.00830078125 0.01953125
0 0.43701171875 0.7600911458333334 0.0048828125 0.014973958333333334
0 0.534423828125 0.5276692708333334 0.00439453125 0.011067708333333334
0 0.365234375 0.6956380208333334 0.0029296875 0.009765625
0 0.29638671875 0.5950520833333334 0.0087890625 0.020833333333333332
0 0.387451171875 0.62109375 0.00634765625 0.024739583333333332
0 0.31591796875 0.4749348958333333 0.0029296875 0.008463541666666666
0 0.31591796875 0.4625651041666667 0.00390625 0.009765625
0 0.30810546875 0.455078125 0.00390625 0.009114583333333334
0 0.66455078125 0.6129557291666666 0.001953125 0.009765625
0 0.29052734375 0.5953776041666666 0.00390625 0.013671875
0 0.297607421875 0.60546875 0.00439453125 0.0078125
0 0.290283203125 0.6253255208333334 0.00537109375 0.005859375
0 0.288330078125 0.6360677083333334 0.00732421875 0.015625
0 0.292236328125 0.6481119791666666 0.00830078125 0.022786458333333332
0 0.28271484375 0.6754557291666666 0.0068359375 0.013671875
0 0.6728515625 0.5787760416666666 0.0087890625 0.013020833333333334
0 0.51220703125 0.7067057291666666 0.0048828125 0.012369791666666666
0 0.369140625 0.6787109375 0.0048828125 0.011067708333333334
0 0.506591796875 0.7259114583333334 0.00341796875 0.0078125
0 0.4609375 0.6305338541666666 0.0087890625 0.014973958333333334
0 0.287841796875 0.6744791666666666 0.00634765625 0.009114583333333334
0 0.6728515625 0.6471354166666666 0.0048828125 0.014322916666666666
0 0.673828125 0.6350911458333334 0.0068359375 0.013671875
0 0.076904296875 0.3763020833333333 0.00634765625 0.009114583333333334
0 0.118896484375 0.5078125 0.00634765625 0.014322916666666666
0 0.128662109375 0.53515625 0.00439453125 0.014322916666666666
0 0.121826171875 0.5654296875 0.00537109375 0.008463541666666666
0 0.120849609375 0.5735677083333334 0.00537109375 0.006510416666666667
0 0.1259765625 0.5227864583333334 0.00390625 0.009114583333333334
0 0.0771484375 0.4306640625 0.00390625 0.011067708333333334
0 0.1943359375 0.6767578125 0.0087890625 0.022786458333333332
0 0.290771484375 0.7526041666666666 0.00830078125 0.01953125
0 0.123046875 0.5458984375 0.00390625 0.008463541666666666
0 0.0751953125 0.4567057291666667 0.005859375 0.009765625
0 0.68212890625 0.4534505208333333 0.0078125 0.008463541666666666
0 0.289794921875 0.732421875 0.01025390625 0.01953125
0 0.765380859375 0.7584635416666666 0.00439453125 0.010416666666666666
0 0.280029296875 0.7132161458333334 0.00732421875 0.012369791666666666
0 0.27490234375 0.7106119791666666 0.00390625 0.020182291666666668
0 0.676513671875 0.6168619791666666 0.00537109375 0.020182291666666668
0 0.27587890625 0.72265625 0.0048828125 0.0078125
0 0.7548828125 0.71875 0.0029296875 0.010416666666666666
0 0.7578125 0.7119140625 0.005859375 0.007161458333333333
0 0.760498046875 0.7197265625 0.00830078125 0.009765625
0 0.760986328125 0.7633463541666666 0.00830078125 0.011067708333333334
0 0.758544921875 0.7340494791666666 0.00537109375 0.009765625
0 0.76025390625 0.7268880208333334 0.0048828125 0.008463541666666666
0 0.76513671875 0.7353515625 0.0078125 0.020182291666666668
0 0.7646484375 0.7708333333333334 0.0048828125 0.009114583333333334
0 0.761474609375 0.7571614583333334 0.00341796875 0.0078125
