0 0.319580078125 0.2913411458333333 0.00341796875 0.014973958333333334
0 0.314697265625 0.2643229166666667 0.00634765625 0.018229166666666668
0 0.303466796875 0.2776692708333333 0.00537109375 0.012369791666666666
0 0.314697265625 0.3372395833333333 0.00732421875 0.022135416666666668
0 0.274658203125 0.5400390625 0.00732421875 0.021484375
0 0.75830078125 0.5406901041666666 0.009765625 0.025390625
0 0.295166015625 0.4970703125 0.01025390625 0.021484375
0 0.313232421875 0.15690104166666666 0.01220703125 0.03515625
0 0.274658203125 0.5709635416666666 0.00732421875 0.022135416666666668
0 0.29296875 0.3626302083333333 0.0166015625 0.036458333333333336
0 0.31494140625 0.12337239583333333 0.01171875 0.033203125
0 0.44482421875 0.5113932291666666 0.0048828125 0.012369791666666666
0 0.43994140625 0.4580078125 0.0166015625 0.047526041666666664
0 0.439453125 0.4895833333333333 0.0078125 0.018229166666666668
0 0.444580078125 0.49609375 0.00537109375 0.014322916666666666
0 0.427490234375 0.5130208333333334 0.00341796875 0.010416666666666666
0 0.426513671875 0.5237630208333334 0.00244140625 0.007161458333333333
0 0.418212890625 0.5152994791666666 0.00732421875 0.034505208333333336
0 0.771240234375 0.484375 0.00830078125 0.028645833333333332
0 0.283203125 0.6888020833333334 0.0107421875 0.01953125
0 0.441650390625 0.525390625 0.00341796875 0.009114583333333334
0 0.422119140625 0.5833333333333334 0.00341796875 0.010416666666666666
0 0.27490234375 0.607421875 0.0107421875 0.01953125
0 0.435791015625 0.3291015625 0.01904296875 0.050130208333333336
0 0.189208984375 0.16731770833333334 0.01611328125 0.02734375
0 0.556884765625 0.7672526041666666 0.00244140625 0.009765625
0 0.200439453125 0.4671223958333333 0.00927734375 0.029296875
0 0.1787109375 0.2919921875 0.0166015625 0.026692708333333332
0 0.442626953125 0.8128255208333334 0.00537109375 0.011067708333333334
0 0.455078125 0.6715494791666666 0.00390625 0.013671875
0 0.4541015625 0.7399088541666666 0.00390625 0.012369791666666666
0 0.431396484375 0.7233072916666666 0.00439453125 0.010416666666666666
0 0.654052734375 0.3929036458333333 0.00439453125 0.011067708333333334
0 0.656494140625 0.7337239583333334 0.01611328125 0.033854166666666664
0 0.661376953125 0.8828125 0.00830078125 0.024739583333333332
0 0.5576171875 0.7913411458333334 0.00390625 0.012369791666666666
0 0.4501953125 0.8763020833333334 0.0087890625 0.0234375
0 0.556884765625 0.7789713541666666 0.00244140625 0.008463541666666666
0 0.6533203125 0.404296875 0.0048828125 0.010416666666666666
0 0.531982421875 0.7568359375 0.00341796875 0.011067708333333334
0 0.549072265625 0.7679036458333334 0.00341796875 0.008463541666666666
0 0.44189453125 0.5423177083333334 0.00390625 0.009114583333333334
0 0.3037109375 0.779296875 0.0126953125 0.032552083333333336
0 0.433837890625 0.6712239583333334 0.00830078125 0.016927083333333332
0 0.429931640625 0.6627604166666666 0.00537109375 0.0078125
0 0.5322265625 0.2916666666666667 0.013671875 0.032552083333333336
0 0.539306640625 0.5719401041666666 0.00439453125 0.011067708333333334
0 0.5517578125 0.6647135416666666 0.0068359375 0.01953125
0 0.5234375 0.6761067708333334 0.0048828125 0.013671875
0 0.433837890625 0.8001302083333334 0.00439453125 0.009114583333333334
