0 0.47998046875 0.4306640625 0.00390625 0.009765625
0 0.55078125 0.19694010416666666 0.005859375 0.018880208333333332
0 0.552001953125 0.3551432291666667 0.00830078125 0.013671875
0 0.559814453125 0.3336588541666667 0.00732421875 0.016276041666666668
0 0.56640625 0.3082682291666667 0.0048828125 0.013671875
0 0.560791015625 0.4710286458333333 0.00244140625 0.005859375
0 0.552001953125 0.3427734375 0.00732421875 0.012369791666666666
0 0.434326171875 0.484375 0.00634765625 0.022135416666666668
0 0.435302734375 0.4521484375 0.01025390625 0.011067708333333334
0 0.431396484375 0.4342447916666667 0.00830078125 0.018229166666666668
0 0.4384765625 0.3518880208333333 0.0068359375 0.022786458333333332
0 0.566162109375 0.548828125 0.00244140625 0.014322916666666666
0 0.482177734375 0.4615885416666667 0.00537109375 0.009114583333333334
