0 0.747314453125 0.4716796875 0.00927734375 0.012369791666666666
0 0.662353515625 0.3717447916666667 0.00537109375 0.014322916666666666
0 0.676025390625 0.361328125 0.00732421875 0.016927083333333332
0 0.6025390625 0.4853515625 0.0048828125 0.011067708333333334
0 0.67822265625 0.3294270833333333 0.005859375 0.015625
0 0.296875 0.5511067708333334 0.0048828125 0.008463541666666666
0 0.39453125 0.7838541666666666 0.005859375 0.0078125
0 0.392578125 0.5787760416666666 0.005859375 0.014322916666666666
0 0.382568359375 0.6529947916666666 0.00439453125 0.016927083333333332
0 0.391357421875 0.6158854166666666 0.01025390625 0.016927083333333332
0 0.393798828125 0.6009114583333334 0.00830078125 0.014322916666666666
0 0.677978515625 0.3883463541666667 0.00732421875 0.026692708333333332
0 0.382080078125 0.2682291666666667 0.00927734375 0.0234375
0 0.38623046875 0.1328125 0.0068359375 0.018229166666666668
0 0.7529296875 0.4602864583333333 0.01171875 0.015625
0 0.400634765625 0.7809244791666666 0.00341796875 0.009765625
0 0.67724609375 0.408203125 0.0078125 0.015625
0 0.671875 0.3098958333333333 0.0078125 0.013020833333333334
0 0.683837890625 0.4462890625 0.00537109375 0.014973958333333334
0 0.756591796875 0.4518229166666667 0.01220703125 0.014322916666666666
0 0.470947265625 0.43359375 0.00830078125 0.022135416666666668
0 0.674560546875 0.3440755208333333 0.00634765625 0.014973958333333334
0 0.657958984375 0.3219401041666667 0.00439453125 0.018880208333333332
0 0.661376953125 0.443359375 0.00439453125 0.016927083333333332
0 0.61328125 0.4098307291666667 0.005859375 0.018880208333333332
0 0.6083984375 0.3805338541666667 0.005859375 0.012369791666666666
0 0.65869140625 0.4049479166666667 0.0029296875 0.013020833333333334
0 0.60986328125 0.357421875 0.0068359375 0.016927083333333332
0 0.618408203125 0.2682291666666667 0.00439453125 0.01171875
0 0.67919921875 0.5992838541666666 0.0048828125 0.013671875
0 0.679931640625 0.4775390625 0.00341796875 0.012369791666666666
0 0.68310546875 0.4762369791666667 0.0048828125 0.014973958333333334
0 0.473876953125 0.4443359375 0.00732421875 0.017578125
0 0.659423828125 0.4228515625 0.00537109375 0.018880208333333332
0 0.6826171875 0.4283854166666667 0.005859375 0.016927083333333332
0 0.606689453125 0.365234375 0.00634765625 0.014322916666666666
0 0.749267578125 0.4192708333333333 0.01220703125 0.024739583333333332
0 0.668212890625 0.2952473958333333 0.00341796875 0.007161458333333333
0 0.6591796875 0.3336588541666667 0.0048828125 0.013671875
0 0.7490234375 0.7418619791666666 0.0068359375 0.014973958333333334
0 0.467041015625 0.2565104166666667 0.00341796875 0.0078125
0 0.299072265625 0.482421875 0.00341796875 0.006510416666666667
0 0.74169921875 0.7067057291666666 0.009765625 0.024088541666666668
0 0.756591796875 0.6546223958333334 0.01123046875 0.024088541666666668
0 0.305419921875 0.4899088541666667 0.00244140625 0.007161458333333333
0 0.749267578125 0.5032552083333334 0.01220703125 0.014322916666666666
0 0.751953125 0.7259114583333334 0.0068359375 0.010416666666666666
0 0.75244140625 0.5162760416666666 0.009765625 0.018229166666666668
0 0.754150390625 0.5540364583333334 0.00927734375 0.020833333333333332
0 0.7431640625 0.5944010416666666 0.0048828125 0.01171875
0 0.758544921875 0.6188151041666666 0.01123046875 0.021484375
0 0.761474609375 0.6334635416666666 0.00634765625 0.01171875
0 0.7607421875 0.5322265625 0.009765625 0.018880208333333332
0 0.75634765625 0.6735026041666666 0.005859375 0.013671875
0 0.743896484375 0.384765625 0.01123046875 0.01171875
0 0.747802734375 0.541015625 0.00830078125 0.01953125
0 0.76513671875 0.701171875 0.0068359375 0.024739583333333332
0 0.76220703125 0.5110677083333334 0.009765625 0.022135416666666668
0 0.744873046875 0.7454427083333334 0.00830078125 0.020833333333333332
0 0.755859375 0.6975911458333334 0.01171875 0.030598958333333332
0 0.679443359375 0.2522786458333333 0.00439453125 0.016276041666666668
0 0.67724609375 0.23665364583333334 0.00390625 0.012369791666666666
0 0.677001953125 0.220703125 0.00439453125 0.016927083333333332
0 0.672607421875 0.2789713541666667 0.00830078125 0.018880208333333332
0 0.464111328125 0.2620442708333333 0.00439453125 0.007161458333333333
0 0.299560546875 0.51171875 0.01025390625 0.013020833333333334
0 0.756103515625 0.7386067708333334 0.00927734375 0.020182291666666668
0 0.66650390625 0.4368489583333333 0.0068359375 0.013020833333333334
0 0.29443359375 0.2991536458333333 0.0048828125 0.013671875
0 0.298583984375 0.3557942708333333 0.00634765625 0.016276041666666668
0 0.296875 0.3883463541666667 0.0068359375 0.017578125
0 0.3056640625 0.4010416666666667 0.0078125 0.014322916666666666
0 0.30419921875 0.4729817708333333 0.0068359375 0.017578125
0 0.741943359375 0.6901041666666666 0.00732421875 0.015625
0 0.742431640625 0.7275390625 0.00732421875 0.017578125
