0 0.476318359375 0.6044921875 0.00634765625 0.008463541666666666
0 0.471435546875 0.5999348958333334 0.00439453125 0.005859375
0 0.60205078125 0.611328125 0.00390625 0.013020833333333334
0 0.472412109375 0.6142578125 0.00634765625 0.013671875
0 0.47412109375 0.6292317708333334 0.005859375 0.012369791666666666
0 0.466064453125 0.6279296875 0.00634765625 0.011067708333333334
0 0.466796875 0.6656901041666666 0.0078125 0.017578125
0 0.4638671875 0.6689453125 0.0029296875 0.013671875
0 0.468017578125 0.6363932291666666 0.00634765625 0.009765625
0 0.611328125 0.6048177083333334 0.0068359375 0.013020833333333334
0 0.61279296875 0.6158854166666666 0.0087890625 0.0078125
0 0.616455078125 0.6044921875 0.00244140625 0.011067708333333334
0 0.605712890625 0.5436197916666666 0.00634765625 0.010416666666666666
0 0.612060546875 0.5810546875 0.00537109375 0.016276041666666668
0 0.46923828125 0.6497395833333334 0.0068359375 0.01171875
0 0.471435546875 0.5813802083333334 0.00732421875 0.009114583333333334
0 0.477294921875 0.6168619791666666 0.00341796875 0.011067708333333334
0 0.554931640625 0.5305989583333334 0.00244140625 0.013020833333333334
0 0.55078125 0.50390625 0.0048828125 0.01171875
0 0.551513671875 0.5472005208333334 0.00830078125 0.018880208333333332
0 0.470703125 0.6910807291666666 0.0087890625 0.014973958333333334
0 0.468994140625 0.7115885416666666 0.00732421875 0.015625
0 0.475341796875 0.708984375 0.00732421875 0.01171875
0 0.54931640625 0.5289713541666666 0.0078125 0.012369791666666666
0 0.46630859375 0.5930989583333334 0.00390625 0.009114583333333334
0 0.473876953125 0.6998697916666666 0.00830078125 0.014322916666666666
0 0.468017578125 0.6881510416666666 0.00537109375 0.01171875
0 0.475830078125 0.5888671875 0.00341796875 0.011067708333333334
0 0.472900390625 0.6416015625 0.00439453125 0.004557291666666667
0 0.412353515625 0.6178385416666666 0.00341796875 0.009114583333333334
0 0.46337890625 0.6868489583333334 0.0029296875 0.01953125
0 0.47216796875 0.6708984375 0.0078125 0.021484375
0 0.41064453125 0.6513671875 0.0087890625 0.022786458333333332
0 0.409423828125 0.6077473958333334 0.00634765625 0.013671875
