0 0.250244140625 0.034830729166666664 0.00927734375 0.027994791666666668
0 0.223388671875 0.3616536458333333 0.01513671875 0.034505208333333336
0 0.2255859375 0.6497395833333334 0.005859375 0.029947916666666668
0 0.2109375 0.8798828125 0.0078125 0.016276041666666668
0 0.205322265625 0.8095703125 0.01025390625 0.026692708333333332
0 0.09716796875 0.28125 0.015625 0.028645833333333332
0 0.103515625 0.3743489583333333 0.0107421875 0.01953125
0 0.10107421875 0.4274088541666667 0.0078125 0.035807291666666664
0 0.4140625 0.5520833333333334 0.009765625 0.028645833333333332
0 0.300048828125 0.5579427083333334 0.00927734375 0.024739583333333332
0 0.209716796875 0.7799479166666666 0.01806640625 0.028645833333333332
0 0.291015625 0.5377604166666666 0.005859375 0.014322916666666666
0 0.406982421875 0.4814453125 0.01220703125 0.031901041666666664
0 0.29443359375 0.599609375 0.013671875 0.024739583333333332
0 0.284912109375 0.6184895833333334 0.01416015625 0.03125
0 0.28955078125 0.6559244791666666 0.0166015625 0.024088541666666668
0 0.2890625 0.6764322916666666 0.0126953125 0.026041666666666668
0 0.30126953125 0.65625 0.0107421875 0.045572916666666664
0 0.39697265625 0.4508463541666667 0.0078125 0.029296875
0 0.403564453125 0.4029947916666667 0.01025390625 0.01953125
0 0.412109375 0.42578125 0.01171875 0.026041666666666668
0 0.422119140625 0.4482421875 0.00732421875 0.025390625
0 0.41845703125 0.51171875 0.005859375 0.016927083333333332
0 0.279296875 0.5572916666666666 0.0048828125 0.04296875
0 0.0869140625 0.28515625 0.0087890625 0.045572916666666664
0 0.09326171875 0.3111979166666667 0.017578125 0.03515625
0 0.091796875 0.3391927083333333 0.017578125 0.024739583333333332
0 0.40380859375 0.5738932291666666 0.0048828125 0.013671875
0 0.42041015625 0.42578125 0.0087890625 0.01953125
0 0.41015625 0.5458984375 0.0087890625 0.018880208333333332
0 0.5458984375 0.5804036458333334 0.0048828125 0.024088541666666668
0 0.406982421875 0.3603515625 0.00830078125 0.022786458333333332
0 0.41943359375 0.3746744791666667 0.0146484375 0.021484375
0 0.52978515625 0.3720703125 0.0068359375 0.034505208333333336
0 0.54296875 0.4293619791666667 0.01171875 0.030598958333333332
0 0.541259765625 0.5638020833333334 0.00927734375 0.024739583333333332
0 0.547119140625 0.552734375 0.00439453125 0.016927083333333332
0 0.53466796875 0.6435546875 0.015625 0.039713541666666664
0 0.636474609375 0.5367838541666666 0.00341796875 0.007161458333333333
0 0.6416015625 0.5504557291666666 0.001953125 0.017578125
0 0.615234375 0.556640625 0.001953125 0.016927083333333332
0 0.517578125 0.6318359375 0.0048828125 0.024088541666666668
0 0.624755859375 0.3850911458333333 0.00634765625 0.014973958333333334
0 0.64013671875 0.5856119791666666 0.005859375 0.024088541666666668
0 0.6181640625 0.3776041666666667 0.0029296875 0.009114583333333334
0 0.530517578125 0.5602213541666666 0.01123046875 0.024088541666666668
0 0.63623046875 0.4833984375 0.01171875 0.031901041666666664
0 0.628662109375 0.4993489583333333 0.01318359375 0.01953125
0 0.6416015625 0.5143229166666666 0.0048828125 0.02734375
0 0.625 0.3701171875 0.005859375 0.013671875
0 0.1015625 0.4873046875 0.005859375 0.026692708333333332
0 0.62890625 0.3968098958333333 0.0068359375 0.022786458333333332
0 0.52197265625 0.6018880208333334 0.009765625 0.029296875
0 0.617431640625 0.4186197916666667 0.00341796875 0.020833333333333332
0 0.62255859375 0.6025390625 0.0107421875 0.014973958333333334
