0 0.383056640625 0.3971354166666667 0.01123046875 0.024739583333333332
0 0.232666015625 0.4225260416666667 0.01025390625 0.029947916666666668
0 0.239501953125 0.5270182291666666 0.01220703125 0.037109375
0 0.238525390625 0.5836588541666666 0.01123046875 0.025390625
0 0.1591796875 0.6005859375 0.0107421875 0.014973958333333334
0 0.244384765625 0.22233072916666666 0.00927734375 0.022786458333333332
0 0.395751953125 0.4638671875 0.00927734375 0.026692708333333332
0 0.140625 0.6552734375 0.0078125 0.020182291666666668
0 0.3134765625 0.23990885416666666 0.009765625 0.017578125
0 0.38037109375 0.4651692708333333 0.015625 0.031901041666666664
0 0.241943359375 0.4189453125 0.01123046875 0.027994791666666668
0 0.376708984375 0.412109375 0.01318359375 0.029947916666666668
0 0.310546875 0.22623697916666666 0.005859375 0.020182291666666668
0 0.2265625 0.267578125 0.0126953125 0.022135416666666668
0 0.23583984375 0.18326822916666666 0.0166015625 0.027994791666666668
0 0.24560546875 0.2861328125 0.01171875 0.022786458333333332
0 0.248046875 0.2662760416666667 0.0107421875 0.01953125
0 0.240966796875 0.2584635416666667 0.01025390625 0.020833333333333332
0 0.235595703125 0.22330729166666666 0.01025390625 0.022135416666666668
0 0.228515625 0.21126302083333334 0.009765625 0.021484375
0 0.233154296875 0.20084635416666666 0.01123046875 0.020182291666666668
0 0.16455078125 0.22819010416666666 0.009765625 0.026692708333333332
0 0.571533203125 0.2571614583333333 0.01220703125 0.01953125
0 0.566650390625 0.2659505208333333 0.01220703125 0.022786458333333332
0 0.572265625 0.2955729166666667 0.01171875 0.033854166666666664
0 0.564208984375 0.435546875 0.01123046875 0.010416666666666666
0 0.55322265625 0.5074869791666666 0.0068359375 0.020182291666666668
0 0.572021484375 0.240234375 0.01220703125 0.020833333333333332
0 0.24951171875 0.3138020833333333 0.013671875 0.03125
0 0.389892578125 0.3753255208333333 0.01708984375 0.026692708333333332
0 0.389404296875 0.26953125 0.01806640625 0.033854166666666664
0 0.40087890625 0.3391927083333333 0.013671875 0.028645833333333332
0 0.384521484375 0.3577473958333333 0.01611328125 0.021484375
0 0.15966796875 0.2594401041666667 0.0185546875 0.037109375
0 0.16552734375 0.69140625 0.013671875 0.020833333333333332
0 0.15966796875 0.3199869791666667 0.0166015625 0.026692708333333332
0 0.365234375 0.4954427083333333 0.0048828125 0.01953125
0 0.152099609375 0.3330078125 0.01220703125 0.027994791666666668
0 0.145263671875 0.7027994791666666 0.00927734375 0.020182291666666668
0 0.157470703125 0.29296875 0.01318359375 0.02734375
0 0.154296875 0.7008463541666666 0.0126953125 0.017578125
0 0.378173828125 0.5188802083333334 0.00732421875 0.015625
0 0.16796875 0.6546223958333334 0.0048828125 0.012369791666666666
0 0.3125 0.26171875 0.009765625 0.022135416666666668
0 0.399658203125 0.6100260416666666 0.00634765625 0.0234375
0 0.364990234375 0.5641276041666666 0.00537109375 0.018880208333333332
0 0.13671875 0.23795572916666666 0.0087890625 0.029296875
0 0.378662109375 0.5481770833333334 0.01123046875 0.022135416666666668
0 0.394775390625 0.5302734375 0.01318359375 0.030598958333333332
0 0.469482421875 0.2265625 0.00439453125 0.020833333333333332
0 0.44384765625 0.24576822916666666 0.009765625 0.024088541666666668
0 0.440673828125 0.2353515625 0.01123046875 0.031901041666666664
0 0.442138671875 0.2819010416666667 0.01220703125 0.028645833333333332
0 0.466552734375 0.3170572916666667 0.00732421875 0.022135416666666668
0 0.457275390625 0.34765625 0.00830078125 0.024739583333333332
0 0.47021484375 0.3811848958333333 0.0068359375 0.022786458333333332
0 0.4013671875 0.322265625 0.013671875 0.0234375
0 0.37548828125 0.25 0.0078125 0.026041666666666668
0 0.385986328125 0.2972005208333333 0.01708984375 0.024088541666666668
0 0.400390625 0.2972005208333333 0.0126953125 0.030598958333333332
0 0.37109375 0.5621744791666666 0.009765625 0.016276041666666668
