0 0.649658203125 0.33203125 0.00634765625 0.016927083333333332
0 0.511962890625 0.4873046875 0.01611328125 0.033203125
0 0.510498046875 0.5211588541666666 0.01611328125 0.038411458333333336
0 0.2109375 0.12467447916666667 0.01953125 0.052734375
0 0.508544921875 0.6656901041666666 0.01025390625 0.026692708333333332
0 0.353515625 0.5849609375 0.0146484375 0.031901041666666664
0 0.361328125 0.8209635416666666 0.0126953125 0.032552083333333336
0 0.35009765625 0.5543619791666666 0.01171875 0.022786458333333332
0 0.353515625 0.4866536458333333 0.0126953125 0.031901041666666664
0 0.352294921875 0.4446614583333333 0.01025390625 0.028645833333333332
0 0.644287109375 0.3333333333333333 0.00537109375 0.01171875
0 0.5126953125 0.7828776041666666 0.0107421875 0.029296875
0 0.6376953125 0.3219401041666667 0.005859375 0.020182291666666668
0 0.87158203125 0.24153645833333334 0.01171875 0.026041666666666668
0 0.19775390625 0.5133463541666666 0.0048828125 0.025390625
0 0.246337890625 0.3662109375 0.01123046875 0.018880208333333332
0 0.252685546875 0.3655598958333333 0.00732421875 0.016276041666666668
0 0.644775390625 0.4205729166666667 0.00439453125 0.013020833333333334
0 0.649658203125 0.3902994791666667 0.00341796875 0.011067708333333334
0 0.739013671875 0.2522786458333333 0.01318359375 0.025390625
0 0.734130859375 0.2138671875 0.01513671875 0.037109375
0 0.752685546875 0.2060546875 0.01904296875 0.030598958333333332
0 0.748291015625 0.2294921875 0.02392578125 0.037109375
0 0.7529296875 0.17154947916666666 0.01953125 0.026692708333333332
0 0.657958984375 0.4293619791666667 0.00537109375 0.007161458333333333
0 0.209228515625 0.2757161458333333 0.01513671875 0.043619791666666664
0 0.644775390625 0.3470052083333333 0.00732421875 0.014322916666666666
0 0.229736328125 0.3235677083333333 0.01708984375 0.03515625
0 0.644775390625 0.3785807291666667 0.00537109375 0.013671875
0 0.228515625 0.34375 0.01953125 0.026041666666666668
0 0.654541015625 0.3170572916666667 0.00341796875 0.009114583333333334
0 0.51904296875 0.8063151041666666 0.0068359375 0.029296875
0 0.23583984375 0.3567708333333333 0.0146484375 0.020833333333333332
0 0.52392578125 0.4488932291666667 0.0048828125 0.021484375
0 0.489990234375 0.22102864583333334 0.00830078125 0.017578125
0 0.503662109375 0.16569010416666666 0.01806640625 0.034505208333333336
0 0.49560546875 0.19205729166666666 0.021484375 0.020833333333333332
0 0.498779296875 0.130859375 0.01513671875 0.03515625
0 0.498046875 0.0205078125 0.017578125 0.035807291666666664
0 0.484375 0.018880208333333332 0.01171875 0.037760416666666664
0 0.648193359375 0.19368489583333334 0.00634765625 0.020182291666666668
0 0.659912109375 0.18587239583333334 0.00732421875 0.012369791666666666
0 0.654541015625 0.1875 0.00537109375 0.01171875
0 0.220703125 0.3597005208333333 0.0146484375 0.017578125
0 0.66259765625 0.19759114583333334 0.00390625 0.011067708333333334
0 0.6474609375 0.2333984375 0.009765625 0.014973958333333334
0 0.664306640625 0.2545572916666667 0.00732421875 0.020833333333333332
0 0.6484375 0.244140625 0.01171875 0.01953125
0 0.64453125 0.3199869791666667 0.0078125 0.017578125
0 0.658935546875 0.2923177083333333 0.00439453125 0.010416666666666666
0 0.662109375 0.3255208333333333 0.0048828125 0.014322916666666666
0 0.47314453125 0.3499348958333333 0.0087890625 0.025390625
0 0.470703125 0.4781901041666667 0.0048828125 0.030598958333333332
0 0.2431640625 0.4391276041666667 0.017578125 0.046223958333333336
0 0.476806640625 0.4508463541666667 0.00830078125 0.027994791666666668
0 0.236083984375 0.38671875 0.02294921875 0.03515625
0 0.223876953125 0.4150390625 0.01904296875 0.030598958333333332
0 0.20849609375 0.3587239583333333 0.015625 0.048177083333333336
0 0.655517578125 0.1982421875 0.01123046875 0.014973958333333334
0 0.662109375 0.236328125 0.00390625 0.010416666666666666
0 0.254150390625 0.541015625 0.00732421875 0.03515625
0 0.734375 0.15266927083333334 0.0205078125 0.034505208333333336
0 0.656005859375 0.22786458333333334 0.00732421875 0.01171875
0 0.664306640625 0.2786458333333333 0.00341796875 0.013020833333333334
0 0.65478515625 0.2939453125 0.0029296875 0.011067708333333334
0 0.64111328125 0.3610026041666667 0.0078125 0.018880208333333332
0 0.6328125 0.4095052083333333 0.001953125 0.005208333333333333
0 0.748046875 0.1494140625 0.0166015625 0.024088541666666668
0 0.665771484375 0.4020182291666667 0.00439453125 0.017578125
0 0.75830078125 0.1376953125 0.0068359375 0.018880208333333332
0 0.756103515625 0.2740885416666667 0.00732421875 0.022135416666666668
0 0.876220703125 0.216796875 0.01025390625 0.03125
0 0.241943359375 0.5563151041666666 0.01611328125 0.030598958333333332
0 0.24072265625 0.5979817708333334 0.017578125 0.047526041666666664
0 0.2265625 0.5582682291666666 0.0185546875 0.038411458333333336
0 0.09521484375 0.5341796875 0.01953125 0.037109375
0 0.100830078125 0.4176432291666667 0.00732421875 0.017578125
0 0.23681640625 0.5227864583333334 0.0205078125 0.040364583333333336
0 0.087158203125 0.3896484375 0.01904296875 0.034505208333333336
0 0.078369140625 0.2692057291666667 0.00439453125 0.013671875
0 0.660400390625 0.3876953125 0.00146484375 0.005859375
0 0.080810546875 0.4254557291666667 0.01416015625 0.026692708333333332
0 0.66357421875 0.4078776041666667 0.0029296875 0.004557291666666667
0 0.654541015625 0.4108072916666667 0.00439453125 0.009114583333333334
0 0.64501953125 0.4046223958333333 0.00390625 0.007161458333333333
0 0.634521484375 0.3447265625 0.00439453125 0.011067708333333334
0 0.648681640625 0.4098307291666667 0.00537109375 0.009765625
0 0.663330078125 0.4143880208333333 0.00439453125 0.007161458333333333
0 0.656982421875 0.240234375 0.00537109375 0.01171875
0 0.661865234375 0.2236328125 0.01025390625 0.014973958333333334
0 0.48779296875 0.31640625 0.0029296875 0.009114583333333334
0 0.748046875 0.2555338541666667 0.009765625 0.009765625
0 0.198486328125 0.4664713541666667 0.00341796875 0.020182291666666668
0 0.7470703125 0.18815104166666666 0.0205078125 0.02734375
0 0.20849609375 0.3115234375 0.013671875 0.024088541666666668
0 0.2021484375 0.1435546875 0.0078125 0.027994791666666668
0 0.48583984375 0.2884114583333333 0.0078125 0.014322916666666666
0 0.628173828125 0.4332682291666667 0.00537109375 0.018880208333333332
0 0.634521484375 0.3583984375 0.00634765625 0.014973958333333334
0 0.63232421875 0.3857421875 0.0048828125 0.016276041666666668
0 0.64697265625 0.3811848958333333 0.0048828125 0.011067708333333334
0 0.656005859375 0.3990885416666667 0.00634765625 0.013020833333333334
0 0.64892578125 0.3597005208333333 0.0087890625 0.017578125
0 0.63623046875 0.3717447916666667 0.0048828125 0.013020833333333334
0 0.666259765625 0.4274088541666667 0.00537109375 0.026692708333333332
0 0.197265625 0.6061197916666666 0.0048828125 0.015625
0 0.629638671875 0.4498697916666667 0.00439453125 0.015625
0 0.218505859375 0.6858723958333334 0.00927734375 0.008463541666666666
0 0.642333984375 0.3880208333333333 0.00439453125 0.0078125
0 0.659423828125 0.2669270833333333 0.00439453125 0.0078125
0 0.64599609375 0.390625 0.00390625 0.010416666666666666
0 0.66357421875 0.3610026041666667 0.00390625 0.012369791666666666
0 0.742431640625 0.1298828125 0.02587890625 0.012369791666666666
0 0.72998046875 0.17805989583333334 0.0107421875 0.026692708333333332
0 0.657470703125 0.3909505208333333 0.00537109375 0.009765625
0 0.65234375 0.33203125 0.00390625 0.01171875
0 0.655517578125 0.3336588541666667 0.00341796875 0.009765625
0 0.65478515625 0.3248697916666667 0.0048828125 0.00390625
0 0.658203125 0.3196614583333333 0.001953125 0.006510416666666667
0 0.223876953125 0.392578125 0.01904296875 0.02734375
