0 0.09647569444444433 0.5687760416666667 0.024322916666667044 0.054574652777777684
0 0.06544270833333322 0.40940104166666674 0.051901041666666634 0.06782118055555565
0 0.07772569444444441 0.36938368055555554 0.04989583333333295 0.07079861111111106
0 0.4073350694444444 0.9369618055555556 0.03681423611111098 0.06385416666666702
0 0.4026909722222223 0.8263888888888888 0.02089409722222197 0.035269097222222316
0 0.42981770833333344 0.8688888888888889 0.02368923611111108 0.02730902777777781
0 0.48117187499999997 0.7490364583333332 0.021814236111111204 0.06815104166666666
0 0.4843315972222221 0.6676996527777779 0.018159722222222285 0.06980902777777784
0 0.5663281249999998 0.24922743055555546 0.052673611111111365 0.07450520833333327
0 0.7092013888888888 0.9930555555555556 0.03298611111111111 0.013888888888888888
0 0.7042361111111113 0.9333767361111112 0.023055555555555902 0.040086805555555806
0 0.7759635416666666 0.4728211805555556 0.037022569444444126 0.06849826388888876
0 0.7346527777777779 0.1759288194444445 0.030755208333333586 0.07565104166666675
0 0.8376215277777779 0.15259548611111107 0.04383680555555555 0.09552951388888904
0 0.8336197916666666 0.049088541666666624 0.03447916666666689 0.0676475694444443
0 0.8050000000000002 0.04170138888888886 0.03202256944444473 0.03460937499999991
0 0.7543402777777778 0.01953125 0.034722222222222224 0.0390625
0 0.7391493055555556 0.012152777777777778 0.030381944444444444 0.024305555555555556
0 0.48757812500000003 0.23163194444444438 0.025598958333333144 0.04761284722222214
0 0.5025347222222223 0.32539930555555546 0.014392361111111049 0.03427083333333335
0 0.49934027777777756 0.3969618055555555 0.02481770833333346 0.06730034722222239
0 0.46934027777777765 0.4760503472222223 0.016675347222222255 0.029635416666666557
0 0.40170138888888907 0.4981163194444444 0.014444444444444728 0.029227430555555618
0 0.49290798611111103 0.5054687499999999 0.012803819444444444 0.03805555555555568
0 0.5349739583333333 0.2895399305555555 0.021527777777777937 0.05106770833333327
0 0.5442100694444443 0.1586979166666666 0.018203125000000223 0.026154513888888984
0 0.5408940972222224 0.13743923611111106 0.019982638888889268 0.03697916666666659
0 0.5179774305555556 0.11613715277777775 0.014192708333333649 0.042065972222222255
0 0.39801215277777796 0.04506076388888896 0.011857638888888763 0.029218749999999873
0 0.5078125 0.012586805555555556 0.03298611111111111 0.025173611111111112