0 0.0546875 0.9895833333333334 0.012152777777777778 0.020833333333333332
0 0.39473958333333337 0.9806684027777778 0.020269097222222143 0.033914930555555695
0 0.4043576388888888 0.7657725694444444 0.030833333333333317 0.050269097222222295
0 0.3865711805555555 0.46222222222222226 0.024861111111111 0.04748263888888893
0 0.45915798611111114 0.5413975694444445 0.015538194444444523 0.04493923611111109
0 0.8307465277777778 0.6391493055555555 0.01976562500000038 0.04267361111111118
0 0.7662760416666666 0.6310243055555556 0.010243055555555713 0.030026041666666597
0 0.7658246527777778 0.6749565972222222 0.014131944444444619 0.06362847222222218
0 0.7972048611111112 0.6782204861111111 0.03355902777777765 0.07293402777777776
0 0.8768315972222224 0.7028298611111111 0.010095486111111206 0.049010416666666695
0 0.8608940972222222 0.8773524305555556 0.0260850694444446 0.05757812499999994
0 0.8743489583333334 0.9160416666666666 0.01743923611111124 0.06822916666666659
0 0.8528993055555555 0.9071527777777777 0.03628472222222238 0.05217013888888881
0 0.8411631944444444 0.9592274305555555 0.03809895833333362 0.05787326388888895
0 0.8029253472222221 0.9165017361111111 0.03297743055555537 0.06453993055555547
0 0.7605034722222221 0.9494791666666667 0.02658854166666676 0.09255208333333324
0 0.7907986111111112 0.9869791666666666 0.034722222222222224 0.026041666666666668