0 0.5742968750000002 0.5920225694444444 0.04502604166666657 0.0784722222222223
0 0.53125 0.9835069444444444 0.03819444444444445 0.03298611111111111
0 0.5321440972222224 0.9433420138888889 0.041006944444444256 0.06118923611111092
0 0.8498784722222221 0.8133854166666666 0.04872395833333343 0.07411458333333343
0 0.5390885416666669 0.5177430555555556 0.03831597222222251 0.07638020833333334
0 0.5166319444444443 0.6748697916666667 0.01451388888888911 0.08814236111111108
0 0.5175607638888889 0.7554079861111112 0.013723958333333681 0.06363715277777773
0 0.5411631944444445 0.8545138888888889 0.012369791666666666 0.023428819444444453
0 0.5180815972222221 0.8221788194444444 0.012144097222222032 0.05849826388888898
0 0.5198350694444444 0.8757031249999999 0.014982638888889078 0.044487847222222224
0 0.9434722222222223 0.9658854166666667 0.02013888888888873 0.04689236111111109