0 0.1896701388888889 0.0026041666666666665 0.059895833333333336 0.005208333333333333
0 0.2204861111111111 0.025173611111111112 0.06076388888888889 0.050347222222222224
0 0.2643315972222222 0.04835937500000003 0.05945312499999981 0.05908854166666641
0 0.23236979166666671 0.09058159722222214 0.046293402777777715 0.057395833333333236
0 0.24381944444444453 0.06960937500000004 0.039270833333333144 0.05173611111111143
0 0.16047743055555547 0.27190972222222204 0.0378038194444446 0.06609375000000028
0 0.1822048611111112 0.3193489583333332 0.05046874999999989 0.0814843749999999
0 0.21246527777777777 0.3304166666666666 0.04600694444444445 0.07335069444444445
0 0.2252864583333333 0.41317708333333336 0.06940972222222225 0.09981770833333314
0 0.15312500000000007 0.3646267361111113 0.030104166666666526 0.05671875000000012
0 0.26836805555555565 0.4812847222222223 0.02670138888888908 0.051901041666666634
0 0.2602430555555555 0.7113975694444447 0.03173611111111106 0.044314236111111266
0 0.24173611111111112 0.6886284722222223 0.04336805555555559 0.057291666666666664
0 0.27138020833333343 0.6699913194444443 0.019270833333333175 0.045234374999999716
0 0.2678038194444444 0.6278038194444444 0.027821180555555713 0.06456597222222232
0 0.1522135416666666 0.5954253472222221 0.03528645833333341 0.05867187500000012
0 0.17428819444444443 0.6130121527777779 0.03127604166666684 0.05051215277777743
0 0.20279513888888878 0.6056510416666667 0.03451388888888908 0.05822048611111086
0 0.2478993055555555 0.6011631944444444 0.044487847222222224 0.05598090277777759
0 0.2497222222222223 0.5400694444444443 0.03972222222222241 0.08528645833333333
0 0.21855034722222222 0.5401388888888887 0.029227430555555618 0.0728125000000001
0 0.16138888888888894 0.5437065972222221 0.049435763888888734 0.0701475694444448
0 0.17821180555555552 0.5290538194444443 0.05705729166666668 0.08108506944444432
0 0.15361111111111114 0.4803559027777777 0.03248263888888895 0.06116319444444448
0 0.21141493055555552 0.4833680555555557 0.04390624999999994 0.049140624999999716
0 0.14689236111111115 0.42641493055555557 0.01903645833333319 0.05837673611111111
0 0.1746354166666667 0.4290798611111113 0.04878472222222206 0.08893229166666651
0 0.48867187500000003 0.4429513888888891 0.0509461805555556 0.09846354166666692
0 0.5080121527777778 0.4657899305555557 0.02248263888888897 0.03243923611111102
0 0.46401041666666665 0.32789930555555535 0.029661458333333397 0.09538194444444453
0 0.4962500000000001 0.28991319444444447 0.057222222222222285 0.07827256944444451
0 0.52390625 0.19924479166666684 0.03313368055555562 0.04407986111111089
0 0.5017013888888889 0.1244878472222221 0.04617187500000005 0.07675347222222229
0 0.898142361111111 0.22730034722222214 0.05289062500000025 0.09457465277777762
0 0.9050781250000001 0.12203124999999994 0.04013020833333295 0.04381076388888911
0 0.8587760416666667 0.3800434027777777 0.044218749999999654 0.07214409722222194
0 0.9453645833333333 0.29160590277777765 0.015598958333333555 0.03820312500000019
0 0.8515625 0.4487847222222222 0.017178819444444413 0.027439236111110828
0 0.8416145833333333 0.39986979166666675 0.011302083333333712 0.022100694444444475
0 0.8431597222222224 0.42131076388888883 0.016440972222221874 0.027508680555555207
0 0.8586718750000001 0.2521961805555557 0.01501736111111127 0.02057291666666651