0 0.23509548611111106 0.9708680555555556 0.035486111111111204 0.05055555555555537
0 0.22178819444444445 0.9861111111111112 0.0234375 0.027777777777777776
0 0.21051215277777796 0.8432552083333332 0.018038194444444225 0.033411458333333144
0 0.2217621527777776 0.9154947916666667 0.026024305555555176 0.052942708333333144
0 0.23833333333333329 0.663107638888889 0.028428819444444444 0.05693576388888902
0 0.21152777777777765 0.49144965277777786 0.007300347222222096 0.0367447916666666
0 0.28951388888888885 0.4003385416666667 0.01532118055555524 0.04444444444444429
0 0.6169965277777779 0.9718402777777777 0.006319444444444223 0.03493923611111111
0 0.6635763888888889 0.556545138888889 0.017248263888888796 0.022473958333333224
0 0.7124826388888891 0.5132812499999999 0.028940972222222347 0.04623263888888908
0 0.6563281250000002 0.5140972222222222 0.02632812499999994 0.04546006944444435
0 0.6652343749999999 0.5998090277777778 0.030182291666667044 0.03342013888888889
0 0.6947135416666667 0.36623263888888896 0.03139756944444451 0.036137152777777876
0 0.6861111111111112 0.29111111111111104 0.0305555555555554 0.04294270833333316
0 0.7288802083333334 0.28714409722222217 0.04249131944444429 0.054253472222222224
0 0.2804340277777777 0.477421875 0.02282986111111127 0.04875868055555562
0 0.2774913194444445 0.4404687500000001 0.025729166666666952 0.03254340277777759