0 0.25274305555555543 0.6924652777777778 0.04085937499999975 0.11274305555555565
0 0.31843750000000015 0.5118315972222223 0.04506944444444451 0.09248263888888886
0 0.2927256944444443 0.5124739583333333 0.043420138888889265 0.051371527777777835
0 0.33621527777777793 0.41044270833333335 0.04929687499999997 0.0740190972222222
0 0.9671614583333334 0.5411371527777777 0.05380208333333295 0.11385416666666674
0 0.9904513888888888 0.5334201388888888 0.019097222222222224 0.10850694444444445
0 0.9674479166666666 0.6558159722222222 0.06510416666666667 0.1293402777777778
0 0.9659114583333334 0.751953125 0.05380208333333295 0.09258680555555562
0 0.8295399305555556 0.8076388888888889 0.08382812499999975 0.13888020833333334
0 0.7444531250000002 0.849548611111111 0.07631944444444451 0.1401302083333334
0 0.9665364583333331 0.8708159722222222 0.04754340277777816 0.09759548611111117
0 0.9609375 0.9526909722222222 0.0625 0.09461805555555555
0 0.8730555555555557 0.9539930555555556 0.061467013888889234 0.05901041666666668
0 0.2541232638888889 0.9496788194444444 0.009913194444444507 0.02865451388888908
0 0.2560416666666667 0.8902256944444444 0.011562499999999747 0.04432291666666662
0 0.3962239583333332 0.7331076388888889 0.014097222222222032 0.06665798611111108
0 0.9947916666666666 0.4409722222222222 0.010416666666666666 0.06076388888888889