0 0.13889756944444442 0.5029774305555557 0.035364583333333144 0.06453993055555547
0 0.13722222222222216 0.44992187499999997 0.02990451388888873 0.06184027777777759
0 0.16193576388888886 0.3256423611111112 0.03774305555555557 0.052213541666666745
0 0.16057291666666668 0.37990451388888896 0.04841145833333332 0.0564756944444444
0 0.14802083333333332 0.19400173611111113 0.04373263888888898 0.07018229166666659
0 0.46670138888888896 0.34907118055555564 0.022387152777777745 0.08596354166666684
0 0.4289756944444445 0.31785590277777787 0.029409722222222316 0.057986111111111266
0 0.42250000000000004 0.363515625 0.02066840277777773 0.043315972222222304
0 0.6982899305555557 0.6714843749999999 0.022222222222222143 0.03837673611111114
0 0.7407118055555555 0.6130381944444445 0.031371527777777665 0.06349826388888896
0 0.7421527777777778 0.5587500000000001 0.02588541666666681 0.03893229166666659
0 0.7258680555555556 0.5772395833333334 0.02443576388888897 0.045677083333333236
0 0.7212586805555556 0.5381163194444445 0.02632812499999994 0.05033854166666648
0 0.7050434027777778 0.6004253472222223 0.03155381944444437 0.05545138888888898
0 0.7520659722222223 0.31151041666666657 0.02953993055555573 0.04261284722222235
0 0.7563107638888888 0.27874131944444436 0.030190972222222397 0.05631944444444454
0 0.7493229166666667 0.2601909722222222 0.03284722222222235 0.03234375000000019
0 0.7474999999999999 0.24738715277777779 0.030850694444444413 0.030824652777777968
0 0.9939236111111112 0.6592881944444444 0.012152777777777778 0.035590277777777776
0 0.9934895833333334 0.5928819444444444 0.013020833333333334 0.050347222222222224
0 0.9904513888888888 0.6063368055555556 0.019097222222222224 0.042534722222222224
0 0.9995659722222222 0.6119791666666666 0.0008680555555555555 0.043402777777777776
0 0.9995659722222222 0.5078125 0.0008680555555555555 0.043402777777777776
0 0.9991319444444444 0.4578993055555556 0.001736111111111111 0.058159722222222224
0 0.9995659722222222 0.4722222222222222 0.0008680555555555555 0.041666666666666664
0 0.9943576388888888 0.3493923611111111 0.011284722222222222 0.044270833333333336
0 0.9833072916666666 0.7033072916666667 0.018585069444444317 0.06008680555555538
0 0.99609375 0.5230034722222222 0.0078125 0.033854166666666664
0 0.9973958333333334 0.3810763888888889 0.005208333333333333 0.022569444444444444