0 0.5400086805555557 0.20680555555555535 0.10388020833333339 0.05946180555555555
0 0.45943576388888885 0.10432291666666653 0.06246527777777781 0.036701388888888666
0 0.35946180555555546 0.12356770833333325 0.06523437499999968 0.030894097222222347
0 0.29527777777777764 0.09478298611111116 0.08337673611111127 0.022031250000000096
0 0.3355989583333334 0.20791666666666664 0.0859375 0.06101562499999997
0 0.5040538194444445 0.25703124999999993 0.0753298611111109 0.01338541666666673
0 0.5908767361111108 0.25719618055555554 0.09266493055555555 0.012951388888888951
0 0.21023437500000006 0.22276909722222232 0.09382812500000012 0.03594618055555543
0 0.13418402777777771 0.08915798611111114 0.08495659722222212 0.03175347222222216
0 0.0078125 0.1896701388888889 0.015625 0.06510416666666667
0 0.009548611111111112 0.6453993055555556 0.019097222222222224 0.028645833333333332
0 0.08216145833333341 0.5817795138888889 0.08565104166666673 0.05616319444444429
0 0.10385416666666655 0.5469444444444443 0.08144097222222196 0.044392361111111396
0 0.1768229166666665 0.5923697916666666 0.10315972222222235 0.0725954861111112
0 0.2763281249999999 0.574513888888889 0.11563368055555559 0.06290798611111133
0 0.39456597222222217 0.6346440972222224 0.1056857638888889 0.053515624999999685
0 0.3564583333333332 0.6698697916666667 0.10611979166666667 0.018532986111111427
0 0.31364583333333346 0.6497309027777776 0.038854166666666856 0.023333333333333428
0 0.4399479166666668 0.6707638888888887 0.04997395833333308 0.02268229166666676