0 0.5012239583333334 0.19011284722222221 0.010312500000000094 0.02734375
0 0.49758680555555557 0.20554687499999996 0.015442708333333301 0.02904513888888892
0 0.45032118055555553 0.2088368055555555 0.009756944444444256 0.018559027777777872
0 0.4529600694444444 0.23810763888888886 0.013281250000000158 0.0264670138888887
0 0.4512239583333333 0.22506944444444443 0.012890624999999921 0.0213020833333333
0 0.46796006944444435 0.2566753472222223 0.021258680555555368 0.03333333333333341
0 0.4510590277777777 0.2640885416666667 0.020928819444444555 0.03384548611111092
0 0.4350173611111112 0.2466579861111112 0.011736111111111095 0.03312499999999988
0 0.5116493055555557 0.2455295138888888 0.0088888888888887 0.03361979166666668
0 0.5177343750000001 0.3599218750000001 0.010321180555555445 0.022135416666666668
0 0.5148177083333333 0.33980902777777783 0.01065104166666665 0.02293402777777784
0 0.5146788194444445 0.3148263888888889 0.009435763888888794 0.02801215277777776
0 0.5134114583333333 0.2901475694444444 0.009600694444444398 0.03424479166666651
0 0.47450520833333343 0.35064236111111113 0.02687500000000003 0.04571180555555543
0 0.48625000000000007 0.31427951388888886 0.018237847222222412 0.03571180555555545
0 0.4703211805555555 0.3075086805555556 0.017586805555555744 0.029887152777777634
0 0.458984375 0.3163454861111112 0.013888888888888888 0.023428819444444256
0 0.44665798611111107 0.34140624999999997 0.016527777777777745 0.0299913194444446
0 0.4571440972222223 0.7302864583333333 0.013715277777777935 0.03890625000000014
0 0.45959201388888893 0.7657291666666666 0.0159722222222223 0.03329861111111102