0 0.08919270833333333 0.2572135416666666 0.019435763888889172 0.04188368055555555
0 0.26953125 0.9861111111111112 0.021701388888888888 0.027777777777777776
0 0.2694097222222223 0.7141406250000001 0.03221354166666638 0.053324652777777634
0 0.3181597222222222 0.7319184027777779 0.02069444444444457 0.03868055555555551
0 0.3507638888888888 0.6561631944444445 0.009661458333333428 0.033932291666666795
0 0.3557986111111112 0.6964583333333333 0.009166666666667014 0.04984375000000006
0 0.2715972222222223 0.5606336805555555 0.024644097222222508 0.04507812499999986
0 0.32647569444444435 0.5403559027777778 0.038923611111111235 0.06421006944444427
0 0.2637847222222223 0.6677256944444445 0.021961805555555713 0.03414062499999994
0 0.2688194444444443 0.46888888888888897 0.028732638888889203 0.038802083333333175
0 0.25487847222222215 0.5054513888888889 0.02872395833333346 0.04337673611111094
0 0.25197916666666687 0.5708072916666667 0.027239583333333428 0.05148437499999995
0 0.3437934027777779 0.4937065972222222 0.03157118055555546 0.05467013888888891
0 0.3530034722222221 0.3147395833333333 0.017126736111110732 0.046362847222222094
0 0.3530555555555554 0.3575694444444445 0.01623263888888873 0.03929687499999998
0 0.33976562499999985 0.3906944444444444 0.012552083333333365 0.033810763888888734
0 0.26867187500000017 0.4067361111111111 0.030026041666666795 0.039583333333333255
0 0.27771701388888875 0.14570312499999993 0.0338975694444446 0.052942708333333144
0 0.2582465277777778 0.020833333333333332 0.021701388888888888 0.041666666666666664
0 0.2426215277777778 0.008680555555555556 0.014756944444444444 0.017361111111111112
0 0.313029513888889 0.1320052083333333 0.039913194444444064 0.04546875000000009
0 0.2378385416666665 0.11830729166666663 0.014904513888888951 0.08083333333333324
0 0.3583333333333335 0.08258680555555564 0.008854166666666509 0.05223090277777784
0 0.3561458333333335 0.12935763888888888 0.007473958333333049 0.04051215277777784
0 0.4240104166666667 0.5010156250000001 0.011710069444444256 0.024470486111111158
0 0.41171006944444444 0.45539062499999994 0.017994791666666288 0.028836805555555383
0 0.41470486111111093 0.49888020833333335 0.008029513888888888 0.015199652777777968
0 0.4111631944444443 0.48547743055555553 0.007934027777778062 0.01729166666666673
0 0.4275 0.5278645833333333 0.008723958333333491 0.015407986111111112
0 0.43905381944444444 0.5394184027777779 0.011996527777777525 0.025234375000000142
0 0.5296614583333334 0.5877256944444444 0.041718750000000346 0.061423611111111304
0 0.5274739583333334 0.47868923611111114 0.045303819444444095 0.043559027777777634
0 0.5725347222222221 0.5373177083333334 0.01888888888888908 0.04825520833333346
0 0.5790624999999999 0.6136284722222223 0.02098090277777784 0.061423611111111304
0 0.5735850694444444 0.8228645833333333 0.023967013888888604 0.05256076388888905
0 0.09288194444444445 0.8217708333333332 0.018828124999999654 0.011979166666666825