0 0.13619791666666675 0.7130729166666667 0.042135416666666634 0.051597222222222267
0 0.341032986111111 0.11944444444444437 0.055928819444444305 0.09530381944444441
0 0.38477430555555553 0.04717013888888882 0.027456597222222316 0.08427083333333327
0 0.5308159722222222 0.01953125 0.04079861111111111 0.0390625
0 0.5427690972222222 0.2170138888888889 0.04010416666666651 0.07140625000000018
0 0.5590625 0.6835677083333334 0.04691840277777794 0.08862847222222214
0 0.7717013888888888 0.9926215277777778 0.026041666666666668 0.014756944444444444
0 0.7487847222222221 0.17842013888888886 0.053914930555555664 0.08206597222222219
0 0.7183420138888889 0.10327256944444446 0.053932291666666764 0.0758420138888888
0 0.7519010416666667 0.08206597222222219 0.053463541666666795 0.08605034722222232
0 0.9185590277777776 0.603515625 0.03741319444444476 0.06438368055555561
0 0.9453125 0.9826388888888888 0.03125 0.034722222222222224
0 0.15463541666666675 0.8842708333333332 0.02492187500000003 0.0367447916666666
0 0.14895833333333325 0.3897482638888889 0.026076388888888857 0.04854166666666673
0 0.1225520833333334 0.38581597222222225 0.026276041666666652 0.06078993055555573
0 0.5839149305555557 0.3894791666666667 0.013220486111111127 0.038854166666666856
0 0.5555034722222223 0.46058159722222214 0.01618923611111119 0.023888888888888873
0 0.7008333333333332 0.034253472222222255 0.00944444444444454 0.010147569444444492
0 0.09404513888888882 0.16522569444444438 0.03342013888888889 0.0291145833333333
0 0.1379600694444445 0.29310763888888897 0.010381944444444477 0.019453124999999873
0 0.15791666666666673 0.49162326388888883 0.0204079861111113 0.030069444444444333
0 0.15655381944444435 0.6274739583333333 0.011831597222222316 0.011979166666666825
0 0.11830729166666663 0.48618923611111103 0.031258680555555744 0.040052083333333224
0 0.1290364583333334 0.45646701388888883 0.041623263888888734 0.045416666666666806
0 0.15528645833333343 0.43210937499999996 0.019765624999999985 0.02736979166666684
0 0.14236979166666666 0.41743055555555564 0.009027777777777857 0.014574652777777745
0 0.17245659722222229 0.6595052083333334 0.011796875000000127 0.02375868055555546
0 0.15171874999999999 0.758888888888889 0.022170138888888857 0.02346354166666684
0 0.8330208333333332 0.7858593749999999 0.019288194444444667 0.03927951388888889
0 0.8465104166666665 0.8649305555555556 0.01717013888888867 0.04925347222222203
0 0.5519878472222223 0.4913194444444444 0.018932291666666618 0.030590277777777588
0 0.5423177083333334 0.40018229166666663 0.005842013888888904 0.011562500000000142
0 0.5572916666666666 0.545390625 0.010694444444444586 0.019088541666666476
0 0.9771440972222223 0.9811024305555556 0.009600694444444792 0.02328993055555549
0 0.9539149305555554 0.9576475694444445 0.00949652777777743 0.01912326388888867
0 0.9406944444444443 0.7573871527777778 0.005616319444444666 0.01092881944444457
0 0.4190538194444444 0.5085590277777777 0.01833333333333324 0.04462673611111098
0 0.13837673611111118 0.8481336805555557 0.015052083333333459 0.056649305555555744