0 0.16631944444444435 0.8854600694444446 0.038532986111111396 0.07092881944444447
0 0.1723871527777779 0.8261805555555557 0.04306423611111083 0.046093750000000315
0 0.17183159722222208 0.7613975694444446 0.049678819444444064 0.08194444444444432
0 0.12276041666666673 0.13490451388888897 0.032031249999999685 0.06265624999999986
0 0.44689236111111125 0.05631944444444454 0.05933159722222254 0.11243055555555553
0 0.4835069444444444 0.035590277777777776 0.03819444444444445 0.07118055555555555
0 0.40625 0.040364583333333336 0.036458333333333336 0.08072916666666667
0 0.3952083333333335 0.10182291666666662 0.024739583333333332 0.060026041666666745
0 0.8097656249999999 0.41700520833333343 0.046241319444444824 0.046545138888888796
0 0.8063194444444446 0.4630468750000001 0.06815972222222261 0.04884548611111109
0 0.8194444444444444 0.04296875 0.078125 0.0859375
0 0.8863975694444446 0.12400173611111104 0.026545138888888827 0.08597222222222219
0 0.8719618055555556 0.47440104166666663 0.04905381944444463 0.13831597222222236
0 0.8229861111111111 0.1278298611111111 0.07805555555555561 0.07304687500000008
0 0.7861371527777778 0.3676128472222222 0.02121527777777743 0.12105902777777781
0 0.8732638888888888 0.003472222222222222 0.012152777777777778 0.006944444444444444
0 0.4913715277777777 0.39238715277777775 0.03584201388888886 0.07482638888888873
0 0.46940972222222244 0.13949652777777782 0.06013020833333371 0.052994791666666825
0 0.5198958333333334 0.15769965277777784 0.036927083333333305 0.03546875000000011
0 0.5500607638888889 0.17790798611111114 0.018142361111110797 0.04194444444444459
0 0.5633767361111113 0.43075520833333336 0.01085937500000019 0.02329861111111124
0 0.5095572916666669 0.5506423611111111 0.04544270833333365 0.04001736111111103