0 0.22837673611111103 0.13665798611111096 0.06576388888888908 0.06632812499999988
0 0.18159722222222227 0.14677951388888902 0.031961805555555695 0.056701388888888635
0 0.22091145833333334 0.3996788194444443 0.06743055555555541 0.1242708333333332
0 0.17047743055555564 0.5589062500000002 0.04624131944444443 0.08749131944444441
0 0.16715277777777773 0.8065885416666667 0.06615451388888892 0.12138888888888902
0 0.16931423611111107 0.7435329861111113 0.053871527777777733 0.07495659722222253
0 0.66796875 0.030381944444444444 0.07378472222222222 0.06076388888888889
0 0.6050347222222222 0.029079861111111112 0.05555555555555555 0.058159722222222224
0 0.6857638888888888 0.004340277777777778 0.057291666666666664 0.008680555555555556
0 0.6330902777777777 0.12438368055555553 0.07899305555555555 0.07550347222222184
0 0.9713541666666666 0.10807291666666667 0.057291666666666664 0.1171875
0 0.5298784722222223 0.12166666666666653 0.017526041666666714 0.05748263888888911
0 0.007378472222222222 0.3936631944444444 0.014756944444444444 0.06684027777777778
0 0.1310069444444445 0.4276822916666667 0.017743055555555602 0.047847222222222124
0 0.12473090277777782 0.3903645833333332 0.007430555555555508 0.03046006944444457
0 0.12937499999999996 0.3508333333333332 0.008776041666666777 0.023628472222222443
0 0.24661458333333325 0.6115104166666667 0.046822916666666714 0.09130208333333359
0 0.5998003472222222 0.09544270833333318 0.05686631944444463 0.03978298611111105
0 0.6208072916666667 0.06914062500000008 0.025321180555555618 0.022986111111110732
0 0.5840972222222223 0.05855034722222206 0.032769097222222224 0.039861111111111173
0 0.6803906249999999 0.08881944444444459 0.06050347222222206 0.059427083333333366