0 0.01576388888888896 0.6235937500000001 0.029383680555555475 0.10595486111111106
0 0.004774305555555556 0.3155381944444444 0.009548611111111112 0.13975694444444445
0 0.40775173611111115 0.33394965277777783 0.042708333333333175 0.0870138888888887
0 0.41474826388888886 0.4581857638888888 0.05227430555555538 0.09753472222222233
0 0.39999999999999997 0.6613107638888889 0.04717013888888902 0.06934027777777788
0 0.4138368055555556 0.7546267361111111 0.06025173611111098 0.09630208333333318
0 0.906015625 0.3506163194444445 0.03381944444444448 0.08503472222222225
0 0.8825260416666667 0.43421006944444446 0.020520833333333616 0.09319444444444455
0 0.892517361111111 0.049496527777777764 0.036258680555555936 0.0768836805555557
0 0.012152777777777778 0.0954861111111111 0.024305555555555556 0.050347222222222224
0 0.0030381944444444445 0.09809027777777778 0.006076388888888889 0.057291666666666664