0 0.6519097222222222 0.016059027777777776 0.041666666666666664 0.03211805555555555
0 0.6875 0.018663194444444444 0.017361111111111112 0.03732638888888889
0 0.5872395833333334 0.046440972222222224 0.07378472222222222 0.09288194444444445
0 0.6623697916666667 0.08075520833333331 0.05302951388888882 0.08599826388888904
0 0.6395399305555556 0.15866319444444443 0.046345486111111195 0.07439236111111096
0 0.6198090277777778 0.26269965277777785 0.05955729166666658 0.09539930555555563
0 0.6222569444444445 0.38879340277777785 0.05223090277777784 0.05526041666666654
0 0.5907378472222222 0.49172743055555557 0.03726562500000005 0.06734374999999994
0 0.9965277777777778 0.7391493055555556 0.006944444444444444 0.051215277777777776
0 0.9865451388888888 0.5967881944444444 0.026909722222222224 0.0720486111111111
0 0.9809027777777778 0.2604166666666667 0.03819444444444445 0.1440972222222222
0 0.9986979166666666 0.046440972222222224 0.0026041666666666665 0.09288194444444445