0 0.01676215277777773 0.44901041666666663 0.013524305555555493 0.030711805555555652
0 0.028072916666666795 0.4520833333333333 0.011571180555555493 0.03686631944444427
0 0.009114583333333334 0.390625 0.018229166666666668 0.043402777777777776
0 0.030694444444444555 0.2650781249999999 0.026996527777778095 0.04338541666666668
0 0.3280729166666667 0.6327343750000001 0.029505208333333144 0.056527777777777684
0 0.30298611111111107 0.6413715277777777 0.007560763888888921 0.03925347222222205
0 0.36471354166666675 0.7122482638888888 0.022317708333333366 0.03453993055555552
0 0.3569878472222222 0.7552517361111111 0.03927951388888889 0.043168402777777795
0 0.3181597222222222 0.8157118055555554 0.025295138888889172 0.06645833333333367
0 0.34928819444444453 0.8013628472222223 0.03589409722222254 0.04526909722222191
0 0.3782291666666665 0.8035416666666665 0.019322916666666856 0.05112847222222191
0 0.3415538194444443 0.8435850694444444 0.028836805555555775 0.04858506944444466
0 0.3127864583333333 0.8636805555555556 0.012751736111110764 0.017413194444444793
0 0.34144097222222236 0.9311545138888889 0.017795138888888888 0.031432291666666695
0 0.32449652777777793 0.9547395833333334 0.013671875 0.03354166666666695
0 0.3324652777777778 0.9921875 0.019097222222222224 0.015625