0 0.06163194444444445 0.9700520833333334 0.03819444444444445 0.059895833333333336
0 0.0868315972222222 0.9488281250000001 0.051111111111111204 0.07128472222222212
0 0.15589409722222214 0.7101475694444443 0.04239583333333346 0.07800347222222233
0 0.07225694444444446 0.7187934027777777 0.03272569444444429 0.05540798611111105
0 0.06006076388888894 0.7706336805555556 0.024904513888888938 0.053585069444444265
0 0.08379340277777775 0.55125 0.018767361111111016 0.04695312500000012
0 0.11269965277777771 0.5617013888888889 0.030703124999999904 0.05265624999999988
0 0.06926215277777775 0.45829861111111114 0.018194444444444475 0.047144097222222174
0 0.17065972222222214 0.3875260416666667 0.019696180555555602 0.03850694444444455
0 0.18281249999999993 0.3330729166666667 0.028810763888888938 0.04923611111111094
0 0.11692708333333338 0.34213541666666675 0.018567708333333224 0.03414062499999994
0 0.11360243055555547 0.2487586805555555 0.04420138888888895 0.06575520833333333
0 0.14127604166666666 0.20375000000000001 0.04000868055555568 0.061197916666666664
0 0.11839409722222231 0.17635416666666673 0.022465277777777872 0.041536458333333255
0 0.16857638888888893 0.14700520833333325 0.03764756944444435 0.0646354166666667
0 0.15538194444444445 0.025173611111111112 0.043402777777777776 0.050347222222222224
0 0.25429687500000003 0.023593750000000056 0.0445572916666666 0.036032986111111304
0 0.12266493055555551 0.07696180555555562 0.01600694444444449 0.03237847222222238
0 0.0992621527777777 0.13676215277777773 0.011953124999999985 0.03493923611111111
0 0.11177083333333332 0.12513888888888897 0.01177951388888903 0.02958333333333327
0 0.0866666666666666 0.34059895833333326 0.014861111111111016 0.03301215277777795
0 0.1800347222222223 0.09019965277777785 0.024791666666666618 0.04098090277777781
0 0.22005208333333334 0.014322916666666666 0.021701388888888888 0.028645833333333332
0 0.11802951388888891 0.024774305555555525 0.02039062499999981 0.04828124999999991
0 0.12551215277777772 0.03039062499999999 0.018446180555555556 0.03963541666666654
0 0.15387152777777777 0.10233506944444454 0.021857638888888746 0.044105902777777733
0 0.10039930555555562 0.18455729166666657 0.021527777777777937 0.03950520833333352
0 0.08836805555555552 0.6714236111111112 0.019574652777777937 0.03842013888888908
0 0.22016493055555564 0.03717881944444438 0.009114583333333334 0.01804687499999997
0 0.2313454861111111 0.10277777777777786 0.03901909722222206 0.029670138888888746
0 0.24354166666666663 0.0786371527777777 0.01754340277777781 0.019861111111111204
0 0.13588541666666665 0.10208333333333325 0.007795138888888904 0.02319444444444427
0 0.14815104166666673 0.059722222222222184 0.013750000000000127 0.02595486111111119
0 0.17196180555555549 0.254140625 0.00969618055555562 0.01804687499999997
0 0.13643229166666673 0.29668402777777775 0.00888020833333335 0.016657986111111158
0 0.11000868055555557 0.3045312499999999 0.010876736111111285 0.025164930555555368
0 0.10020833333333339 0.3190190972222222 0.013055555555555523 0.02873263888888881
0 0.12557291666666673 0.30449652777777775 0.023854166666666683 0.04324652777777792
0 0.12578993055555562 0.4406076388888888 0.010564236111111173 0.01629340277777776
0 0.20072048611111112 0.30177083333333343 0.017508680555555618 0.048689236111111235
0 0.23247395833333329 0.30677951388888897 0.014262152777777636 0.032769097222222224
0 0.17276041666666664 0.594748263888889 0.027508680555555602 0.04759548611111105
0 0.1449131944444445 0.5603211805555556 0.019010416666666745 0.03559895833333352
0 0.17573784722222227 0.04407118055555554 0.016987847222222366 0.025338541666666714
0 0.21008680555555553 0.13796875000000006 0.01476562500000019 0.03152777777777792