0 0.8242881944444443 0.7356597222222222 0.01981770833333327 0.012708333333333223
0 0.8411805555555555 0.7382725694444444 0.018394097222221874 0.012265625000000094
0 0.8598177083333335 0.733515625 0.02139756944444413 0.009192708333333459
0 0.8450434027777776 0.7254427083333334 0.017013888888889203 0.009383680555555508
0 0.8268489583333335 0.7252864583333333 0.016371527777777492 0.008072916666666825
0 0.8723437500000001 0.7321354166666667 0.016744791666666634 0.011701388888888905
0 0.7972309027777776 0.7444184027777777 0.01804687499999997 0.008072916666666825
0 0.8046006944444445 0.7252864583333333 0.01618055555555584 0.008072916666666825
0 0.8043055555555555 0.7367708333333334 0.019600694444444382 0.00888020833333335
0 0.8151996527777778 0.7466059027777777 0.015477430555555493 0.007178819444444429
0 0.8336718749999998 0.7469097222222223 0.01981770833333327 0.008585069444444334
0 0.8564930555555554 0.7487499999999999 0.015954861111111204 0.007430555555555508
0 0.8635677083333333 0.7433593749999999 0.012387152777778156 0.009140625000000173
0 0.8573524305555557 0.7411979166666666 0.010920138888888827 0.009687499999999873
0 0.7024913194444444 0.7359722222222221 0.01940972222222233 0.00698784722222238