0 0.2466232638888888 0.2243315972222223 0.0823437500000001 0.09750000000000014
0 0.19336805555555556 0.35842013888888896 0.07210069444444439 0.10008680555555571
0 0.2931250000000001 0.34914930555555557 0.09026041666666668 0.11763888888888888
0 0.3169878472222223 0.5996267361111111 0.0504166666666666 0.12435763888888908
0 0.25177951388888886 0.6260156250000001 0.07469618055555571 0.10078124999999992
0 0.2313628472222222 0.8962586805555554 0.09164930555555549 0.12004340277777775
0 0.7269965277777778 0.03515625 0.044270833333333336 0.0703125
0 0.7101041666666666 0.13289062499999993 0.07894097222222227 0.1003385416666668
0 0.7552777777777777 0.11735243055555561 0.04640625000000003 0.07346354166666676
0 0.6300260416666666 0.5679947916666666 0.06799479166666661 0.08341145833333347
0 0.6423003472222223 0.32896701388888894 0.0939670138888889 0.14164062500000008
0 0.7189670138888888 0.32247395833333337 0.06064236111111122 0.08975694444444453
0 0.6854687500000001 0.25402777777777785 0.06210069444444441 0.08474826388888898
0 0.6319704861111111 0.1859288194444445 0.07188368055555551 0.12368923611111092
0 0.7506423611111112 0.25583333333333336 0.030269097222222128 0.055911458333333205
0 0.7738715277777778 0.0030381944444444445 0.035590277777777776 0.006076388888888889
0 0.7634548611111112 0.032552083333333336 0.0390625 0.06510416666666667
0 0.7932986111111112 0.08424479166666662 0.04985243055555561 0.06669270833333327
0 0.7610156250000001 0.22518229166666673 0.03156250000000011 0.06272569444444463
0 0.5778298611111112 0.7071527777777779 0.06090277777777765 0.07627604166666657
0 0.6401041666666667 0.7541493055555554 0.06754340277777773 0.06814236111111091
0 0.6237065972222222 0.8820833333333332 0.06507812499999982 0.08069444444444447
0 0.6316753472222223 0.9454166666666666 0.06493923611111106 0.07320312499999994
0 0.5788020833333333 0.9669704861111109 0.04339409722222203 0.05746527777777762
0 0.5406163194444444 0.9232638888888888 0.03838541666666649 0.12413194444444445
0 0.66796875 0.9908854166666666 0.07378472222222222 0.018229166666666668
0 0.6050347222222222 0.9995659722222222 0.05555555555555555 0.0008680555555555555
0 0.6857638888888888 0.9639756944444444 0.057291666666666664 0.0720486111111111
0 0.5734461805555555 0.8704861111111113 0.037543402777777776 0.07371527777777784
0 0.5796267361111112 0.8092621527777778 0.06685763888888888 0.05993055555555552
0 0.9878472222222222 0.6306423611111112 0.024305555555555556 0.07552083333333333
0 0.9562586805555556 0.33861111111111103 0.04252604166666648 0.09009548611111108
0 0.9296701388888889 0.33585937500000007 0.02180555555555546 0.0683767361111111
0 0.9526128472222221 0.20152777777777786 0.03685763888888892 0.06730902777777775
0 0.9256163194444444 0.40578993055555557 0.029913194444444475 0.08045138888888875
0 0.2541059027777778 0.7428906249999999 0.05905381944444462 0.07394965277777762
0 0.2538368055555556 0.8181684027777779 0.04187499999999981 0.05642361111111111
0 0.19212673611111106 0.6354600694444444 0.02052951388888897 0.03078125000000003
0 0.1469184027777778 0.8096440972222223 0.030694444444444555 0.06845486111111103
0 0.17054687500000001 0.856423611111111 0.04944444444444448 0.032126736111111304
0 0.3479427083333333 0.21173611111111118 0.03195312499999995 0.062447916666666714
0 0.31701388888888893 0.16255208333333332 0.054236111111111124 0.09646701388888898
0 0.29679687500000007 0.06486979166666668 0.06661458333333314 0.05947916666666665
0 0.5700173611111112 0.3392968749999999 0.036614583333333194 0.07135416666666651
0 0.6561979166666667 0.8208072916666668 0.03843750000000017 0.04702256944444451
0 0.6873871527777777 0.8455815972222224 0.0472395833333334 0.06821180555555549
0 0.9588888888888888 0.25386284722222224 0.02302951388888867 0.02953993055555573
0 0.2699652777777778 0.017361111111111112 0.059027777777777776 0.034722222222222224
0 0.34399305555555554 0.2566666666666667 0.017560763888888904 0.027473958333333413
0 0.3328993055555556 0.014756944444444444 0.0546875 0.029513888888888888
0 0.9583680555555555 0.4976996527777777 0.044123263888888827 0.05998263888888881
0 0.9282465277777779 0.5144791666666667 0.01813368055555584 0.046501736111111254
0 0.693828125 0.7571701388888888 0.054175347222222094 0.08146701388888881
0 0.5596267361111111 0.7725520833333334 0.02865451388888908 0.05592013888888895
0 0.58984375 0.7633593750000001 0.026831597222222097 0.03774305555555557
0 0.7988368055555557 0.18310763888888892 0.03375000000000009 0.05365451388888884
0 0.7698524305555554 0.1790104166666667 0.02961805555555546 0.04657986111111098
0 0.7871527777777779 0.2701909722222222 0.03913194444444438 0.035685763888889
0 0.7795746527777779 0.3250260416666667 0.03295138888888892 0.06671006944444437
0 0.7792274305555557 0.4089496527777777 0.034887152777777625 0.028368055555555414
0 0.7722135416666664 0.44153645833333344 0.03194444444444441 0.035104166666666714
0 0.7610850694444444 0.5030555555555556 0.03792534722222207 0.06659722222222204
0 0.6687239583333332 0.660920138888889 0.06026909722222208 0.07557291666666661
0 0.754375 0.5671440972222221 0.028906250000000158 0.05007812500000005
0 0.7843055555555556 0.5580295138888888 0.015104166666666549 0.03887152777777795
0 0.7876041666666668 0.49749131944444436 0.016979166666667014 0.06164062500000019
0 0.7846006944444446 0.45702256944444447 0.026753472222222168 0.028645833333333332
0 0.7512326388888889 0.32413194444444454 0.026727430555555525 0.044409722222222094
0 0.7760937499999999 0.2106597222222223 0.023072916666666603 0.03728298611111095