0 0.013020833333333334 0.5043402777777778 0.026041666666666668 0.05555555555555555
0 0.05024305555555565 0.5244791666666665 0.026015625000000223 0.03861979166666648
0 0.2663541666666668 0.6157986111111112 0.04823784722222197 0.07927951388888882
0 0.24609375 0.6928385416666667 0.04753472222222241 0.091796875
0 0.33202256944444425 0.4761545138888891 0.07662326388888926 0.09142361111111086
0 0.36040798611111113 0.7315017361111111 0.03682291666666673 0.07826388888888876
0 0.4101388888888889 0.618671875 0.033064236111111235 0.09138020833333371
0 0.3883593749999999 0.7132118055555554 0.02498263888888867 0.05578125000000019
0 0.11351562499999998 0.3490277777777777 0.041397569444444095 0.05022569444444416
0 0.05020833333333346 0.26030381944444436 0.040303819444444694 0.0816493055555559
0 0.07179687500000004 0.2776302083333333 0.015815972222222443 0.028862847222222224
0 0.11147569444444451 0.13112847222222218 0.03683159722222248 0.060755208333333144
0 0.9611545138888888 0.4358854166666666 0.019592013888888635 0.06272569444444463
0 0.9647395833333334 0.4724739583333333 0.021032986111110732 0.020425347222222
0 0.9745746527777778 0.35051215277777775 0.02003472222222216 0.03221354166666638
0 0.9752604166666666 0.27709201388888893 0.026562500000000315 0.04427951388888908
0 0.9551128472222222 0.2591406250000002 0.02003472222222216 0.028967013888888796
0 0.9608680555555557 0.3332118055555557 0.014427083333333238 0.03758680555555571
0 0.9901475694444445 0.31565104166666674 0.019045138888888542 0.037517361111111334
0 0.9712673611111112 0.31307291666666653 0.022170138888888857 0.03486979166666673
0 0.9604253472222221 0.2859982638888887 0.019166666666666603 0.02524305555555549
0 0.9904513888888888 0.23741319444444445 0.019097222222222224 0.03211805555555555
0 0.9947916666666666 0.2730034722222222 0.010416666666666666 0.026909722222222224