0 0.5199652777777778 0.7904340277777777 0.022109374999999827 0.030616319444444626
0 0.5034548611111112 0.7261892361111111 0.015355902777777826 0.02173611111111108
0 0.5405121527777779 0.9110850694444446 0.021918402777777776 0.01999999999999997
0 0.8187934027777778 0.12194444444444447 0.030217013888889237 0.06559027777777773
0 0.8166753472222221 0.18030381944444449 0.03581597222222241 0.06088541666666655
0 0.823793402777778 0.34082465277777785 0.03778645833333311 0.09016493055555547
0 0.820251736111111 0.6235416666666667 0.029895833333332986 0.03257812500000017
0 0.8547395833333332 0.5688802083333333 0.020781249999999654 0.037118055555555744
0 0.8530295138888889 0.6568836805555556 0.025494791666666572 0.04232638888888908
0 0.8436805555555557 0.8158593749999999 0.02736111111111149 0.02924479166666632
0 0.825746527777778 0.8006510416666666 0.022170138888888857 0.04274305555555537
0 0.8500260416666667 0.8667795138888891 0.03420138888888857 0.04135416666666695
0 0.8458333333333334 0.8843055555555553 0.03362847222222203 0.03475694444444441
0 0.8520572916666668 0.9230208333333335 0.02850694444444457 0.045182291666666825
0 0.8453819444444446 0.7284722222222223 0.019965277777777776 0.036657986111111124
0 0.828185763888889 0.7431944444444445 0.014036458333333397 0.036380208333333205
0 0.8356684027777779 0.77390625 0.01980034722222257 0.02295138888888874