0 0.42290798611111113 0.6061631944444446 0.026901041666666476 0.053854166666666634
0 0.40546006944444457 0.4567187499999999 0.03916666666666657 0.0756597222222221
0 0.4140104166666667 0.536579861111111 0.03067708333333346 0.05480902777777806
0 0.3628038194444443 0.1844704861111113 0.03201388888888898 0.05803819444444416
0 0.3621267361111112 0.08710069444444457 0.03335937500000025 0.0640711805555559
0 0.3593055555555556 0.1374305555555557 0.028880208333333712 0.04413194444444457
0 0.9995659722222222 0.3667534722222222 0.0008680555555555555 0.08072916666666667
0 0.9603732638888888 0.37282118055555535 0.030598958333333332 0.061718750000000315
0 0.9769965277777778 0.31785590277777787 0.045625000000000346 0.08961805555555537
0 0.984375 0.2521701388888889 0.03125 0.07552083333333333
0 0.9562152777777777 0.20638888888888907 0.041649305555555176 0.0773958333333332
0 0.9458593750000001 0.2571354166666665 0.027760416666666288 0.06613715277777743
0 0.9822048611111112 0.10894097222222222 0.035590277777777776 0.0998263888888889
0 0.9500868055555556 0.041666666666666664 0.04079861111111111 0.08333333333333333
0 0.47493055555555547 0.42644097222222244 0.016684027777778 0.0719184027777781
0 0.4646961805555555 0.43962673611111097 0.014418402777777494 0.03023437499999994
0 0.45977430555555543 0.4090798611111113 0.015755208333333017 0.030286458333333616
0 0.468454861111111 0.5167534722222223 0.01577256944444451 0.05173611111111143
0 0.6428125 0.3087152777777777 0.031258680555555744 0.04652777777777809
0 0.9830729166666666 0.3723958333333333 0.033854166666666664 0.024305555555555556
0 0.9455729166666669 0.1267708333333333 0.02241319444444419 0.0827430555555553