0 0.24480902777777777 0.5164930555555556 0.019296875000000015 0.02457465277777773
0 0.2694791666666667 0.5358767361111111 0.021961805555555713 0.049175347222222304
0 0.25285590277777775 0.49845486111111115 0.017039930555555652 0.02048611111111103
0 0.25280381944444447 0.46226562499999996 0.01169270833333316 0.025729166666666557
0 0.24840277777777786 0.44000868055555564 0.011276041666666478 0.015295138888888794
0 0.26453125 0.4476388888888889 0.010494791666666793 0.012977430555555398
0 0.2511284722222222 0.36070312499999996 0.02092013888888881 0.048645833333333305
0 0.27052951388888896 0.305451388888889 0.019861111111111204 0.04041666666666662
0 0.47905381944444436 0.08618055555555554 0.025486111111111223 0.06791666666666647
0 0.533203125 0.1265190972222222 0.008802083333333223 0.03625000000000019
0 0.4898871527777777 0.2425694444444445 0.04928819444444462 0.06952256944444457
0 0.49880208333333326 0.28251736111111114 0.04572916666666652 0.04318576388888889
0 0.5041059027777778 0.2155902777777777 0.041362847222222304 0.03348090277777792
0 0.46697048611111114 0.17966145833333336 0.013654513888888905 0.06317708333333351
0 0.4861805555555555 0.47403645833333324 0.03156250000000011 0.04026909722222211
0 0.5327864583333333 0.5829687499999999 0.014027777777777651 0.03728298611111095
0 0.25414930555555554 0.5787847222222222 0.011015625000000048 0.016467013888888715
0 0.5166493055555557 0.5766319444444444 0.015112847222222095 0.0386979166666666
0 0.47635416666666663 0.5191232638888889 0.007899305555555477 0.014227430555555445
0 0.4684722222222223 0.048880208333333286 0.009496527777777826 0.016432291666666526
0 0.5122656250000001 0.9695312500000001 0.014322916666666666 0.012743055555555808
0 0.865659722222222 0.8792881944444445 0.00978298611111149 0.027881944444444348