0 0.21881076388888884 0.04625868055555552 0.030859375000000158 0.04396701388888897
0 0.2035590277777778 0.0013020833333333333 0.0234375 0.0026041666666666665
0 0.24411458333333336 0.2092968749999999 0.014592013888888842 0.02054687500000006
0 0.2397395833333334 0.1906944444444445 0.020685763888888827 0.023446180555555744
0 0.23910590277777782 0.12553819444444436 0.03256944444444443 0.03733506944444463
0 0.23390625000000004 0.26355034722222215 0.028107638888888984 0.05506944444444449
0 0.1988541666666666 0.2572656249999999 0.019071180555555383 0.07061631944444437
0 0.21835937499999997 0.42527777777777787 0.04327256944444437 0.061701388888888827
0 0.21820312499999991 0.3806423611111111 0.031918402777777764 0.030277777777777872
0 0.22443576388888886 0.4743402777777778 0.0422743055555554 0.05421875000000003
0 0.74171875 0.9524218750000001 0.021822916666666557 0.039895833333333366
0 0.7622309027777777 0.9394704861111111 0.0179253472222223 0.039670138888888734
0 0.6897656249999999 0.8483246527777778 0.013559027777777684 0.03150173611111108
0 0.7072222222222222 0.8575347222222223 0.020078125000000096 0.03881076388888892
0 0.6956163194444444 0.7069618055555557 0.023628472222222047 0.029626736111111204
0 0.9609375 0.016927083333333332 0.022569444444444444 0.033854166666666664
0 0.952126736111111 0.08357638888888887 0.010529513888888984 0.038350694444444305
0 0.9770225694444447 0.078125 0.025260416666666983 0.05295138888888889
0 0.9804861111111111 0.12831597222222216 0.03323784722222219 0.043342013888888746
0 0.9661631944444444 0.16355034722222228 0.019097222222222224 0.0344618055555554
0 0.947265625 0.15953993055555551 0.007291666666666351 0.053463541666666795
0 0.9917534722222222 0.23914930555555555 0.016493055555555556 0.044270833333333336
0 0.9716059027777777 0.27942708333333344 0.01771701388888876 0.030651041666666618
0 0.9921875 0.3129340277777778 0.015625 0.033854166666666664
0 0.9479079861111109 0.25806423611111107 0.008593749999999685 0.03848958333333346
0 0.9808420138888887 0.39195312499999996 0.025164930555555368 0.03590277777777789
0 0.9718663194444446 0.36348958333333337 0.01304687499999978 0.02434895833333349
0 0.9938888888888889 0.16071180555555564 0.010694444444444192 0.016614583333333224
0 0.26331597222222214 0.3269184027777777 0.015711805555555475 0.03276041666666648