0 0.5325520833333334 0.579982638888889 0.03358506944444449 0.09191840277777767
0 0.6860329861111111 0.49855034722222213 0.03842013888888908 0.09671875000000006
0 0.5663194444444445 0.4004427083333333 0.023098958333333443 0.06982638888888894
0 0.5552951388888889 0.4772135416666667 0.01853298611111103 0.08372395833333318
0 0.6457986111111111 0.35494791666666675 0.03265624999999991 0.07180555555555539
0 0.4813368055555556 0.9665798611111112 0.042534722222222224 0.06684027777777778
0 0.8860156250000001 0.44592881944444446 0.030026041666666795 0.07447048611111108
0 0.8103559027777779 0.6654600694444444 0.02478298611111127 0.04210937500000019
0 0.8728211805555554 0.6814843749999999 0.03518229166666645 0.06585069444444455
0 0.8895833333333335 0.6489496527777777 0.018906249999999777 0.07381076388888906
0 0.5799652777777777 0.4650260416666667 0.03631944444444457 0.060217013888888796
0 0.45276909722222214 0.8272829861111113 0.01257812499999981 0.026944444444444413