0 0.6863368055555555 0.050173611111111106 0.05068576388888898 0.10034722222222221
0 0.5928125 0.2115104166666667 0.06841145833333329 0.116640625
0 0.5665277777777777 0.24270833333333336 0.059574652777777674 0.1081163194444444
0 0.5611805555555556 0.31250868055555553 0.06104166666666661 0.06078124999999998
0 0.6420572916666667 0.2946701388888889 0.12151909722222223 0.06926215277777775
0 0.6515017361111111 0.3590451388888889 0.1026215277777778 0.09417534722222223
0 0.749939236111111 0.46551215277777774 0.03398437500000008 0.09866319444444452
0 0.6678472222222223 0.4694010416666667 0.09791666666666662 0.12535590277777786
0 0.6821788194444445 0.5704079861111111 0.07434895833333341 0.10878472222222217
0 0.5151996527777778 0.62359375 0.04911458333333327 0.1098871527777777
0 0.5322395833333333 0.6777430555555556 0.058645833333333286 0.07495659722222214
0 0.5668576388888888 0.7063454861111111 0.053246527777777705 0.08749131944444441
0 0.626640625 0.6827690972222222 0.07078993055555552 0.08854166666666667
0 0.6692881944444444 0.7256684027777778 0.05404513888888888 0.10912326388888892
0 0.5677864583333334 0.7695833333333333 0.05617187500000003 0.07092881944444447
0 0.6189149305555556 0.7752604166666667 0.0791493055555556 0.08322048611111121
0 0.7497743055555556 0.7021354166666667 0.018272569444444404 0.051831597222222255
0 0.7371267361111111 0.7853993055555555 0.02726562500000007 0.06117187500000002
0 0.7144444444444444 0.7923784722222222 0.04335069444444449 0.05383680555555554
0 0.7096527777777778 0.8202604166666667 0.06332465277777782 0.07178819444444448
0 0.6511024305555556 0.864357638888889 0.09633680555555557 0.10087673611111114
0 0.6195225694444445 0.8493576388888889 0.07690972222222214 0.0862500000000001
0 0.5394184027777778 0.878359375 0.06328125000000008 0.14543402777777775
0 0.5746527777777778 0.9587673611111112 0.050347222222222224 0.08246527777777778
0 0.6423611111111112 0.9535590277777778 0.07465277777777778 0.09288194444444445
0 0.7427517361111111 0.9450520833333333 0.028862847222222224 0.04268229166666673
0 0.7321614583333333 0.9064236111111111 0.04805555555555547 0.10340277777777768
0 0.72265625 0.9782986111111112 0.04774305555555555 0.043402777777777776
0 0.61328125 0.9947916666666666 0.07378472222222222 0.010416666666666666
0 0.5386284722222222 0.9826388888888888 0.06684027777777778 0.034722222222222224
0 0.5668402777777778 0.49102430555555554 0.04690104166666664 0.06562499999999992