0 0.14596354166666675 0.5712586805555555 0.04354166666666654 0.06894965277777763
0 0.3658246527777778 0.19048611111111116 0.03772569444444448 0.08021701388888876
0 0.3990364583333334 0.21089409722222227 0.05813368055555538 0.06635416666666671
0 0.4055555555555556 0.27405381944444446 0.041744791666666795 0.07888888888888898
0 0.34290798611111106 0.28844618055555554 0.022013888888889 0.08356770833333332
0 0.3687586805555555 0.27605902777777774 0.05510416666666668 0.09494791666666676
0 0.5559895833333334 0.024739583333333332 0.03211805555555555 0.049479166666666664
0 0.6123437500000001 0.02961805555555546 0.03554687499999984 0.05461805555555562
0 0.5704427083333334 0.18130208333333325 0.033732638888889 0.03507812499999988
0 0.5655902777777777 0.11437499999999999 0.040755208333333175 0.055138888888888876
0 0.5676909722222222 0.22052951388888886 0.03702256944444452 0.04874131944444452
0 0.5788975694444445 0.30184895833333336 0.025546874999999858 0.05365451388888884
0 0.587013888888889 0.38098958333333344 0.04009548611111116 0.06137152777777762
0 0.6080989583333333 0.08732638888888881 0.058263888888888796 0.06754340277777773
0 0.6107638888888888 0.14615451388888878 0.05413194444444455 0.07854166666666668
0 0.6023958333333334 0.19743923611111114 0.04409722222222238 0.07236979166666657
0 0.5819097222222221 0.42723090277777787 0.03825520833333348 0.048454861111111254
0 0.6224739583333333 0.42623263888888885 0.024019097222222285 0.046440972222222224
0 0.5830034722222222 0.46412326388888897 0.03483506944444454 0.03335937499999986
0 0.5891840277777778 0.519765625 0.027717013888888746 0.05617187500000003
0 0.6146874999999999 0.5973090277777777 0.05027777777777784 0.04897569444444451
0 0.5852604166666667 0.8836545138888887 0.024869791666666745 0.06621527777777755
0 0.6206336805555556 0.9561892361111113 0.0303732638888887 0.05903645833333352
0 0.7017534722222223 0.93703125 0.02866319444444443 0.06254340277777794
0 0.6284722222222222 0.9956597222222222 0.026041666666666668 0.008680555555555556
0 0.5949565972222223 0.6882899305555557 0.029218749999999873 0.05359374999999981
0 0.6010763888888889 0.9825173611111112 0.025468750000000127 0.025494791666666572
0 0.6470659722222223 0.7335677083333333 0.03473090277777797 0.053810763888888696
0 0.99609375 0.13194444444444445 0.0078125 0.034722222222222224
0 0.6061111111111112 0.803732638888889 0.018324652777777888 0.037222222222222316
0 0.578984375 0.7807378472222221 0.009973958333333144 0.02632812499999994
0 0.5842013888888888 0.7329947916666667 0.016805555555555667 0.036128472222222124
0 0.663064236111111 0.8340277777777779 0.008958333333333476 0.021310763888889046
0 0.6713454861111112 0.8255642361111113 0.010486111111111049 0.024418402777777872
0 0.7044097222222222 0.7495659722222222 0.013342013888888794 0.07197916666666673
0 0.6413368055555555 0.5607465277777778 0.014991319444444429 0.0291145833333333