0 0.007378472222222222 0.009548611111111112 0.014756944444444444 0.019097222222222224
0 0.009982638888888888 0.062065972222222224 0.019965277777777776 0.05295138888888889
0 0.010850694444444444 0.09244791666666667 0.021701388888888888 0.04774305555555555
0 0.010850694444444444 0.1449652777777778 0.021701388888888888 0.052083333333333336
0 0.0008680555555555555 0.1970486111111111 0.001736111111111111 0.08680555555555555
0 0.013020833333333334 0.22526041666666666 0.02331597222222194 0.06703124999999982
0 0.0030381944444444445 0.4461805555555556 0.006076388888888889 0.06076388888888889
0 0.011284722222222222 0.6822916666666666 0.022569444444444444 0.03993055555555555
0 0.02667534722222224 0.6669357638888889 0.011284722222222222 0.04373263888888898
0 0.009548611111111112 0.74609375 0.019097222222222224 0.042534722222222224
0 0.007378472222222222 0.8046875 0.014756944444444444 0.036458333333333336
0 0.020685763888888827 0.9815364583333334 0.031883680555555176 0.03669270833333371
0 0.03342013888888889 0.9965277777777778 0.013020833333333334 0.006944444444444444
0 0.030737847222222097 0.9481510416666666 0.010425347222222412 0.023368055555555618