0 0.09248263888888886 0.14218750000000016 0.04608506944444457 0.023697916666666825
0 0.2775607638888889 0.13864583333333316 0.04335937499999984 0.01232638888888873
0 0.27229166666666654 0.1547395833333335 0.04605902777777812 0.019869791666666952
0 0.37921006944444435 0.16501736111111104 0.034722222222222224 0.029123263888889046
0 0.46796006944444457 0.15788194444444453 0.041015625 0.02915798611111124
0 0.4626909722222222 0.09727430555555551 0.032144097222222 0.016493055555555556
0 0.5139843750000002 0.11549479166666682 0.033854166666666664 0.029861111111110797
0 0.5105208333333332 0.1418663194444443 0.05321180555555571 0.029487847222222443
0 0.5433333333333334 0.12672743055555535 0.037812500000000346 0.020095486111110797
0 0.5733854166666666 0.1076041666666667 0.038923611111111235 0.017300347222222474
0 0.5942274305555557 0.10180555555555573 0.03528645833333302 0.02005208333333365
0 0.5989756944444444 0.1264583333333332 0.030616319444444824 0.019557291666666445
0 0.5495138888888889 0.17958333333333343 0.02282986111111127 0.020164930555555176
0 0.6315972222222221 0.18524305555555565 0.02335069444444413 0.016996527777777715
0 0.6765190972222221 0.16624999999999998 0.023602430555555207 0.021927083333333524
0 0.6541840277777777 0.17328124999999991 0.028819444444444287 0.02203993055555584
0 0.6338541666666665 0.13169270833333335 0.034305555555555936 0.025781249999999842
0 0.6222222222222223 0.1091579861111111 0.028663194444444824 0.019340277777777557
0 0.7077604166666668 0.10236979166666653 0.036189236111110766 0.012734375000000063
0 0.7476649305555555 0.1402256944444444 0.04302083333333368 0.028897569444444413
0 0.6724565972222223 0.14390625000000018 0.04086805555555549 0.027126736111111112
0 0.706501736111111 0.16731770833333334 0.041987847222222124 0.021927083333333524
0 0.9375173611111111 0.16217013888888904 0.05681423611111095 0.030399305555555936
0 0.9184288194444447 0.19146701388888904 0.024270833333333366 0.024756944444444824
0 0.9465711805555554 0.1924826388888887 0.035069444444444126 0.02808159722222254
0 0.9763107638888889 0.1799045138888889 0.040503472222222094 0.037690972222222285
0 0.9921875 0.20703125 0.015625 0.018229166666666668