0 0.03131076388888903 0.6862499999999999 0.058585069444444256 0.10042534722222227
0 0.13545138888888886 0.9056944444444444 0.05486111111111095 0.09671006944444432
0 0.061059027777777906 0.6518402777777778 0.05486111111111095 0.07996527777777789
0 0.16102430555555555 0.9735243055555556 0.05295138888888889 0.05295138888888889
0 0.5746701388888888 0.8470225694444444 0.05394097222222251 0.06435763888888897
0 0.5912326388888888 0.9094878472222222 0.06624999999999975 0.1003211805555557
0 0.6059027777777778 0.9782986111111112 0.06944444444444445 0.043402777777777776
0 0.7109375 0.9900173611111112 0.036458333333333336 0.019965277777777776
0 0.7287326388888888 0.984375 0.0234375 0.03125
0 0.6684114583333335 0.8702777777777777 0.05205729166666689 0.07397569444444427
0 0.5804340277777776 0.7612326388888889 0.019105902777777968 0.03811631944444452