0 0.16493055555555555 0.96875 0.03993055555555555 0.0625
0 0.11148437499999986 0.8456076388888888 0.03065972222222197 0.07572048611111074
0 0.15493923611111093 0.7587413194444446 0.03404513888888911 0.05949652777777795
0 0.14329861111111106 0.7018663194444444 0.033342013888888765 0.04449652777777797
0 0.5456597222222221 0.09622395833333325 0.043420138888889265 0.08935763888888894
0 0.5826562499999999 0.05078125 0.04034722222222184 0.07534722222222238
0 0.53125 0.03342013888888889 0.03819444444444445 0.06684027777777778
0 0.538298611111111 0.22834201388888886 0.04475694444444479 0.10127604166666673
0 0.5247829861111113 0.278203125 0.026284722222222 0.11614583333333349
0 0.5401736111111113 0.5463975694444445 0.041006944444444256 0.14057291666666671
0 0.6490190972222223 0.5286805555555555 0.038854166666666856 0.09576388888888904
0 0.5625173611111111 0.6775868055555555 0.041814236111111173 0.06272569444444463
0 0.6417274305555556 0.7316753472222223 0.05772569444444445 0.10299479166666675
0 0.5783420138888888 0.6323611111111112 0.024088541666666668 0.04426215277777759
0 0.568784722222222 0.5037326388888889 0.016770833333333082 0.04019097222222238
0 0.6630208333333335 0.8123177083333333 0.01535590277777743 0.04382812499999981
0 0.6545138888888888 0.9713541666666666 0.015625 0.057291666666666664
0 0.19017361111111106 0.9370052083333332 0.015685763888888635 0.04064236111111086
0 0.15254340277777778 0.8393315972222221 0.016406249999999685 0.026562500000000315
0 0.11395833333333351 0.8067187500000002 0.011041666666666887 0.020147569444444475
0 0.6105121527777777 0.4081423611111112 0.036032986111111304 0.06326388888888898
0 0.569548611111111 0.3967534722222222 0.020868055555555525 0.04392361111111103
0 0.572560763888889 0.4756250000000001 0.016006944444444098 0.013880208333333144
0 0.6513628472222222 0.3961979166666667 0.015920138888889015 0.043177083333333144
0 0.8965277777777779 0.07375000000000004 0.006588541666666793 0.009548611111111112
0 0.8945138888888889 0.06434895833333343 0.006328124999999968 0.011362847222222349