0 0.21504340277777778 0.04084201388888885 0.029097222222222205 0.04737847222222216
0 0.2565190972222222 0.13521701388888888 0.0420746527777776 0.06460069444444451
0 0.26717013888888885 0.27889756944444444 0.04757812499999995 0.07463541666666668
0 0.29502604166666657 0.38472222222222224 0.04124131944444463 0.060555555555555744
0 0.2778906250000001 0.6173177083333334 0.04307291666666657 0.0658593749999999
0 0.3559635416666666 0.6031597222222221 0.026579861111111016 0.05132812500000009
0 0.36118923611111103 0.8179513888888891 0.035885416666666795 0.0746006944444441
0 0.7251649305555556 0.7988020833333331 0.04574652777777762 0.0704947916666667
0 0.7099218749999999 0.5525520833333333 0.03671875000000016 0.05623263888888906
0 0.6426388888888889 0.35057291666666657 0.03868055555555551 0.07686631944444461
0 0.6621788194444443 0.14571180555555546 0.05744791666666652 0.08334201388888908
0 0.6159809027777777 0.1539149305555555 0.027109375000000015 0.07518229166666678
0 0.6278211805555556 0.09063368055555562 0.047369791666666806 0.07618055555555575
0 0.679592013888889 0.08922743055555553 0.052152777777777715 0.0790017361111113
0 0.29786458333333343 0.46864583333333343 0.024062499999999827 0.036987847222222335
0 0.33907118055555546 0.40301215277777774 0.01473958333333335 0.023611111111110954
0 0.32413194444444454 0.4002256944444444 0.020963541666666745 0.036588541666666745
0 0.3326736111111111 0.23605902777777782 0.015529513888888779 0.029453124999999858
0 0.3362847222222223 0.20085069444444453 0.014131944444444619 0.03256076388888908
0 0.29999999999999993 0.14306423611111108 0.012743055555555414 0.023611111111110954
0 0.279296875 0.1106163194444445 0.023350694444444525 0.022291666666666526
0 0.2414583333333334 0.038723958333333246 0.029817708333333255 0.023550347222222316
0 0.22569444444444445 0.010416666666666666 0.019097222222222224 0.020833333333333332
0 0.19661458333333334 0 0.021701388888888888 0
0 0.1965190972222223 0.03743055555555546 0.015720486111111223 0.05188368055555554
0 0.1909722222222222 0.0078125 0.010416666666666666 0.015625
0 0.8090017361111109 0.8047829861111112 0.012100694444444096 0.049878472222222255
0 0.7711979166666667 0.6430381944444444 0.0280555555555555 0.055442708333333236
0 0.7771440972222222 0.5790711805555555 0.024739583333333332 0.04351562500000009
0 0.7687413194444446 0.5227256944444445 0.024157986111111245 0.022378472222222397
0 0.7737847222222223 0.5413541666666668 0.014557291666666848 0.03111111111111124
0 0.6900434027777779 0.6192447916666666 0.013098958333333459 0.019921874999999842
0 0.6791145833333333 0.5914583333333332 0.009921874999999858 0.01118055555555565
0 0.6890104166666666 0.6015972222222222 0.007934027777777667 0.008289930555555713
0 0.7180555555555556 0.5924999999999999 0.007751736111110969 0.013289930555555508
0 0.6840885416666667 0.5004513888888888 0.023567708333333413 0.029895833333333382
0 0.6723090277777778 0.4839496527777778 0.01851562499999994 0.025902777777777903
0 0.7020138888888889 0.45167534722222213 0.020052083333333255 0.032361111111111285
0 0.6633767361111111 0.4417881944444445 0.025755208333333397 0.04584201388888884
0 0.6881336805555556 0.40664930555555556 0.04388888888888884 0.048940972222222316
0 0.6228298611111112 0.02734375 0.03732638888888889 0.0546875
0 0.31703993055555557 0.7607031249999999 0.02749131944444451 0.053003472222222375