0 0.09505208333333333 0.9796006944444444 0.018229166666666668 0.04079861111111111
0 0.06628472222222213 0.9341579861111112 0.029001736111110985 0.04920138888888914
0 0.05510416666666668 0.6081336805555555 0.030633680555555525 0.04804687499999992
0 0.05174479166666658 0.4017968749999999 0.021996527777777903 0.07217013888888878
0 0.09066840277777782 0.4001649305555556 0.025911458333333255 0.059305555555555695
0 0.6013454861111112 0.16236979166666662 0.026788194444444555 0.05988715277777759
0 0.5891579861111111 0.1150347222222222 0.015850694444444632 0.05929687499999995
0 0.941171875 0.11262152777777779 0.023871527777777776 0.05927083333333351
0 0.9542795138888889 0.6416927083333334 0.027673611111111204 0.04700520833333341
0 0.9491406249999998 0.5994531249999999 0.02252604166666651 0.050833333333333286
0 0.8919444444444444 0.45635416666666667 0.011223958333333586 0.0452864583333334
0 0.9418836805555557 0.7248871527777777 0.02506944444444454 0.04679687499999988
0 0.8946614583333334 0.6765885416666667 0.012100694444444096 0.03449652777777759
0 0.8938975694444444 0.5319704861111111 0.016171875000000096 0.04360243055555557
0 0.9259288194444445 0.5666666666666667 0.014704861111110764 0.009305555555555381
0 0.8940625 0.5679079861111112 0.009027777777777461 0.035295138888888765
0 0.8927430555555556 0.4995833333333333 0.008272569444444223 0.02828124999999994
0 0.8913541666666668 0.4103211805555556 0.008072916666666825 0.04361111111111092