0 0.21998263888888894 0.6005295138888889 0.05766493055555541 0.09990451388888902
0 0.19368055555555547 0.47264756944444447 0.060364583333333305 0.10219618055555557
0 0.20502604166666671 0.4040190972222223 0.07171006944444455 0.07268229166666668
0 0.2153732638888888 0.3698350694444444 0.023854166666666683 0.0355208333333334
0 0.19170138888888882 0.34948784722222215 0.04000868055555568 0.03310763888888878
0 0.16688368055555555 0.30710937499999996 0.06065104166666657 0.10714409722222208
0 0.1589496527777777 0.21543402777777784 0.05163194444444446 0.08401909722222219
0 0.15129340277777775 0.1312065972222223 0.03858506944444429 0.0715364583333332
0 0.6861979166666666 0.016493055555555556 0.030381944444444444 0.03298611111111111
0 0.7242361111111111 0.07025173611111117 0.07519965277777788 0.10275173611111102
0 0.6754600694444446 0.13434895833333332 0.054105902777777715 0.10617187499999996
0 0.6641232638888889 0.24563368055555557 0.03662326388888894 0.08669270833333324
0 0.7847048611111112 0.16671874999999994 0.018072916666666612 0.09564236111111096