0 0.2386458333333334 0.25915798611111107 0.021744791666666825 0.045694444444444336
0 0.2651302083333334 0.2856423611111111 0.036901041666666856 0.058454861111111235
0 0.29856770833333335 0.2797309027777778 0.01591145833333327 0.04664062500000002
0 0.2921701388888888 0.38360243055555565 0.015789930555555602 0.03039062500000019
0 0.2937760416666667 0.43241319444444454 0.014817708333333476 0.025121527777777826
0 0.28458333333333324 0.4466145833333333 0.011536458333333301 0.0237847222222223
0 0.2924826388888889 0.5166059027777778 0.010121527777777651 0.026423611111111158
0 0.27574652777777786 0.535390625 0.023706597222222174 0.041814236111111173
0 0.2824045138888888 0.47935763888888894 0.01253472222222227 0.02652777777777773
0 0.28094618055555565 0.5040711805555556 0.012690972222222128 0.017812499999999985
0 0.28952256944444443 0.5518489583333334 0.012994791666666493 0.030095486111111173