0 0.1830989583333334 0.9095833333333334 0.036840277777777826 0.049852430555555806
0 0.1459548611111112 0.8586371527777779 0.03099826388888892 0.05418402777777784
0 0.16262152777777772 0.8205729166666669 0.022847222222222366 0.028611111111111143
0 0.17423611111111115 0.7837239583333333 0.026727430555555525 0.04427951388888908
0 0.22184027777777773 0.7328125000000001 0.0282204861111113 0.05015625000000017
0 0.21429687499999991 0.5530729166666668 0.02133680555555549 0.02620659722222227
0 0.22440104166666666 0.5216059027777779 0.01870659722222238 0.03286458333333345
0 0.2021006944444444 0.49010416666666656 0.03619791666666651 0.034322916666666634
0 0.21370659722222227 0.40351562499999993 0.012647569444444586 0.03329861111111122
0 0.14408854166666668 0.4139930555555556 0.011883680555555602 0.03227430555555541
0 0.15657986111111122 0.2913802083333334 0.024401041666666776 0.05763888888888897
0 0.16302951388888884 0.06936631944444452 0.027890625000000096 0.06063368055555548
0 0.15829861111111102 0.12143229166666675 0.02784722222222216 0.048619791666666856
0 0.4842621527777777 0.2741840277777777 0.04461805555555563 0.08671875000000008
0 0.5366319444444445 0.41743055555555564 0.01895833333333346 0.03695312500000014
0 0.5025347222222223 0.6499652777777778 0.032083333333333366 0.06247395833333316
0 0.4531423611111111 0.8365885416666666 0.021935763888888873 0.04304687500000012
0 0.9477604166666668 0.9734635416666665 0.0119184027777774 0.03256076388888908
0 0.953125 0.9878472222222222 0.022569444444444444 0.024305555555555556
0 0.8881510416666667 0.9051909722222224 0.02818576388888911 0.044730902777777554
0 0.9551562500000002 0.8966493055555556 0.018697916666666634 0.03717881944444438
0 0.9315017361111112 0.8209374999999999 0.01766493055555587 0.03666666666666648
0 0.8802777777777777 0.7579774305555556 0.021223958333333175 0.0316145833333334