0 0.46915798611111115 0.3126736111111111 0.05725694444444448 0.12506076388888893
0 0.5861111111111111 0.3367361111111111 0.055824652777777733 0.08328124999999995
0 0.6171961805555556 0.30085069444444446 0.05303819444444437 0.08598090277777774
0 0.6402517361111112 0.4284895833333333 0.05272569444444445 0.06671006944444437
0 0.6018489583333334 0.4406857638888889 0.04506076388888896 0.05652777777777778
0 0.6229947916666667 0.5010416666666667 0.05880208333333334 0.08545138888888894
0 0.5997743055555556 0.5429513888888889 0.04289062500000007 0.06849826388888897
0 0.65546875 0.577890625 0.04718749999999991 0.07199652777777782
0 0.6212673611111111 0.6257899305555555 0.055347222222222214 0.09469618055555548
0 0.4912586805555555 0.6288715277777778 0.04851562500000009 0.08442708333333332
0 0.5253732638888889 0.5919791666666667 0.027829861111111062 0.03624999999999999
0 0.5725868055555555 0.6675694444444444 0.0705121527777778 0.07780381944444453
0 0.47771701388888893 0.7146180555555556 0.04890624999999993 0.07325520833333342
0 0.5138888888888888 0.70171875 0.04005208333333342 0.049401041666666735
0 0.5704427083333333 0.7532986111111111 0.06368923611111121 0.10139756944444439
0 0.5244357638888889 0.7467968749999999 0.041597222222222285 0.06653645833333341
0 0.4692795138888889 0.7688802083333334 0.04039062499999998 0.059487847222222195
0 0.49867187500000004 0.841736111111111 0.057795138888888827 0.09350694444444446
0 0.4573958333333333 0.8325434027777778 0.032552083333333336 0.04047743055555565
0 0.5264756944444444 0.9791666666666666 0.058159722222222224 0.041666666666666664