0 0.06096354166666668 0.021822916666666754 0.008958333333333476 0.012647569444444586
0 0.0859375 0.001736111111111111 0.019097222222222224 0.003472222222222222
0 0.07742187500000004 0.03310763888888898 0.015260416666666603 0.018012152777777776
0 0.08981770833333336 0.036354166666666764 0.014227430555555445 0.014704861111111158
0 0.052456597222222276 0.1963368055555556 0.016432291666666526 0.02211805555555557
0 0.02382812500000004 0.5077083333333334 0.03368055555555571 0.04453125000000016
0 0.028498263888888827 0.5393923611111112 0.025095486111110985 0.03898437499999988
0 0.022673611111111016 0.5625781249999999 0.020260416666666795 0.024019097222222285
0 0.01519965277777777 0.5861284722222222 0.027074652777777826 0.0310677083333333
0 0.01886284722222224 0.627907986111111 0.0113715277777777 0.020564236111111158
0 0.010590277777777816 0.6095399305555556 0.020512152777777872 0.022552083333333348
0 0.017838541666666628 0.6688368055555556 0.02009548611111119 0.03681423611111098
0 0.013706597222222191 0.682109375 0.019826388888889015 0.01707465277777784
0 0.0008680555555555555 0.7873263888888888 0.001736111111111111 0.03298611111111111
0 0.008142361111111206 0.7578472222222222 0.0145486111111113 0.02696180555555551
0 0.015998263888888944 0.4146527777777778 0.017491319444444525 0.04256076388888906
0 0.006076388888888889 0.4470486111111111 0.012152777777777778 0.024305555555555556
0 0.17483506944444452 0.7121006944444443 0.027786458333333524 0.036840277777777826
0 0.18184895833333334 0.6971875000000001 0.023880208333333524 0.03546006944444437
0 0.1931770833333333 0.6517013888888888 0.024062499999999827 0.04391493055555568
0 0.2066666666666666 0.6364670138888889 0.022378472222222397 0.03538194444444463
0 0.21240451388888892 0.6112847222222223 0.02176215277777792 0.0301736111111113
0 0.5310677083333333 0.37177083333333333 0.01644965277777762 0.036779513888888796
0 0.5338541666666666 0.42743055555555565 0.02179687500000011 0.05767361111111116
0 0.5392795138888888 0.44545138888888897 0.021085069444444413 0.02643229166666651
0 0.555451388888889 0.5201302083333333 0.029166666666666587 0.05021701388888881
0 0.5797916666666667 0.5484809027777777 0.008567708333333238 0.03430555555555554
0 0.5668836805555555 0.5486892361111111 0.02489583333333319 0.029670138888888746
0 0.5609288194444445 0.59375 0.023263888888889046 0.027786458333333524
0 0.5492361111111111 0.6548263888888888 0.024991319444444413 0.049670138888888715
0 0.5638802083333333 0.632907986111111 0.024947916666666476 0.04392361111111103
0 0.5609809027777778 0.7211631944444444 0.018098958333333255 0.019140625000000158
0 0.5638802083333333 0.749045138888889 0.02072916666666676 0.035911458333333236
0 0.7596875000000001 0.6846354166666667 0.020798611111111143 0.05180555555555541
0 0.73265625 0.6597656249999999 0.006293402777777778 0.03832465277777786
0 0.7372916666666666 0.64890625 0.009722222222222065 0.01577256944444451
0 0.7574218749999999 0.6481684027777779 0.01374131944444438 0.023567708333333413
0 0.7344531249999999 0.6317274305555556 0.01751736111111097 0.031163194444444525
0 0.7514149305555556 0.6173958333333334 0.019427083333333428 0.03875868055555563
0 0.7315972222222222 0.5615364583333334 0.021041666666666476 0.027638888888889015
0 0.7329687500000001 0.5982204861111112 0.01745659722222233 0.03776909722222241
0 0.7382465277777778 0.6052777777777778 0.01836805555555543 0.026102430555555698
0 0.7427170138888888 0.5738715277777777 0.02746527777777767 0.0291145833333333
0 0.9656597222222223 0.44109375000000006 0.020190972222222412 0.02703124999999989
0 0.9787326388888888 0.45515624999999993 0.012682291666666382 0.015442708333333301
0 0.9728819444444446 0.3912847222222222 0.012786458333332954 0.020937499999999904
0 0.9740972222222221 0.41315972222222225 0.013524305555555493 0.014088541666666683
0 0.9805208333333333 0.4351822916666666 0.0069965277777781255 0.018506944444444586
0 0.9587673611111112 0.4794531249999999 0.013767361111110828 0.023663194444444632
0 0.9605555555555555 0.5850694444444444 0.02367187500000038 0.04519965277777792
0 0.9648177083333331 0.7135329861111112 0.022725694444444697 0.03759548611111106
0 0.9639843750000002 0.7435677083333333 0.025321180555555618 0.0309027777777777
0 0.9783680555555555 0.5244618055555557 0.01447916666666692 0.021223958333333175
0 0.9621875000000001 0.5502690972222223 0.027994791666666668 0.026189236111111173
0 0.9650347222222221 0.7973611111111111 0.018932291666667014 0.04190104166666685
0 0.7158854166666667 0.10541666666666671 0.012482638888888984 0.019340277777777953
0 0.7049218749999999 0.2409635416666666 0.015269097222222349 0.015364583333333175
0 0.6904340277777778 0.12597222222222212 0.010260416666666808 0.023368055555555618
0 0.7070052083333334 0.2276736111111111 0.01480902777777773 0.016597222222222128
0 0.7078993055555556 0.0026041666666666665 0.014756944444444444 0.005208333333333333
0 0.7640885416666667 0.7753125000000001 0.02002604166666681 0.03165798611111094
0 0.7519618055555556 0.7767447916666667 0.012769097222222255 0.027560763888888888