0 0.062361111111111235 0.9794097222222222 0.013767361111110828 0.036996527777777684
0 0.1326302083333333 0.8947569444444444 0.01697048611111127 0.04800347222222238
0 0.06556423611111128 0.8270833333333333 0.03427083333333295 0.06393229166666675
0 0.04296875 0.8551649305555555 0.00947916666666673 0.02811631944444453
0 0.1284635416666665 0.7841145833333333 0.014375000000000348 0.03895833333333343
0 0.06414930555555563 0.7855729166666667 0.025616319444444632 0.04867187499999995
0 0.05059027777777795 0.8109548611111111 0.017465277777777684 0.04438368055555565
0 0.08157118055555539 0.642421875 0.028593749999999654 0.053402777777777764
0 0.08157118055555539 0.5930121527777777 0.04069444444444454 0.059262152777777764
0 0.12657986111111125 0.5350434027777777 0.012126736111111333 0.040746527777777826
0 0.11611979166666665 0.56859375 0.016605902777777872 0.037057291666666714