0 0.043151041666666695 0.8931510416666666 0.02394097222222216 0.054357638888888796
0 0.06534722222222239 0.8864409722222221 0.019913194444444098 0.03820312500000019
0 0.05827256944444454 0.9142795138888888 0.021067708333333712 0.027881944444444348
0 0.016180555555555445 0.7759288194444444 0.02658854166666676 0.05113715277777765
0 0.049348958333333255 0.6188194444444446 0.021814236111111204 0.04067708333333345
0 0.06420138888888892 0.38793402777777786 0.02836805555555581 0.04272569444444427
0 0.07194444444444453 0.24184895833333325 0.029288194444444256 0.053611111111111304
0 0.3897569444444444 0.9965277777777778 0.012152777777777778 0.006944444444444444
0 0.46914062499999987 0.9593923611111109 0.01001736111111108 0.02185763888888914
0 0.4362760416666668 0.8442621527777779 0.029236111111111365 0.03316840277777781
0 0.4624739583333333 0.7478472222222222 0.026006944444444475 0.04332465277777765
0 0.4307986111111113 0.5956423611111111 0.017994791666666288 0.06558159722222238
0 0.4438715277777779 0.452361111111111 0.008229166666666288 0.03433159722222238
0 0.49502604166666664 0.41498263888888887 0.024322916666667044 0.04309895833333341
0 0.48033854166666656 0.32625868055555546 0.024097222222222412 0.04220486111111102
0 0.5221093749999999 0.3433333333333333 0.01508680555555565 0.028776041666666745
0 0.5312586805555557 0.31349826388888896 0.017934027777777653 0.029366319444444382
0 0.5309635416666667 0.2810937499999999 0.02116319444444454 0.03327256944444438
0 0.523862847222222 0.2583593750000001 0.026388888888888573 0.02851562499999992
0 0.5163020833333335 0.23476562500000003 0.019305555555555368 0.034704861111111124
0 0.5475607638888889 0.19447916666666665 0.02180555555555546 0.03870659722222235
0 0.5300347222222221 0.2368229166666666 0.008168402777777651 0.01662326388888897
0 0.5380121527777777 0.22471354166666657 0.014609374999999937 0.020954861111111