0 0.013454861111111112 0.23177083333333334 0.026909722222222224 0.04861111111111111
0 0.0026041666666666665 0.26953125 0.005208333333333333 0.0685763888888889
0 0.006076388888888889 0.0234375 0.012152777777777778 0.046875
0 0.003472222222222222 0.0759548611111111 0.006944444444444444 0.0859375
0 0.2387152777777778 0.04513888888888889 0.059027777777777776 0.09027777777777778
0 0.2738194444444445 0.09372395833333336 0.06245659722222206 0.0949913194444443
0 0.3189149305555554 0.18846354166666657 0.049609374999999685 0.09890625000000004
0 0.2125781249999999 0.2471875 0.06861979166666682 0.09805555555555559
0 0.2961284722222221 0.4099999999999999 0.059522569444444194 0.07986979166666686
0 0.2931510416666667 0.47264756944444447 0.07535590277777812 0.10211805555555545
0 0.2215972222222224 0.4738020833333333 0.0694704861111109 0.10003472222222204
0 0.2038715277777779 0.5890972222222223 0.09633680555555518 0.10500000000000004
0 0.15682291666666653 0.7340364583333331 0.08155381944444429 0.1198350694444444
0 0.26129340277777796 0.3277604166666666 0.06537326388888924 0.09802083333333339
0 0.2929166666666667 0.26736979166666663 0.03367187499999997 0.027717013888888746
0 0.31805555555555565 0.3194878472222222 0.03668402777777797 0.06696180555555545
0 0.25351562500000013 0.42188368055555553 0.028107638888888984 0.033194444444444256
0 0.21018229166666677 0.41743055555555564 0.01574652777777806 0.00813368055555546