0 0.26255208333333335 0.6151909722222223 0.036614583333333194 0.0452864583333334
0 0.26093749999999993 0.6569444444444444 0.029835069444444348 0.03821180555555554
0 0.26552083333333343 0.9287239583333334 0.01260416666666665 0.022986111111111127
0 0.26748263888888896 0.860703125 0.017187500000000158 0.027317708333333357
0 0.5215451388888889 0.705625 0.01751736111111097 0.027777777777777776
0 0.48309895833333333 0.8342621527777778 0.009678819444444523 0.030651041666666618
0 0.49357638888888883 0.9219270833333333 0.020052083333333255 0.046753472222222335
0 0.5228385416666667 0.9537152777777779 0.020720486111111016 0.03941840277777765
0 0.4835069444444444 0.9891493055555556 0.012152777777777778 0.021701388888888888
0 0.8627690972222221 0.5647048611111111 0.008506944444444602 0.024600694444444373
0 0.841857638888889 0.9654253472222223 0.018289930555555303 0.027699652777777653