0 0.001736111111111111 0.23741319444444445 0.003472222222222222 0.03211805555555555
0 0.0013020833333333333 0.2730034722222222 0.0026041666666666665 0.026909722222222224
0 0.16657118055555545 0.8365104166666666 0.0073350694444442865 0.014539930555555556
0 0.2653559027777778 0.9217621527777777 0.021831597222221905 0.05635416666666673
0 0.23524305555555555 0.7922656250000001 0.0544878472222226 0.08922743055555553
0 0.22981770833333334 0.8560156250000001 0.00914062499999978 0.013750000000000127
0 0.2148784722222222 0.23830729166666684 0.014375000000000348 0.026137152777777492
0 0.16857638888888873 0.21479166666666671 0.020972222222222097 0.04374131944444473
0 0.21331597222222204 0.3465451388888887 0.01772569444444451 0.027118055555555368
0 0.14647569444444425 0.2248263888888889 0.022118055555555176 0.03705729166666632
0 0.13543402777777777 0.24633680555555573 0.011536458333333301 0.024357638888889237
0 0.15365451388888907 0.2503472222222223 0.017786458333333144 0.01901041666666635
0 0.15861111111111093 0.2623263888888887 0.013446180555555366 0.01833333333333324
0 0.12730902777777764 0.28513020833333313 0.009626736111111237 0.01922743055555524
0 0.11615451388888884 0.2780208333333335 0.011362847222222349 0.02960069444444476
0 0.1471614583333335 0.28427083333333336 0.014322916666666666 0.02954861111111108
0 0.1530381944444446 0.34392361111111097 0.01967013888888876 0.0316145833333334
0 0.45988715277777775 0.42557291666666686 0.019001736111111396 0.028532986111111016