0 0.0817013888888888 0.08391493055555561 0.048124999999999654 0.08455729166666653
0 0.09608506944444449 0.22605034722222228 0.0367447916666666 0.05598090277777759
0 0.2088368055555555 0.39788194444444436 0.03891493055555549 0.058776041666666695
0 0.21083333333333343 0.33580729166666656 0.04539062499999997 0.04796006944444445
0 0.1134982638888889 0.35077256944444435 0.06228298611111111 0.05427083333333332
0 0.12228298611111102 0.30986979166666667 0.07984374999999962 0.046284722222222366
0 0.11147569444444451 0.27841145833333336 0.07421006944444425 0.04359374999999983
0 0.16801215277777792 0.6216579861111112 0.053437500000000346 0.07592013888888892
0 0.2256336805555554 0.6565451388888888 0.03316840277777781 0.09717881944444429
0 0.1748697916666665 0.8291059027777778 0.06380208333333333 0.0892968749999999
0 0.2489756944444446 0.8111892361111109 0.03223958333333362 0.0971093749999999
0 0.22321180555555545 0.7858506944444446 0.03668402777777797 0.08476562499999989
0 0.1349826388888889 0.9765625 0.059895833333333336 0.046875
0 0.2517361111111111 0.9526909722222222 0.03819444444444445 0.09461805555555555
0 0.16129340277777773 0.5606684027777779 0.034704861111110735 0.030217013888888842
0 0.1899652777777779 0.6839236111111112 0.03129340277777794 0.03750868055555559
0 0.22279513888888877 0.5882725694444445 0.015815972222222443 0.021475694444444256