0 0.19716145833333343 0.7566145833333332 0.02677083333333346 0.041666666666666664
0 0.18462673611111116 0.5149131944444445 0.03394097222222214 0.06773437500000018
0 0.19542534722222232 0.5394444444444445 0.020581597222222255 0.04078993055555537
0 0.19631076388888896 0.4482118055555555 0.02775173611111094 0.054314236111111254
0 0.14985243055555564 0.3956076388888889 0.019010416666666745 0.03506076388888878
0 0.13571180555555548 0.3131423611111111 0.033697916666666806 0.061744791666666764
0 0.18987847222222223 0.29688368055555553 0.020937499999999904 0.06120659722222241
0 0.17282118055555548 0.3329687499999999 0.039817708333333236 0.04453993055555551
0 0.16275173611111113 0.30118923611111115 0.026831597222222097 0.0548524305555556
0 0.13307291666666662 0.2442881944444445 0.0275260416666667 0.040434027777777715
0 0.14507812500000009 0.27889756944444444 0.034427083333333205 0.04787326388888897
0 0.14072048611111102 0.1596267361111112 0.03297743055555537 0.06451388888888904
0 0.166875 0.12644097222222228 0.03291666666666673 0.058263888888888796
0 0.5223524305555556 0.9298177083333334 0.017682291666666572 0.03177083333333365
0 0.8212760416666668 0.8805815972222221 0.016024305555555587 0.04929687499999997
0 0.8485243055555556 0.7652430555555555 0.04109375000000012 0.07382812500000016
0 0.845234375 0.8311805555555556 0.027960069444444475 0.052795138888888635
0 0.8875694444444444 0.7840798611111113 0.015520833333333428 0.033532986111111204
0 0.8952343749999999 0.6440798611111112 0.020329861111111173 0.03583333333333351
0 0.8745138888888889 0.3216840277777777 0.025668402777777526 0.028680555555555525
0 0.5175086805555557 0.7823437500000002 0.01730034722222208 0.023368055555555618
0 0.14048611111111103 0.5194878472222223 0.025694444444444367 0.03961805555555545
0 0.20851562500000004 0.6654427083333333 0.02315104166666673 0.07249999999999998
0 0.2132031249999999 0.6095225694444445 0.009887152777777667 0.03251736111111114