0 0.6487586805555555 0.6659461805555555 0.03145833333333334 0.14581597222222223
0 0.6431770833333333 0.8828038194444444 0.030451388888888827 0.10724826388888904
0 0.7237760416666666 0.8280121527777777 0.05198784722222231 0.04717013888888882
0 0.7366059027777778 0.8764496527777779 0.04677083333333343 0.0781423611111111
0 0.7112760416666667 0.9175954861111111 0.03333333333333341 0.04986111111111116
0 0.7069357638888889 0.9789496527777778 0.03746527777777785 0.037717013888888734
0 0.734375 0.9674479166666666 0.04513888888888889 0.06510416666666667
0 0.7757118055555555 0.9897309027777779 0.011067708333333334 0.013723958333333286
0 0.8376041666666666 0.9503645833333333 0.02054687500000006 0.035989583333333366
0 0.8394357638888889 0.9113802083333334 0.018125000000000096 0.04059895833333332
0 0.7758767361111111 0.8575954861111111 0.01762152777777774 0.02524305555555549
0 0.7474479166666667 0.7791579861111111 0.01129340277777777 0.026336805555555485
0 0.8153211805555556 0.9544704861111111 0.021128472222222153 0.031137152777777684
0 0.8250868055555556 0.9921875 0.0234375 0.015625
0 0.771640625 0.9713715277777778 0.009869791666666572 0.015416666666666856