0 0.1979947916666666 0.7676041666666669 0.03581597222222241 0.05703125000000004
0 0.43611111111111117 0.9687413194444443 0.03551215277777765 0.04268229166666673
0 0.4331597222222222 0.9947916666666666 0.036458333333333336 0.010416666666666666
0 0.8328993055555556 0.013454861111111112 0.03732638888888889 0.026909722222222224
0 0.82859375 0.03638020833333341 0.02927951388888851 0.03608506944444459
0 0.7793402777777779 0.3561979166666666 0.02195312499999997 0.02048611111111103
0 0.970703125 0.7863715277777779 0.00949652777777743 0.020416666666666847
0 0.9629079861111111 0.7779340277777776 0.003932291666666445 0.015390624999999818
0 0.9573871527777776 0.7434375000000001 0.006189236111111206 0.019401041666666587
0 0.9862586805555557 0.7744618055555557 0.011406250000000284 0.015755208333333413
0 0.9879947916666667 0.7844097222222222 0.008480902777778156 0.009973958333333144
0 0.9960243055555557 0.7698524305555554 0.004661458333333239 0.010798611111111158
0 0.976501736111111 0.7386892361111111 0.01449652777777762 0.017204861111111254
0 0.9812847222222223 0.8280208333333334 0.008758680555555683 0.021588541666666572
0 0.986857638888889 0.8099999999999999 0.007482638888888794 0.013828125000000253
0 0.9961111111111111 0.8311631944444444 0.006302083333333523 0.016831597222222508
0 0.9697916666666665 0.8829079861111112 0.007673611111111238 0.015486111111111237
0 0.9633506944444447 0.842751736111111 0.006258680555555587 0.013168402777777841
0 0.9558680555555554 0.8194878472222223 0.0031510416666667616 0.00828124999999997
0 0.7942621527777776 0.1427083333333334 0.024001736111110797 0.01886284722222224