0 0.6376562499999999 0.8231163194444444 0.02553819444444451 0.04261284722222235
0 0.6480989583333332 0.8539496527777778 0.0145486111111113 0.02865451388888908
0 0.6432986111111111 0.9536284722222221 0.03583333333333351 0.0687413194444441
0 0.8671875 0.984375 0.03125 0.03125
0 0.8541666666666666 0.9926215277777778 0.013888888888888888 0.014756944444444444
0 0.8762239583333332 0.9492534722222222 0.028307291666666384 0.035295138888888765
0 0.8703124999999999 0.9077083333333332 0.02569444444444476 0.02981770833333365
0 0.8635937500000002 0.8833072916666668 0.0255902777777774 0.03361979166666629
0 0.8970312500000001 0.8859374999999999 0.024609375000000315 0.038359374999999654
0 0.8884114583333331 0.84203125 0.025598958333333144 0.04273437499999962
0 0.9075000000000001 0.8487760416666666 0.013828125000000253 0.03493055555555537
0 0.8847395833333331 0.7991406250000002 0.01877604166666676 0.018411458333333366
0 0.9035156249999999 0.8118229166666665 0.02544270833333368 0.025555555555555207
0 0.8839062500000002 0.7450520833333333 0.029609374999999716 0.028819444444444287
0 0.8871527777777778 0.9887152777777778 0.03298611111111111 0.022569444444444444
0 0.8652170138888889 0.7789236111111113 0.017473958333333428 0.028958333333333246
0 0.9031770833333334 0.7648090277777777 0.014852430555555272 0.034505208333333336
0 0.8897048611111111 0.9229427083333334 0.017994791666666288 0.013784722222222316