0 0.5614670138888889 0.9373003472222222 0.054166666666666745 0.1097222222222223
0 0.5842013888888888 0.9986979166666666 0.041666666666666664 0.0026041666666666665
0 0.6002604166666666 0.9557291666666666 0.025173611111111112 0.08854166666666667
0 0.5746527777777778 0.7808593749999999 0.037291666666666695 0.08874131944444447
0 0.5635156250000001 0.6044444444444445 0.03015624999999981 0.06242187500000007
0 0.5886024305555555 0.5512326388888888 0.03210937499999981 0.05263888888888898
0 0.572170138888889 0.5651909722222223 0.02151041666666684 0.02499999999999996
0 0.5823263888888888 0.2811371527777778 0.02020833333333351 0.042881944444444424
0 0.6077343749999999 0.2762586805555556 0.03925347222222205 0.04254340277777777
0 0.59421875 0.15300347222222221 0.022369791666666652 0.04825520833333336
0 0.987855902777778 0.5453645833333334 0.011753472222222191 0.03508680555555562
0 0.9790972222222223 0.6816145833333334 0.03099826388888892 0.04809895833333341
0 0.9553211805555557 0.6872309027777779 0.009375000000000158 0.024748263888888882
0 0.9687239583333331 0.7272395833333333 0.0330034722222226 0.046605902777777826
0 0.9581336805555556 0.7744878472222223 0.032569444444444824 0.049409722222222285
0 0.9545659722222221 0.8350434027777778 0.02888888888888867 0.040746527777777826
0 0.9583506944444444 0.8803472222222222 0.036458333333333336 0.04310763888888896
0 0.9340277777777778 0.9626736111111112 0.041666666666666664 0.07465277777777778
0 0.9769965277777778 0.9952256944444444 0.04600694444444445 0.009548611111111112
0 0.9747135416666666 0.9377604166666667 0.02062500000000019 0.046666666666666856
0 0.9969618055555556 0.9670138888888888 0.006076388888888889 0.029513888888888888
0 0.9295399305555555 0.9025000000000001 0.011328125000000158 0.027821180555555713
0 0.9872743055555557 0.8666840277777778 0.01503472222222197 0.03217013888888884
0 0.988342013888889 0.8251475694444445 0.013914930555555335 0.02811631944444453
0 0.9802864583333333 0.75984375 0.018880208333333332 0.03562499999999997
0 0.9675781250000001 0.6348871527777777 0.007361111111110732 0.020416666666666652