0 0.02507812499999989 0.10521701388888892 0.020026041666666414 0.0198784722222223
0 0.6378732638888889 0.09668402777777788 0.031440972222222446 0.021874999999999842
0 0.6754774305555556 0.09223958333333332 0.01816840277777803 0.015234375000000158
0 0.6803559027777778 0.09857638888888884 0.013828125000000253 0.008151041666666557
0 0.7399826388888889 0.09020833333333339 0.04515625000000038 0.03538194444444463
0 0.7588281250000001 0.06359374999999999 0.038029513888889234 0.013585069444444523
0 0.7823871527777777 0.10094618055555553 0.047803819444444194 0.03020833333333349
0 0.7188628472222223 0.0713715277777778 0.048767361111111365 0.019869791666666557
0 0.7855034722222223 0.07150173611111102 0.035885416666666795 0.021675347222222047
0 0.2526041666666667 0.3403559027777777 0.042456597222222094 0.03042534722222238
0 0.2954340277777779 0.33614583333333337 0.03933159722222257 0.025434027777777937
0 0.45658854166666646 0.32300347222222214 0.047777777777777745 0.013628472222222065
0 0.56859375 0.36361979166666675 0.031258680555555744 0.028064236111111047
0 0.5947135416666668 0.37598090277777785 0.03993055555555555 0.022222222222222143
0 0.6013628472222222 0.3543923611111111 0.03775173611111092 0.01978298611111108
0 0.6484027777777778 0.37550347222222213 0.0442274305555554 0.02133680555555549
0 0.7793402777777779 0.6851388888888889 0.032795138888888666 0.011302083333333317
0 0.5903993055555554 0.6523871527777777 0.0403211805555554 0.021267361111111112
0 0.3188454861111111 0.6292447916666668 0.041649305555555176 0.04437499999999991
0 0.39348090277777775 0.6536024305555556 0.03460069444444416 0.027734374999999842
0 0.3397743055555556 0.6566927083333334 0.021614583333333017 0.021996527777777903
0 0.9887152777777778 0.9253472222222222 0.022569444444444444 0.020833333333333332
0 0.960876736111111 0.848845486111111 0.04314236111111095 0.010711805555555683
0 0.8646614583333334 0.9212326388888891 0.04717881944444476 0.01730902777777743
0 0.797109375 0.8961458333333334 0.04069444444444454 0.035164930555555744
0 0.7645399305555556 0.8800694444444446 0.04039930555555552 0.02904513888888892
0 0.6689843750000001 0.8804947916666666 0.06257812500000012 0.030815972222222224