0 0.10317708333333325 0.27210937500000004 0.03252604166666649 0.0676302083333332
0 0.08694444444444452 0.34410590277777786 0.013984375000000111 0.01927951388888892
0 0.09809895833333332 0.3615538194444444 0.017092013888888938 0.040182291666666634
0 0.08456597222222229 0.36221354166666664 0.009965277777777793 0.01984375000000011
0 0.09308159722222224 0.5121788194444444 0.011640624999999873 0.04311631944444451
0 0.5830381944444445 0.09817708333333325 0.009192708333333459 0.01733506944444427
0 0.5663454861111111 0.16711805555555553 0.00643229166666654 0.015217013888889063
0 0.578359375 0.1743923611111112 0.004965277777777604 0.012769097222222255
0 0.5750347222222223 0.24289062499999994 0.009496527777777826 0.019756944444444632
0 0.5959114583333334 0.2865277777777777 0.00862847222222227 0.020720486111111016
0 0.5690364583333333 0.32174479166666675 0.012960069444444302 0.030407986111111285
0 0.5769791666666667 0.3276822916666667 0.008454861111110922 0.021119791666666603
0 0.5716753472222221 0.37270833333333325 0.012378472222222412 0.02736979166666684
0 0.5725607638888888 0.3979079861111112 0.007708333333333428 0.019201388888888796
0 0.5980208333333334 0.36007812499999997 0.010069444444444365 0.022352430555555556
0 0.5958854166666667 0.5122743055555556 0.007934027777777667 0.02092013888888881
0 0.5938628472222223 0.6114322916666666 0.005590277777777825 0.01835937500000008
0 0.5890711805555555 0.7023350694444443 0.015173611111111127 0.023272569444444398
0 0.6078472222222222 0.6763368055555556 0.005859375 0.013888888888888888
0 0.5934895833333333 0.6884288194444443 0.015920138888889015 0.015703125000000127
0 0.5962326388888888 0.8977170138888889 0.01565972222222219 0.025078125000000284
0 0.9099565972222222 0.9411631944444443 0.009366319444444413 0.05492187500000038
0 0.6041666666666666 0.4450868055555556 0.010607638888888715 0.02010416666666654
0 0.5941493055555556 0.5318055555555556 0.008784722222222128 0.014262152777777636
0 0.5800347222222223 0.8118315972222222 0.009609375000000142 0.012239583333333649
0 0.17570312500000007 0.3582291666666667 0.007309027777777841 0.017248263888888796
0 0.1798177083333334 0.40101562500000004 0.006380208333333254 0.015390625000000015
0 0.15295138888888893 0.09230034722222216 0.006770833333333491 0.0193489583333333
0 0.14944444444444452 0.327361111111111 0.010164930555555587 0.027230902777777684
0 0.5852951388888888 0.2059375 0.0057638888888887786 0.013506944444444398
0 0.6006163194444445 0.17763020833333343 0.006571180555555698 0.01339409722222208
0 0.5906250000000001 0.25380208333333343 0.004887152777777872 0.011171874999999906
0 0.5858333333333334 0.23091145833333332 0.0059548611111112214 0.011753472222222191
0 0.5698350694444445 0.2358940972222222 0.0059548611111112214 0.011597222222222333
0 0.5739409722222223 0.13513888888888895 0.004565972222222412 0.011545138888889047
0 0.5981076388888888 0.11869791666666668 0.006527777777777762 0.013298611111111254
0 0.6059288194444444 0.42054687500000004 0.007803819444444255 0.02123263888888892
0 0.5774131944444445 0.44355034722222225 0.006753472222222396 0.008576388888888984
0 0.5883854166666667 0.42818576388888885 0.016171875000000096 0.027534722222222047
0 0.5626736111111111 0.3503385416666666 0.004947916666666509 0.01284722222222238
0 0.5894618055555555 0.3842361111111112 0.006241319444444492 0.01200520833333327
0 0.5659722222222222 0.6102864583333333 0.005668402777777952 0.01833333333333324
0 0.5792708333333333 0.6850954861111112 0.006770833333333491 0.011085069444444429
0 0.5922916666666667 0.346892361111111 0.0051649305555553976 0.011085069444444429
0 0.10446180555555548 0.6377256944444445 0.010130208333333397 0.052855902777777665