0 0.1461197916666666 0.2612239583333334 0.029131944444444398 0.04487847222222206
0 0.5620486111111112 0.661484375 0.03493923611111111 0.05830729166666673
0 0.5202170138888889 0.7142447916666667 0.014618055555555683 0.03014756944444446
0 0.5303385416666667 0.631857638888889 0.023342013888888777 0.05172743055555568
0 0.5184461805555556 0.6096006944444444 0.023428819444444256 0.0625173611111111
0 0.5793315972222223 0.6096874999999999 0.023420138888888904 0.051215277777777776
0 0.5528819444444445 0.6104340277777778 0.032222222222222124 0.06092881944444449
0 0.5403732638888888 0.5544357638888889 0.03683159722222208 0.052621527777777684
0 0.561310763888889 0.5280642361111111 0.03730034722222205 0.04677083333333343
0 0.5949218749999999 0.3831944444444445 0.03237847222222238 0.03928819444444463
0 0.5650173611111112 0.38768229166666657 0.027699652777777653 0.02439236111111103
0 0.5575260416666666 0.42232638888888885 0.027534722222222047 0.016336805555555698