0 0.008246527777777778 0.8402777777777778 0.016493055555555556 0.043402777777777776
0 0.03515625 0.9939236111111112 0.014756944444444444 0.012152777777777778
0 0.20052083333333334 0.9965277777777778 0.036458333333333336 0.006944444444444444
0 0.21006944444444445 0.98046875 0.034722222222222224 0.0390625
0 0.23177083333333334 0.9861111111111112 0.017361111111111112 0.027777777777777776
0 0.1604687499999999 0.7325 0.021267361111111112 0.033159722222222264
0 0.33107638888888896 0.8446006944444444 0.019071180555555383 0.035503472222222304
0 0.5571440972222221 0.8797395833333334 0.015625 0.024322916666666652
0 0.5647222222222221 0.9449305555555555 0.01626736111111092 0.019453124999999873
0 0.6507031249999999 0.837829861111111 0.01725694444444454 0.03672743055555551
0 0.14552083333333343 0.6985850694444444 0.014678819444444317 0.027335069444444453
0 0.3247048611111111 0.7267621527777778 0.026979166666666603 0.0243315972222222
0 0.3415972222222222 0.8619878472222222 0.010451388888888857 0.01657986111111103
0 0.008680555555555556 0.87109375 0.017361111111111112 0.028645833333333332