0 0.07235243055555547 0.0223784722222222 0.024166666666666795 0.03440972222222211
0 0.3368055555555556 0.9800347222222222 0.036458333333333336 0.03993055555555555
0 0.3385416666666667 0.9934895833333334 0.036458333333333336 0.013020833333333334
0 0.31942708333333336 0.9813281249999998 0.015321180555555635 0.031336805555555874
0 0.3129340277777778 0.9947916666666666 0.009548611111111112 0.010416666666666666
0 0.37225694444444435 0.6120052083333333 0.03972222222222241 0.061067708333333255
0 0.3823871527777778 0.5486371527777778 0.04149305555555571 0.06094618055555559
0 0.3699479166666667 0.5092795138888889 0.02453993055555554 0.042769097222222205
0 0.6802864583333333 0.2917621527777777 0.02693576388888906 0.04035590277777759
0 0.6453385416666667 0.31042534722222215 0.02976562499999997 0.04796006944444445
0 0.6532118055555556 0.19712673611111103 0.023836805555555587 0.030529513888888953
0 0.6951909722222221 0.4484114583333333 0.017187500000000158 0.05203125000000005
0 0.614357638888889 0.9925086805555554 0.007786458333333159 0.014392361111111049
0 0.6231597222222223 0.9591493055555556 0.0074218750000001575 0.01506944444444416
0 0.6390104166666668 0.8587673611111113 0.010173611111110937 0.014435763888888984
0 0.9238020833333331 0.15162326388888894 0.019105902777777968 0.03912326388888903
0 0.9396875 0.17495659722222218 0.013914930555555335 0.026744791666666618
0 0.9409114583333332 0.21333333333333332 0.014131944444444223 0.02825520833333349
0 0.9152170138888889 0.20839409722222216 0.014982638888889078 0.025173611111111112
0 0.8868489583333334 0.18487847222222223 0.00946180555555524 0.022031250000000096
0 0.8928645833333333 0.19906249999999995 0.01091145833333308 0.025850694444444617
0 0.8846788194444445 0.22006944444444443 0.01087673611111089 0.03441840277777786
0 0.9237760416666667 0.26646701388888894 0.030026041666666795 0.03316840277777781
0 0.9232899305555556 0.30032986111111115 0.0299913194444446 0.05169270833333349
0 0.8996180555555556 0.2943749999999999 0.011493055555555366 0.03881944444444427
0 0.8834809027777778 0.27921875000000007 0.015789930555555207 0.03358506944444449
0 0.8803211805555556 0.3062239583333333 0.01717013888888867 0.034661458333333194
0 0.6579947916666666 0.5667708333333334 0.011501736111111112 0.0191840277777777
0 0.6657118055555556 0.5248784722222223 0.0289496527777777 0.05003472222222211
0 0.9252777777777779 0.2189322916666667 0.009105902777777588 0.015434027777777951
0 0.9126302083333333 0.22789062499999999 0.009131944444444824 0.008116319444444365
0 0.9396267361111109 0.1936371527777777 0.008220486111111333 0.014678819444444317
0 0.9035069444444446 0.07809895833333336 0.00532118055555565 0.0158072916666667
0 0.9052170138888889 0.1407552083333334 0.0057031249999997475 0.009887152777777667
0 0.029357638888888832 0.04332465277777785 0.018506944444444586 0.02643229166666651
0 0.06664062499999998 0.05981770833333341 0.0125954861111113 0.008706597222222397
0 0.41896701388888896 0.3445746527777778 0.013029513888889078 0.024062499999999827
0 0.4059201388888888 0.30797743055555554 0.012291666666666541 0.016736111111111285
0 0.6287239583333333 0.9230295138888889 0.005651041666666856 0.013142361111111396
0 0.6237413194444444 0.9384461805555557 0.006458333333333381 0.01286458333333308
0 0.6126388888888888 0.9826822916666669 0.0029861111111111585 0.009409722222222349
0 0.6171875 0.9969618055555556 0.008680555555555556 0.006076388888888889
0 0.6202951388888889 0.9059809027777779 0.004253472222222301 0.009791666666666445