0 0.7906597222222224 0.8488715277777777 0.04743923611111099 0.08564236111111118
0 0.7711718749999998 0.9378645833333334 0.04015624999999999 0.054236111111111124
0 0.7686631944444444 0.9765625 0.0390625 0.046875
0 0.8158593749999999 0.6854600694444444 0.008333333333333649 0.02305555555555551
0 0.8107378472222221 0.7270920138888889 0.010677083333333491 0.025399305555555547
0 0.837890625 0.7008420138888889 0.012838541666666635 0.03134548611111102
0 0.7381944444444445 0.7365625 0.005885416666666841 0.014105902777777778
0 0.7425520833333334 0.7217361111111111 0.006979166666666635 0.01508680555555565
0 0.7403211805555555 0.7735503472222223 0.006822916666666777 0.015407986111111112
0 0.7359895833333332 0.7898871527777778 0.00475694444444446 0.01639756944444453
0 0.7391319444444444 0.801953125 0.006093749999999985 0.013463541666666658
0 0.7369184027777779 0.7242013888888889 0.006623263888888984 0.014253472222222285
0 0.7437760416666666 0.6867447916666667 0.006666666666666525 0.01623263888888893
0 0.7467795138888889 0.5964583333333333 0.006883680555555414 0.01533854166666673
0 0.820607638888889 0.4890277777777778 0.005633680555555366 0.014722222222222255