0 0.15698784722222214 0.42982638888888874 0.027795138888888873 0.05689236111111108
0 0.46054687499999997 0.15068576388888902 0.02901041666666673 0.07629340277777806
0 0.4813368055555556 0.016493055555555556 0.042534722222222224 0.03298611111111111
0 0.18007812500000003 0.4780815972222222 0.03902777777777781 0.06585069444444416
0 0.19823784722222212 0.4340017361111109 0.061657986111111285 0.11217881944444406
0 0.23283854166666668 0.3888888888888889 0.019088541666666476 0.06860243055555533
0 0.22024305555555557 0.37033854166666674 0.013715277777777935 0.018194444444444475
0 0.14513020833333337 0.40172743055555554 0.019461805555555618 0.05434027777777809
0 0.22807291666666668 0.026449652777777603 0.01171875 0.026388888888888573
0 0.0026041666666666665 0.5872395833333334 0.005208333333333333 0.035590277777777776
0 0.0008680555555555555 0.6853298611111112 0.001736111111111111 0.033854166666666664