0 0.09678819444444445 0.9982638888888888 0.009548611111111112 0.003472222222222222
0 0.1328472222222222 0.9828732638888888 0.030954861111110985 0.023324652777777684
0 0.12663194444444453 0.8409548611111113 0.008324652777777905 0.018003472222222032
0 0.14283854166666682 0.8478559027777778 0.008741319444444192 0.01528645833333305
0 0.15943576388888894 0.8131249999999999 0.017942708333333397 0.05510416666666629
0 0.1588975694444446 0.7019444444444445 0.0168836805555554 0.02411458333333351
0 0.1379600694444443 0.7083680555555555 0.008046875000000378 0.017239583333333443
0 0.1542621527777778 0.649392361111111 0.0193315972222226 0.043741319444444336
0 0.16817708333333314 0.5323350694444444 0.01197048611111108 0.032447916666666764
0 0.17102430555555553 0.4298697916666667 0.00754340277777743 0.031163194444444525
0 0.14099826388888875 0.22893229166666668 0.021050347222222224 0.034956597222222205