0 0.3627256944444446 0.5016666666666666 0.011258680555555777 0.0309027777777777
0 0.37221354166666665 0.5108940972222222 0.010277777777777905 0.024201388888888984
0 0.37168402777777765 0.6622048611111111 0.007838541666666445 0.021510416666666643
0 0.35974826388888875 0.7109114583333334 0.013819444444444507 0.03576388888888893
0 0.3464756944444443 0.7441753472222222 0.01394097222222257 0.027682291666666754
0 0.33320312499999993 0.8771093749999999 0.05667534722222219 0.12084201388888892
0 0.25434895833333354 0.9330555555555556 0.056753472222222316 0.11548611111111108
0 0.3511284722222222 0.9709201388888888 0.044270833333333336 0.058159722222222224
0 0.8572048611111112 0.9947916666666666 0.08072916666666667 0.010416666666666666
0 0.9240451388888888 0.9748263888888888 0.06510416666666667 0.050347222222222224
0 0.8564322916666668 0.9297222222222222 0.06343749999999994 0.0900260416666667
0 0.7782118055555556 0.9934895833333334 0.033854166666666664 0.013020833333333334
0 0.8296614583333333 0.7159461805555556 0.057673611111110766 0.13075520833333343
0 0.8781684027777779 0.7120399305555556 0.06989583333333371 0.11837673611111102
0 0.8918576388888889 0.8076649305555555 0.07215277777777768 0.11467013888888881
0 0.9173350694444444 0.5649479166666667 0.03592013888888898 0.05692708333333327
0 0.9106510416666668 0.4809982638888889 0.02732638888888851 0.053862847222222184
0 0.82765625 0.46003472222222225 0.0930729166666669 0.06330729166666672
0 0.8359895833333333 0.5410329861111111 0.08019097222222232 0.12351562499999996
0 0.8772916666666666 0.6278385416666666 0.026258680555555556 0.03351562499999991
0 0.9551909722222223 0.13276909722222222 0.04232638888888908 0.08968749999999999
0 0.7998350694444443 0.30722222222222223 0.0637239583333332 0.12203125000000004
0 0.7935763888888887 0.40652777777777777 0.05238715277777809 0.10581597222222221
0 0.8205208333333331 0.3866840277777778 0.03110243055555549 0.045625000000000054
0 0.9078472222222224 0.36268229166666666 0.020520833333333616 0.03345486111111108
0 0.9292274305555553 0.39624131944444446 0.01555555555555562 0.031293402777777736
0 0.9321614583333333 0.4742881944444444 0.025234374999999747 0.035668402777777705
0 0.9163454861111112 0.5244878472222223 0.016571180555555683 0.02567708333333327
0 0.9393055555555555 0.5284114583333334 0.013967013888889015 0.0211371527777777
0 0.940876736111111 0.4414583333333333 0.035364583333333144 0.04118923611111115
0 0.8627170138888888 0.4366319444444444 0.08209201388888863 0.10486111111111107
0 0.9506857638888889 0.7922309027777777 0.03606770833333349 0.04591145833333342
0 0.9163020833333333 0.776267361111111 0.026171874999999685 0.050824652777777736
0 0.9591232638888888 0.7284635416666667 0.02072916666666676 0.02585069444444442
0 0.7825173611111111 0.9653645833333333 0.009366319444444413 0.02371527777777792
0 0.8982725694444444 0.6168055555555555 0.012951388888888951 0.02348090277777774
0 0.8859895833333332 0.6061631944444444 0.011614583333333428 0.024835069444444358
0 0.9001736111111112 0.5926475694444444 0.022465277777777872 0.01857638888888897
0 0.9436111111111111 0.390546875 0.008246527777777778 0.02859374999999995
0 0.9265711805555554 0.4226388888888889 0.016006944444444098 0.032395833333333374
0 0.9458159722222221 0.49900173611111115 0.011015624999999652 0.019592013888888832
0 0.9317447916666666 0.25231770833333333 0.01202256944444476 0.024409722222222225
0 0.9616232638888889 0.3919270833333333 0.010095486111111206 0.023177083333333372
0 0.9518055555555556 0.3138454861111111 0.015043402777777715 0.027864583333333352
0 0.7729600694444443 0.8005729166666666 0.008480902777778156 0.026050347222222214
0 0.8980555555555555 0.9551996527777779 0.014861111111111016 0.0243142361111113