0 0.01171875 0.9813368055555556 0.0234375 0.03732638888888889
0 0.375 0.9995659722222222 0.024305555555555556 0.0008680555555555555
0 0.4526909722222222 0.9839409722222222 0.026909722222222224 0.03211805555555555
0 0.38581597222222225 0.9314670138888889 0.03726562500000025 0.057013888888888746
0 0.3845486111111111 0.9761284722222222 0.027777777777777776 0.04774305555555555
0 0.40819444444444425 0.976328125 0.021979166666666414 0.03377604166666654
0 0.4486111111111113 0.9382378472222221 0.027708333333333397 0.05694444444444437
0 0.4934288194444443 0.9366666666666666 0.03202256944444473 0.051979166666666764
0 0.5009461805555557 0.8602864583333333 0.03847222222222197 0.04685763888888891
0 0.41342881944444443 0.926736111111111 0.0168836805555554 0.03163194444444449
0 0.33763888888888893 0.8609027777777778 0.014730902777777999 0.03467013888888894
0 0.3476736111111111 0.7882986111111111 0.02357638888888876 0.04178819444444453
0 0.39453125 0.7136371527777778 0.02447916666666651 0.05418402777777784
0 0.3923090277777778 0.7610156250000001 0.05830729166666673 0.05506944444444449
0 0.4348524305555554 0.7837586805555555 0.039123263888888635 0.053854166666666634
0 0.45293402777777797 0.8297743055555555 0.021085069444444413 0.020217013888888857
0 0.4664149305555555 0.7081684027777777 0.03840277777777759 0.04257812499999996
0 0.4530295138888888 0.7467534722222222 0.03094618055555524 0.0372743055555556
0 0.45627604166666674 0.6746788194444444 0.03660590277777784 0.041362847222222304
0 0.4761458333333333 0.621328125 0.036397569444444694 0.050581597222222205
0 0.3943663194444444 0.6484809027777777 0.04024305555555527 0.05405381944444443
0 0.36688368055555565 0.6411371527777778 0.030277777777777872 0.05210937499999998
0 0.34786458333333314 0.6705208333333333 0.0264670138888887 0.03405381944444446
0 0.34438368055555557 0.602421875 0.014123263888889268 0.05990451388888888
0 0.36927083333333344 0.5392708333333334 0.03302951388888905 0.07453124999999991
0 0.35011284722222213 0.5276996527777778 0.02358506944444451 0.06815104166666666
0 0.3926909722222223 0.5088975694444444 0.05298611111111108 0.08218750000000005
0 0.47056423611111126 0.5125 0.02089409722222197 0.08673611111111118
0 0.4865711805555557 0.520607638888889 0.017552083333333555 0.04332465277777785
0 0.4867100694444445 0.5569097222222221 0.02264756944444457 0.048559027777777826
0 0.4559722222222224 0.5672222222222223 0.03666666666666648 0.06667534722222218
0 0.8302083333333334 0.9666406249999999 0.02547743055555587 0.029626736111111204
0 0.9189322916666668 0.6442447916666666 0.02252604166666651 0.045729166666666723
0 0.90578125 0.5866927083333333 0.03406249999999981 0.05382812499999999
0 0.923298611111111 0.5542534722222222 0.03123263888888851 0.041848958333333366
0 0.8615277777777778 0.5115798611111111 0.03531250000000025 0.04176215277777769
0 0.8595486111111109 0.46660590277777775 0.03223958333333362 0.04509548611111115
0 0.8788715277777778 0.49776041666666665 0.03032118055555581 0.03348958333333327
0 0.347421875 0.9396354166666667 0.010442708333333113 0.03884548611111111