0 0.3811111111111111 0.5766753472222221 0.039852430555555526 0.03945312499999984
0 0.38885416666666667 0.6118142361111111 0.03927083333333334 0.029348958333333286
0 0.3757899305555556 0.6391753472222221 0.016927083333333332 0.016649305555555414
0 0.38674479166666664 0.6591406249999999 0.03246527777777776 0.03677083333333345
0 0.37585069444444447 0.7090277777777777 0.04427951388888888 0.040303819444444305
0 0.37427083333333333 0.7540190972222223 0.03342881944444444 0.05123263888888907
0 0.3895399305555556 0.8813020833333335 0.05151909722222224 0.035243055555555874
0 0.8120659722222222 0.9939236111111112 0.0234375 0.012152777777777778
0 0.8339149305555555 0.9561892361111113 0.03681423611111118 0.06562500000000032
0 0.810625 0.937560763888889 0.018281249999999954 0.06455729166666657
0 0.8097482638888889 0.7885069444444446 0.017057291666666745 0.02197048611111126
0 0.8589930555555555 0.507907986111111 0.03943576388888895 0.064982638888889
0 0.9059288194444446 0.37682291666666656 0.023203125000000015 0.03383680555555557
0 0.36346354166666667 0.7759027777777777 0.03332465277777777 0.030442708333333474