0 0.10003472222222223 0.8228211805555554 0.04339409722222203 0.05967881944444445
0 0.09854166666666665 0.7126302083333333 0.030407986111111285 0.06793402777777796
0 0.09766493055555554 0.6186631944444445 0.031163194444444525 0.06491319444444461
0 0.18002604166666675 0.4898003472222222 0.042196180555555664 0.06455729166666657
0 0.17090277777777788 0.08812499999999998 0.06643229166666684 0.10953124999999986
0 0.2569444444444444 0.022569444444444444 0.03125 0.04513888888888889
0 0.7426215277777778 0.030815972222222224 0.07725694444444445 0.06163194444444445
0 0.7606423611111109 0.37254340277777787 0.06803819444444434 0.14368055555555553
0 0.7574131944444444 0.4687673611111111 0.03316840277777781 0.05632812499999989
0 0.7771354166666666 0.48905381944444454 0.021684027777777795 0.044149305555555664
0 0.7786024305555554 0.5333680555555556 0.019765625000000182 0.03766493055555545
0 0.7095659722222223 0.5390451388888889 0.014565972222222397 0.03150173611111108
0 0.7047135416666666 0.5708940972222223 0.011380208333333443 0.022447916666666776
0 0.6720486111111111 0.5447309027777778 0.02976562499999997 0.1037152777777778
0 0.7661111111111111 0.5753993055555555 0.01508680555555565 0.028151041666666526
0 0.7680381944444444 0.6265190972222222 0.01690972222222224 0.02897569444444454
0 0.6869878472222223 0.7502864583333333 0.015043402777777715 0.03211805555555555
0 0.7183159722222222 0.9878472222222222 0.0234375 0.024305555555555556
0 0.7335069444444444 0.9939236111111112 0.034722222222222224 0.012152777777777778
0 0.8194444444444444 0.99609375 0.015625 0.0078125