0 0.5209722222222223 0.8536111111111111 0.023671874999999985 0.033854166666666664
0 0.5109982638888889 0.7669097222222222 0.022699652777777857 0.039652777777777835
0 0.5006076388888889 0.7309288194444444 0.03323784722222219 0.03465277777777784
0 0.49418402777777776 0.6953645833333333 0.02319444444444427 0.04164930555555557
0 0.5250173611111111 0.6987934027777778 0.03511284722222206 0.03938368055555546
0 0.5242100694444445 0.6691840277777777 0.03512152777777781 0.03322916666666664
0 0.49836805555555547 0.6637586805555555 0.014826388888888827 0.03005208333333324
0 0.5160503472222222 0.6269444444444444 0.01886284722222224 0.04289930555555562
0 0.9001736111111112 0.9891493055555556 0.015625 0.021701388888888888
0 0.8880902777777777 0.9702256944444445 0.02632812499999994 0.041744791666666795
0 0.6802430555555556 0.8926475694444443 0.019045138888888938 0.034001736111111173
0 0.6750520833333334 0.8644618055555555 0.014340277777777763 0.017890624999999914
0 0.6825086805555556 0.9372135416666667 0.010998263888888951 0.019357638888889046
0 0.8802690972222224 0.9057552083333333 0.010060763888889015 0.01676215277777773
0 0.8671440972222221 0.8948524305555554 0.013845486111110953 0.02791666666666654
0 0.8976388888888889 0.8772395833333334 0.006024305555555208 0.011345486111111056
0 0.8675260416666666 0.7464149305555555 0.024062500000000223 0.019592013888888832
0 0.9232899305555556 0.8310329861111111 0.007109374999999652 0.031588541666666754