0 0.10614583333333351 0.4677256944444444 0.016762152777778126 0.01977430555555573
0 0.08959201388888892 0.26333333333333325 0.024661458333333205 0.019401041666666587
0 0.09316840277777771 0.23434895833333336 0.01743055555555549 0.025486111111111223
0 0.08432291666666655 0.1448437499999999 0.01981770833333327 0.02434895833333349
0 0.10183159722222218 0.12984374999999992 0.027404513888888635 0.04617187500000005
0 0.09969618055555547 0.11012152777777769 0.027560763888888888 0.02815972222222227
0 0.10442708333333349 0.0543229166666666 0.02843750000000019 0.02671006944444443
0 0.10517361111111098 0.09532986111111105 0.018263888888888857 0.024036458333333382
0 0.12232638888888896 0.08704861111111109 0.018107638888888604 0.029809027777777903
0 0.11801215277777762 0.1029687499999999 0.029843750000000096 0.027873263888889
0 0.051128472222222304 0.06841145833333329 0.011527777777777557 0.031979166666666795
0 0.09313368055555553 0.0848784722222222 0.010677083333333491 0.009522569444444271
0 0.07144965277777773 0.12257812500000004 0.008307291666666414 0.009045138888888951