0 0.029513888888888888 0.9578993055555556 0.050347222222222224 0.0842013888888889
0 0.014756944444444444 0.7664930555555556 0.029513888888888888 0.0954861111111111
0 0.04929687499999997 0.4889322916666667 0.051232638888888876 0.07783854166666673
0 0.015989583333333397 0.8909722222222223 0.02673611111111127 0.054253472222222224
0 0.3576215277777778 0.7115364583333333 0.04836805555555538 0.13398437499999993
0 0.44629340277777785 0.7358159722222222 0.04730034722222203 0.08343750000000011
0 0.4085503472222223 0.8667795138888889 0.06536458333333349 0.1329079861111112
0 0.45424479166666665 0.805703125 0.0557465277777776 0.08407118055555547
0 0.478515625 0.8333333333333334 0.027039930555555633 0.12546006944444463
0 0.9223090277777778 0.9856770833333334 0.03732638888888889 0.028645833333333332
0 0.8626041666666665 0.873046875 0.029392361111110828 0.05281250000000012
0 0.8912413194444445 0.8088107638888888 0.04182291666666692 0.052682291666666714
0 0.9066493055555556 0.363515625 0.04274305555555537 0.0798611111111111
0 0.9192968750000001 0.206171875 0.03992187499999981 0.07285590277777783
0 0.9091493055555557 0.2609461805555556 0.036328125000000315 0.05496527777777782
0 0.9088020833333333 0.30314236111111115 0.028593749999999654 0.04617187500000005