0 0.25618055555555547 0.08774305555555549 0.02189236111111094 0.033194444444444256
0 0.24196180555555558 0.0915798611111111 0.010503472222222143 0.02447916666666651
0 0.28078993055555557 0.12883680555555563 0.021935763888888873 0.04129340277777792
0 0.24805555555555556 0.21039930555555564 0.031857638888888734 0.04704861111111095
0 0.2405815972222223 0.15412326388888886 0.016927083333333332 0.026953125000000158
0 0.25088541666666664 0.020946180555555652 0.013090277777777715 0.02198784722222216
0 0.2417534722222222 0.009982638888888888 0.019965277777777776 0.019965277777777776
0 0.18943576388888891 0.4087152777777777 0.025390625 0.040581597222222224
0 0.26309895833333324 0.36077256944444436 0.01619791666666654 0.03985243055555543
0 0.24845486111111115 0.36779513888888893 0.02069444444444457 0.03941840277777765
0 0.2542881944444445 0.3942361111111112 0.015217013888889063 0.02835937500000006
0 0.17926215277777777 0.43914930555555565 0.03882812500000002 0.03181423611111119
0 0.2107204861111111 0.47598958333333324 0.030633680555555525 0.04828124999999991
0 0.2526128472222222 0.44530381944444447 0.01729166666666673 0.02687500000000003
0 0.23438368055555556 0.48592013888888885 0.022890624999999904 0.030876736111111254
0 0.24251736111111122 0.5928125000000001 0.02536458333333316 0.0440277777777776
0 0.25730902777777787 0.6209201388888889 0.017447916666666587 0.028715277777777715
0 0.26328124999999997 0.5587586805555556 0.014470486111111173 0.027534722222222047
0 0.23801215277777782 0.5485156250000001 0.026692708333333332 0.01886284722222224
0 0.28018229166666664 0.7624565972222221 0.024383680555555683 0.04531249999999984
0 0.21260416666666673 0.7146267361111112 0.03160590277777765 0.0442274305555554
0 0.6934809027777779 0.6937065972222223 0.02261284722222238 0.11997395833333337
0 0.7547569444444444 0.4337934027777778 0.08732638888888901 0.1323784722222222
0 0.7617708333333333 0.2913020833333333 0.06519965277777769 0.10049479166666665
0 0.8169531250000001 0.33717013888888897 0.048619791666666856 0.1230642361111111
0 0.7767361111111108 0.3700347222222222 0.07342881944444438 0.08874131944444447
0 0.23804687500000002 0.6663628472222223 0.027170138888889046 0.02829861111111103
0 0.22585937500000006 0.6839756944444445 0.012925347222222112 0.018446180555555556
0 0.19869791666666675 0.6639149305555555 0.013862847222222049 0.020338541666666526
0 0.24309895833333328 0.5194704861111111 0.0140190972222223 0.027890625000000096
0 0.2626649305555555 0.45886284722222215 0.011310763888889063 0.026970486111111254
0 0.23447048611111102 0.43118055555555557 0.01977430555555573 0.023984375000000096
0 0.24022569444444444 0.40182291666666675 0.01977430555555573 0.038940972222222335
0 0.2554427083333333 0.41900173611111113 0.010217013888888873 0.019366319444444398
0 0.19396701388888893 0.38311631944444435 0.021093750000000158 0.027430555555555475
0 0.17613715277777786 0.3593923611111111 0.018906250000000173 0.06208333333333332
0 0.2364930555555556 0.4605034722222222 0.03445312500000005 0.030199652777777745