0 0.10807291666666667 0.9796006944444444 0.009548611111111112 0.04079861111111111
0 0.17274305555555555 0.9952256944444444 0.057291666666666664 0.009548611111111112
0 0.6176215277777778 0.9891493055555556 0.0234375 0.021701388888888888
0 0.5175520833333331 0.9606423611111112 0.026987847222222347 0.06096354166666668
0 0.59375 0.9956597222222222 0.022569444444444444 0.008680555555555556
0 0.6130555555555554 0.9554166666666668 0.01614583333333365 0.043559027777777634
0 0.5690017361111109 0.9439322916666667 0.029826388888888604 0.05539062499999995
0 0.59765625 0.8894618055555557 0.035807291666666664 0.08217013888888876
0 0.5125520833333334 0.9019618055555555 0.023072916666666603 0.05496527777777792
0 0.5213368055555555 0.8559722222222222 0.02498263888888867 0.05086805555555548
0 0.5678645833333332 0.7769618055555555 0.036258680555555936 0.059895833333333336
0 0.5600347222222221 0.8275086805555555 0.034522569444444824 0.04955729166666659
0 0.9952256944444444 0.9761284722222222 0.009548611111111112 0.04774305555555555