0 0.19964409722222204 0.9576736111111109 0.02118055555555524 0.03456597222222197
0 0.1957465277777778 0.9921875 0.011284722222222222 0.015625
0 0.16912326388888882 0.5668489583333334 0.0186545138888887 0.035147569444444256
0 0.15056423611111094 0.5373003472222222 0.024765624999999777 0.0173958333333333
0 0.14732638888888872 0.5527256944444444 0.01859375000000006 0.02617187500000008
0 0.16322048611111128 0.5273784722222222 0.01478298611111089 0.007543402777777825
0 0.15507812500000007 0.49882812500000007 0.012178819444444223 0.012300347222222285
0 0.14127604166666666 0.41208333333333336 0.01892361111111127 0.028967013888888796
0 0.1874045138888888 0.3622569444444444 0.015147569444444287 0.027256944444444525
0 0.1223350694444443 0.1788107638888889 0.01664930555555581 0.04067708333333345
0 0.13168402777777763 0.21681423611111109 0.019340277777777557 0.03277777777777797
0 0.14422743055555565 0.14344618055555555 0.01342013888888892 0.02054687500000006
0 0.1811631944444443 0.058472222222222134 0.014348958333333113 0.020434027777777745
0 0.1843402777777779 0.05493923611111108 0.011753472222222191 0.03460937499999991
0 0.18394965277777764 0.025026041666666603 0.006519097222222412 0.029739583333333524
0 0.1774218749999999 0.12893229166666664 0.01710937500000003 0.03011284722222227
0 0.1351649305555556 0.19017361111111106 0.009895833333333017 0.01782986111111108
0 0.15629340277777792 0.22431423611111118 0.014913194444444697 0.03313368055555562
0 0.20010416666666664 0.6309982638888889 0.006371527777777904 0.014635416666666777
0 0.19473958333333347 0.6390104166666668 0.004114583333333144 0.011605902777777684