0 0.025190972222222205 0.7183680555555555 0.043151041666666695 0.06989583333333332
0 0.0008680555555555555 0.7222222222222222 0.001736111111111111 0.034722222222222224
0 0.009982638888888888 0.4947916666666667 0.019965277777777776 0.08506944444444445
0 0.029921874999999827 0.5337586805555556 0.045451388888888604 0.08142361111111127
0 0.05933159722222214 0.42777777777777776 0.05453124999999975 0.0964322916666668
0 0.08965277777777796 0.35254340277777785 0.041328124999999716 0.059748263888888827
0 0.09921006944444441 0.2607812500000001 0.04835069444444429 0.07111979166666653
0 0.12972222222222227 0.2788715277777778 0.0310677083333333 0.08032986111111108
0 0.09388888888888876 0.15611111111111103 0.052222222222222094 0.06557291666666663
0 0.44392361111111117 0.2667100694444444 0.073159722222222 0.10719618055555537
0 0.7540624999999999 0.8113628472222223 0.034895833333333175 0.07187500000000016
0 0.6434288194444444 0.862751736111111 0.026684027777777588 0.07176215277777784
0 0.7454079861111111 0.7053125 0.05511284722222203 0.06920138888888872
0 0.7863281249999999 0.46972222222222215 0.04252604166666648 0.07512152777777775
0 0.7526736111111111 0.4498784722222222 0.047855902777777876 0.0740364583333333
0 0.7163628472222222 0.36059027777777786 0.04786458333333362 0.07100694444444461
0 0.7710763888888891 0.37111979166666664 0.04608506944444457 0.07984375000000002
0 0.6920312499999999 0.2743489583333333 0.05973090277777812 0.08010416666666684
0 0.8153819444444446 0.09093749999999999 0.06400173611111074 0.08975694444444453
0 0.8099392361111113 0.15424479166666671 0.05310763888888914 0.0523697916666666
0 0.7679861111111109 0.13754340277777782 0.038532986111111396 0.05950520833333349
0 0.7239583333333334 0.032552083333333336 0.03993055555555555 0.06510416666666667
0 0.8020833333333334 0.009548611111111112 0.0798611111111111 0.019097222222222224
0 0.8667534722222222 0.026041666666666668 0.05642361111111111 0.052083333333333336
0 0.7391145833333334 0.07803819444444453 0.05947916666666705 0.06193576388888881
0 0.7363368055555557 0.2043663194444445 0.027282986111111365 0.03940104166666655
0 0.7576388888888891 0.19830729166666672 0.022109375000000223 0.03565972222222216
0 0.7502517361111111 0.31926215277777775 0.028489583333333082 0.04403645833333335
0 0.6909722222222222 0.020833333333333332 0.036458333333333336 0.041666666666666664
0 0.4163020833333333 0.3428819444444444 0.019956597222222032 0.03703993055555562
0 0.4058854166666666 0.3733246527777777 0.011892361111110953 0.021154513888888796
0 0.4013281249999999 0.3971440972222222 0.011892361111110953 0.024670138888888953