0 0.59375 0.059027777777777776 0.059027777777777776 0.11805555555555555
0 0.6974826388888888 0.016493055555555556 0.06163194444444445 0.03298611111111111
0 0.6803038194444445 0.06725694444444447 0.06598090277777796 0.09153645833333318
0 0.6390885416666667 0.1265711805555555 0.05678819444444451 0.11981770833333351
0 0.5933854166666666 0.17427951388888888 0.06132812500000008 0.11285590277777796
0 0.6567534722222221 0.2874045138888888 0.05434895833333345 0.07546875000000004
0 0.7158246527777778 0.23842013888888897 0.03601562499999981 0.0793663194444443
0 0.7408333333333333 0.21046875000000004 0.04401041666666651 0.11431423611111116
0 0.6932986111111111 0.5159722222222223 0.07216145833333343 0.11242187500000018
0 0.7486631944444445 0.6240190972222222 0.02720486111111124 0.126423611111111
0 0.7499913194444444 0.5255295138888889 0.030737847222222097 0.06677083333333339
0 0.6631510416666667 0.6519184027777778 0.04029513888888895 0.07944444444444443