0 0.3034461805555557 0.4234548611111111 0.02133680555555549 0.049340277777777906
0 0.32396701388888893 0.5059895833333334 0.028177083333333366 0.0479340277777776
0 0.4334982638888888 0.49453125000000003 0.022673611111111016 0.04598958333333335
0 0.45342881944444435 0.5311371527777777 0.022352430555555556 0.03203125000000008
0 0.4544965277777777 0.5546440972222223 0.022352430555555556 0.02566840277777792
0 0.45200520833333335 0.699314236111111 0.018090277777777903 0.04406250000000019
0 0.42644965277777774 0.18964409722222225 0.02347222222222219 0.04214409722222238
0 0.42006076388888874 0.2268402777777777 0.018784722222222508 0.03884548611111111
0 0.9163628472222223 0.4763368055555556 0.024140625000000346 0.04552083333333338
0 0.3237326388888889 0.46715277777777786 0.027005208333333048 0.03649305555555552
0 0.3018576388888887 0.5041927083333333 0.019401041666666983 0.04098090277777781
0 0.4477604166666668 0.49944444444444436 0.015199652777777968 0.022473958333333224
0 0.4552604166666667 0.46736979166666676 0.024609375000000315 0.036927083333333305
0 0.4484895833333332 0.6497482638888888 0.014852430555555272 0.024027777777777634
0 0.32886284722222214 0.6306597222222222 0.009600694444444792 0.043958333333333224
0 0.6237413194444446 0.6647569444444444 0.02515624999999962 0.051597222222222267
0 0.6159722222222221 0.49916666666666665 0.017769097222222443 0.025607638888888888
0 0.7069010416666666 0.30052951388888893 0.019314236111111112 0.019756944444444632
0 0.6874218749999998 0.36619791666666657 0.008793402777777872 0.020338541666666526
0 0.7256163194444443 0.48383680555555564 0.013289930555555904 0.028072916666666795
0 0.725798611111111 0.46048611111111115 0.009097222222221844 0.016041666666666683
0 0.7123003472222224 0.3282812500000001 0.012222222222222159 0.017942708333333397
0 0.7064409722222224 0.28182291666666676 0.010677083333333491 0.019071180555555383
0 0.9028125 0.42835937500000004 0.01754340277777781 0.02329861111111124