0 0.42427951388888885 0.5402256944444443 0.02666666666666649 0.03941840277777765
0 0.43979166666666675 0.3916319444444445 0.02230034722222227 0.04236979166666662
0 0.86328125 0.003472222222222222 0.025173611111111112 0.006944444444444444
0 0.8645833333333334 0.008680555555555556 0.024305555555555556 0.017361111111111112
0 0.8676041666666667 0.028472222222222184 0.024123263888888857 0.030269097222222128
0 0.8276909722222222 0.007378472222222222 0.025173611111111112 0.014756944444444444
0 0.8213281250000001 0.01656249999999994 0.027534722222222443 0.03242187499999992
0 0.8179513888888891 0.03171874999999997 0.026779513888889203 0.03210069444444446
0 0.8082465277777777 0.07467881944444442 0.022031250000000096 0.04865451388888905
0 0.8441493055555556 0.16703125000000008 0.021866319444444098 0.04140624999999984
0 0.8491927083333333 0.13644965277777782 0.020703125000000315 0.032404513888888827
0 0.8059548611111111 0.16872395833333323 0.020781249999999654 0.03779513888888886
0 0.41691840277777775 0.32616319444444447 0.014592013888888842 0.03043402777777773
0 0.4485069444444445 0.4135850694444445 0.016145833333333255 0.018324652777777888
0 0.44432291666666657 0.45618923611111106 0.017578125 0.034505208333333336
0 0.25400173611111104 0.7286718750000001 0.009904513888888763 0.027968749999999827
0 0.22342881944444454 0.797638888888889 0.005399305555555382 0.01125000000000003
0 0.4028385416666666 0.5874826388888889 0.01671875000000019 0.030729166666666745
0 0.4416927083333333 0.5102690972222221 0.012309027777777636 0.02013888888888873
0 0.4576128472222223 0.35110243055555557 0.006875000000000063 0.02302951388888906
0 0.4532725694444445 0.3796006944444444 0.009253472222222095 0.018125000000000096
0 0.7912847222222221 0.19634548611111116 0.01118055555555565 0.05944444444444446
0 0.7856423611111111 0.23018229166666673 0.005277777777777715 0.027873263888889
0 0.7863715277777779 0.2642013888888888 0.010564236111111173 0.032708333333333194
0 0.8004513888888888 0.03584201388888886 0.005729166666666983 0.021527777777777937
0 0.8012586805555557 0.014427083333333238 0.0065711805555553025 0.017065972222222097
0 0.8279947916666666 0.13857638888888898 0.0163194444444446 0.01984375000000011
0 0.8680729166666666 0.09932291666666673 0.00555555555555524 0.011163194444444555
0 0.7945920138888888 0.14125868055555557 0.010885416666666635 0.026744791666666618
0 0.7953211805555556 0.10749999999999993 0.00836805555555584 0.03901909722222206