0 0.1159461805555557 0.8684288194444443 0.03559895833333352 0.04157986111111119
0 0.08732638888888881 0.8817100694444444 0.039053819444444256 0.054236111111111124
0 0.062291666666666856 0.7223871527777779 0.01895833333333346 0.04420138888888895
0 0.09139756944444441 0.7430034722222223 0.033984374999999685 0.060815972222222174
0 0.07194444444444453 0.759140625 0.02071180555555527 0.03506944444444452
0 0.11726562500000012 0.8281076388888889 0.03237847222222238 0.05454861111111104
0 0.09022569444444449 0.9429861111111111 0.0334027777777774 0.06161458333333335
0 0.11694444444444427 0.9178993055555557 0.023107638888888796 0.05182291666666651
0 0.07855902777777778 0.9839409722222222 0.025173611111111112 0.03211805555555555
0 0.09937500000000002 0.8097309027777777 0.02632812499999994 0.0467100694444444
0 0.07599826388888904 0.8167013888888889 0.02264756944444457 0.06623263888888885
0 0.10708333333333345 0.7728645833333334 0.020668402777778126 0.025763888888888944
0 0.5286545138888891 0.8930555555555555 0.020954861111111396 0.04578124999999981
0 0.5230034722222222 0.9943576388888888 0.021701388888888888 0.011284722222222222
0 0.13671875 0.9904513888888888 0.018229166666666668 0.019097222222222224