0 0.9539930555555556 0.9791666666666666 0.043402777777777776 0.041666666666666664
0 0.9520225694444444 0.9516666666666667 0.031163194444444525 0.03753472222222203
0 0.9596440972222222 0.841484375 0.031258680555555744 0.07371527777777784
0 0.9313281250000001 0.7824305555555555 0.02815972222222227 0.047526041666666664
0 0.9519184027777777 0.7656597222222222 0.04509548611111095 0.07056423611111108
0 0.9690017361111111 0.54890625 0.03778645833333351 0.07831597222222225
0 0.9398003472222223 0.5447829861111111 0.02748263888888876 0.061831597222222236
0 0.9020138888888888 0.6151996527777778 0.05358506944444446 0.0844965277777777
0 0.9775868055555557 0.7223697916666666 0.028854166666666476 0.06526041666666672
0 0.9748350694444444 0.47711805555555553 0.037100694444444256 0.07625868055555547
0 0.968654513888889 0.42146701388888885 0.030225694444444586 0.05152777777777769
0 0.9346527777777778 0.44070312500000003 0.0528993055555556 0.06664062499999998
0 0.8621701388888889 0.47264756944444447 0.03710069444444445 0.03710069444444445
0 0.8377864583333333 0.7282118055555555 0.022673611111111016 0.04396701388888897
0 0.857361111111111 0.6705034722222222 0.03710069444444445 0.038472222222222165
0 0.8800347222222222 0.9250347222222223 0.037100694444444256 0.058394097222222205
0 0.9130121527777777 0.9700260416666667 0.019236111111110985 0.031597222222222304
0 0.9326562500000001 0.9199565972222222 0.014817708333333476 0.024557291666666634
0 0.918967013888889 0.940329861111111 0.019982638888888873 0.025399305555555744
0 0.9707552083333333 0.9185590277777779 0.011935763888888888 0.03577256944444448
0 0.8822743055555555 0.7158420138888889 0.011553819444444398 0.02372395833333327
0 0.8351041666666666 0.8029947916666667 0.010425347222222214 0.023368055555555618
0 0.8423263888888889 0.7948177083333333 0.019357638888888848 0.02123263888888892
0 0.9586805555555556 0.6238975694444444 0.016961805555555525 0.029244791666666714
0 0.8887239583333333 0.4765798611111111 0.01506076388888881 0.030303819444444515