0 0.4401041666666667 0.0030381944444444445 0.03298611111111111 0.006076388888888889
0 0.5060677083333334 0.05012152777777759 0.03099826388888892 0.06085069444444476
0 0.43203993055555556 0.10066840277777761 0.04008680555555541 0.05035590277777797
0 0.46984375 0.13940972222222214 0.02258680555555554 0.02917534722222194
0 0.4488541666666666 0.16351562499999991 0.03490451388888892 0.05150173611111105
0 0.3947569444444444 0.1513194444444446 0.01697048611111127 0.043993055555555806
0 0.4696180555555556 0.10718750000000002 0.030486111111111016 0.04123263888888889
0 0.4560850694444445 0.05270833333333316 0.015225694444444413 0.02624999999999981
0 0.475798611111111 0.035425347222222174 0.017413194444444398 0.029140624999999747
0 0.46675347222222224 0.08058159722222216 0.032673611111111 0.036076388888889234
0 0.7833854166666667 0.3783072916666666 0.014184027777777905 0.02986979166666654
0 0.8085850694444443 0.049322916666666806 0.020112847222222285 0.03433159722222238