0 0.1254340277777778 0.016493055555555556 0.04600694444444445 0.03298611111111111
0 0.11291666666666661 0.06033854166666666 0.037760416666666664 0.06994791666666661
0 0.09370659722222226 0.20780381944444454 0.017413194444444398 0.044409722222222094
0 0.12719618055555554 0.2574479166666666 0.040894097222222335 0.04250000000000003
0 0.10743055555555554 0.3112413194444444 0.030416666666666634 0.047690972222222267
0 0.12280381944444446 0.21105034722222232 0.030486111111111016 0.025989583333333382
0 0.13680555555555549 0.3286545138888888 0.011258680555555381 0.03598090277777762
0 0.11348958333333334 0.36423611111111104 0.06084201388888902 0.05269097222222206
0 0.11101562500000009 0.41556423611111115 0.031857638888888734 0.047135416666666825
0 0.09874131944444445 0.4508940972222223 0.03664930555555538 0.03725694444444451
0 0.10049479166666665 0.4896440972222222 0.02434895833333349 0.042786458333333305
0 0.13931423611111113 0.48848958333333337 0.019131944444444413 0.06697916666666653
0 0.12020833333333335 0.47578993055555546 0.024583333333333474 0.037369791666666825
0 0.135625 0.5760329861111111 0.02422743055555543 0.03218749999999994
0 0.3613107638888889 0.5958420138888889 0.011310763888889063 0.01641493055555543
0 0.33118055555555553 0.5509288194444445 0.02358506944444451 0.05106770833333327
0 0.31775173611111107 0.5034982638888889 0.013559027777777684 0.06507812499999982
0 0.3391319444444445 0.5084288194444445 0.026657986111111143 0.03158854166666655
0 0.3380729166666667 0.4823697916666667 0.03157118055555546 0.02866319444444443
0 0.32230034722222217 0.46279513888888896 0.017578125 0.02035590277777762
0 0.33302083333333343 0.44030381944444447 0.047604166666666795 0.048333333333333194
0 0.3321788194444445 0.39954861111111106 0.05022569444444455 0.06242187499999988
0 0.352421875 0.3605034722222222 0.015833333333333144 0.03702256944444452
0 0.31540798611111104 0.33020833333333344 0.022925347222222097 0.043932291666666776
0 0.34673611111111113 0.24802083333333336 0.019236111111110985 0.04228298611111114
0 0.3432638888888889 0.18842013888888884 0.010720486111111031 0.028046874999999954
0 0.5241666666666666 0.9263888888888887 0.01818576388888873 0.07663194444444422
0 0.5235503472222223 0.8530989583333333 0.01612847222222216 0.04754340277777816
0 0.5793663194444445 0.9150954861111111 0.016015624999999842 0.06883680555555571
0 0.5627690972222221 0.907248263888889 0.016519097222222397 0.035885416666666795
0 0.5664236111111111 0.6716059027777779 0.02957465277777792 0.055911458333333205
0 0.5303211805555557 0.7542274305555554 0.019001736111111 0.05437500000000009
0 0.5469097222222222 0.6300781249999999 0.03246527777777786 0.05091145833333341
0 0.57421875 0.3232118055555555 0.03039062500000019 0.04596354166666651
0 0.592421875 0.35750868055555546 0.03097222222222208 0.058793402777777795
0 0.5969444444444445 0.30194444444444435 0.03015624999999981 0.030538194444444302
0 0.5987413194444444 0.05809027777777784 0.03671875000000016 0.05139756944444448
0 0.5907118055555556 0.0008680555555555555 0.033854166666666664 0.001736111111111111
0 0.5959635416666667 0.020755208333333403 0.047717013888888715 0.03915798611111122
0 0.5616579861111111 0.4208333333333333 0.016345486111111047 0.023489583333333286
0 0.9695746527777777 0.7471354166666667 0.03857638888888854 0.056111111111111
0 0.9913194444444444 0.7239583333333334 0.017361111111111112 0.05555555555555555
0 0.9861111111111112 0.7035590277777778 0.027777777777777776 0.044270833333333336
0 0.948793402777778 0.6993055555555555 0.02631944444444419 0.04596354166666651
0 0.9317361111111112 0.6642708333333334 0.013585069444444129 0.04240451388888881
0 0.960876736111111 0.6734548611111111 0.045329861111111334 0.04691840277777794
0 0.9615364583333333 0.6281249999999999 0.03755208333333352 0.04929687499999997
0 0.9755121527777777 0.48678819444444443 0.029861111111110797 0.05799479166666662
0 0.9893315972222223 0.5238020833333334 0.016137152777777903 0.044548611111111254
0 0.9806163194444445 0.44640625 0.017118055555555775 0.03266493055555565
0 0.9213715277777779 0.3200347222222223 0.02926215277777781 0.05862847222222219
0 0.9584635416666667 0.3089409722222223 0.02719618055555549 0.04273437500000002
0 0.9602777777777776 0.24013888888888898 0.028680555555555525 0.05642361111111111
0 0.9539236111111111 0.3607378472222222 0.013324652777778093 0.02375868055555546
0 0.9633246527777778 0.41952256944444444 0.02508680555555524 0.017673611111111223
0 0.9947916666666666 0.6770833333333334 0.010416666666666666 0.03298611111111111
0 0.9969618055555556 0.7634548611111112 0.006076388888888889 0.03732638888888889
0 0.9262673611111111 0.6139843749999999 0.006440972222222285 0.04680555555555562
0 0.9344878472222224 0.24323784722222225 0.01338541666666673 0.022899305555555652