0 0.42644097222222244 0.8759548611111112 0.02544270833333368 0.039730902777777764
0 0.41185763888888893 0.7882465277777777 0.03273437500000003 0.06476562499999991
0 0.4399392361111111 0.7784982638888889 0.030703124999999904 0.06521701388888879
0 0.43548611111111096 0.6286024305555555 0.04741319444444435 0.0871961805555556
0 0.422109375 0.5395399305555555 0.05778645833333308 0.08219618055555561
0 0.4528559027777778 0.4217621527777778 0.04182291666666692 0.09039062499999989
0 0.42888020833333346 0.2673611111111111 0.04513888888888889 0.08116319444444445
0 0.46339409722222213 0.2866059027777778 0.033906250000000346 0.06486979166666668
0 0.6963454861111111 0.021215277777777777 0.026493055555555936 0.03309895833333334
0 0.7415538194444444 0.04411458333333333 0.037170138888888635 0.08572916666666668
0 0.6875173611111111 0.06530381944444445 0.05325520833333365 0.08254340277777777
0 0.7269270833333334 0.07714409722222222 0.04560763888888886 0.0942534722222222
0 0.695607638888889 0.14218750000000002 0.04672743055555549 0.08489583333333334
0 0.6941319444444444 0.22510416666666666 0.04741319444444435 0.06598958333333332
0 0.7265190972222221 0.31008680555555557 0.039001736111111365 0.06637152777777781
0 0.7292013888888889 0.37353298611111113 0.04105034722222219 0.06871527777777775
0 0.6615451388888888 0.5528211805555556 0.037760416666666664 0.07572916666666668
0 0.7214409722222221 0.6236631944444445 0.025434027777777937 0.039730902777777764
0 0.7131336805555557 0.84 0.01564236111111149 0.037300347222222245
0 0.7089149305555557 0.8707031249999999 0.032274305555555806 0.036059027777777745
0 0.7099479166666668 0.9158680555555555 0.059053819444444225 0.07067708333333339
0 0.681701388888889 0.9447482638888888 0.0347916666666666 0.038350694444444305
0 0.11282118055555539 0.8722829861111111 0.04161458333333298 0.10370659722222225
0 0.06163194444444445 0.9921875 0.06770833333333333 0.015625
0 0.058159722222222224 0.9713541666666666 0.07118055555555555 0.057291666666666664
0 0.05271701388888891 0.9162065972222222 0.060112847222222224 0.10569444444444463
0 0.11183159722222216 0.7764930555555556 0.046241319444444824 0.07861111111111106
0 0.10027777777777776 0.7246440972222222 0.049539930555555306 0.07927083333333328
0 0.10820312500000008 0.6315017361111112 0.060112847222222224 0.09776041666666657
0 0.08474826388888898 0.5271354166666666 0.04359375000000022 0.06869791666666675
0 0.11183159722222216 0.5056684027777778 0.031710069444444225 0.06671874999999991
0 0.08177951388888892 0.43002604166666664 0.029722222222222032 0.039635416666666735
0 0.07769965277777796 0.30930555555555556 0.00779513888888851 0.017456597222222234
0 0.06832465277777781 0.31106770833333336 0.0031423611111110164 0.011684027777777809
0 0.07352430555555539 0.30105902777777777 0.004513888888888731 0.009322916666666674
0 0.0914843749999999 0.40274305555555556 0.01281250000000019 0.018055555555555516
0 0.0729774305555557 0.3815798611111111 0.0067795138888892366 0.013307291666666702
0 0.06889756944444435 0.33056423611111113 0.007317708333333586 0.02066840277777773
0 0.0752951388888887 0.3275173611111111 0.004869791666666383 0.013697916666666643
0 0.08169270833333345 0.3057378472222222 0.012760416666666509 0.013532986111111138
0 0.03986979166666652 0.8304947916666667 0.02618055555555543 0.07879340277777776
0 0.44537326388888904 0.9120399305555557 0.009505208333333175 0.022994791666666476
0 0.3348524305555556 0.6147482638888889 0.01673611111111089 0.057699652777777805
0 0.7174305555555556 0.7119097222222223 0.006857638888888573 0.01655381944444439
0 0.7168229166666669 0.6513975694444444 0.012135416666666288 0.023263888888888848