0 0.006944444444444444 0.009114583333333334 0.013888888888888888 0.018229166666666668
0 0.34223958333333354 0.5964496527777777 0.04409722222222238 0.05237847222222235
0 0.3521180555555554 0.6393489583333333 0.02599826388888873 0.04538194444444462
0 0.3420572916666668 0.6693055555555555 0.048567708333333175 0.05688368055555573
0 0.3295659722222221 0.7046006944444445 0.044340277777777715 0.06684027777777778
0 0.3345833333333334 0.7511111111111111 0.04026909722222251 0.04944444444444448
0 0.29274305555555535 0.6725347222222222 0.009739583333333555 0.06583333333333347
0 0.3055555555555556 0.9887152777777778 0.043402777777777776 0.022569444444444444
0 0.3424479166666667 0.9943576388888888 0.013020833333333334 0.011284722222222222
0 0.2926215277777777 0.9283767361111109 0.008663194444444066 0.018559027777777872
0 0.3033333333333334 0.9274305555555556 0.021406249999999873 0.03243055555555527