0 0.3397309027777778 0.3456857638888889 0.04580729166666665 0.04568576388888898
0 0.32776041666666667 0.38863715277777783 0.030486111111111117 0.04933159722222216
0 0.29923611111111115 0.38970486111111113 0.023854166666666683 0.038185763888888696
0 0.30039930555555555 0.3460763888888889 0.02684027777777774 0.051111111111111204
0 0.37263888888888885 0.4293055555555555 0.02105902777777777 0.05641493055555537
0 0.3042447916666667 0.43394965277777786 0.03188368055555557 0.04712673611111108
0 0.3661371527777778 0.475703125 0.02696180555555551 0.04852430555555563
0 0.364140625 0.571640625 0.02563368055555553 0.0710416666666668
0 0.3049739583333333 0.5750607638888889 0.03467013888888884 0.049348958333333255
0 0.3077951388888889 0.6371788194444444 0.03698784722222223 0.05483506944444451
0 0.3251128472222222 0.29944444444444446 0.03319444444444445 0.02888888888888906
0 0.9389670138888889 0.22402777777777771 0.014678819444444317 0.02526909722222233
0 0.9439670138888889 0.16613715277777785 0.024201388888888984 0.041814236111111173