0 0.18484375000000006 0.3388020833333333 0.03322048611111149 0.09472222222222212
0 0.17383680555555575 0.24837673611111122 0.007803819444444255 0.07980034722222208
0 0.20300347222222234 0.39449652777777783 0.04383680555555555 0.06590277777777784
0 0.21685763888888904 0.40799479166666663 0.025781249999999842 0.05887152777777792
0 0.17132812499999991 0.46719618055555556 0.01693576388888908 0.0717534722222221
0 0.20758680555555545 0.5150781249999999 0.03286458333333305 0.05883680555555573
0 0.1796875 0.5553038194444445 0.025937500000000096 0.0666059027777778
0 0.20685763888888906 0.5681597222222222 0.028411458333332956 0.05173611111111103
0 0.20959201388888873 0.6240798611111111 0.02101562500000003 0.051744791666666776
0 0.19167534722222218 0.6559201388888888 0.038975694444444126 0.05496527777777792
0 0.1974131944444445 0.6982812500000001 0.03572916666666654 0.07124131944444459
0 0.1944184027777776 0.75328125 0.028211805555555556 0.03970486111111092
0 0.49263888888888885 0.749001736111111 0.019470486111111365 0.07352430555555539
0 0.4260503472222222 0.7845659722222224 0.030564236111111143 0.06450520833333348
0 0.4344097222222223 0.7300694444444444 0.025277777777777684 0.04156250000000009
0 0.42837673611111093 0.6902430555555557 0.03480034722222235 0.059774305555555664
0 0.41420138888888874 0.650390625 0.01446180555555543 0.039114583333333286
0 0.41348958333333347 0.6047916666666667 0.0138715277777774 0.04914930555555546
0 0.41158854166666675 0.5677083333333334 0.01429687500000022 0.04163194444444448
0 0.42108506944444457 0.5595572916666666 0.01818576388888873 0.03793402777777762
0 0.4173697916666666 0.47907986111111117 0.018255208333333113 0.05842013888888905
0 0.4305295138888887 0.4749392361111112 0.019539930555555744 0.032534722222222236
0 0.42635416666666653 0.5101215277777779 0.018611111111110763 0.038098958333333224
0 0.48462673611111107 0.5872482638888888 0.025381944444444256 0.05878472222222205
0 0.4754774305555556 0.6555034722222223 0.02816840277777762 0.06537326388888884
0 0.4990538194444443 0.6762065972222222 0.014939236111111143 0.07472222222222216
0 0.4469357638888888 0.3446961805555555 0.03480902777777809 0.053706597222222124
0 0.46789062500000017 0.2910763888888888 0.024114583333333113 0.053611111111111304
0 0.8111718749999999 0.29631076388888883 0.03040798611111089 0.07480034722222229
0 0.8243663194444445 0.2974218750000001 0.01515625000000003 0.031701388888888876
0 0.8096614583333334 0.3644270833333333 0.025381944444444256 0.05119791666666668
0 0.81984375 0.46841145833333325 0.03096354166666673 0.05683159722222205
0 0.7989843749999999 0.4819270833333334 0.026024305555555176 0.047074652777777795
0 0.8148958333333335 0.51890625 0.02370659722222257 0.030694444444444555
0 0.8126128472222223 0.547873263888889 0.023697916666666825 0.019079861111111127
0 0.8228125000000001 0.5719791666666667 0.028663194444444824 0.03744791666666655
0 0.811015625 0.5884201388888888 0.033289930555555874 0.047395833333333255
0 0.7887934027777779 0.5791493055555557 0.014435763888888984 0.06402777777777796
0 0.7890364583333331 0.6386197916666667 0.016519097222222 0.06008680555555538