0 0.009114583333333334 0.4162326388888889 0.018229166666666668 0.044270833333333336
0 0.019123263888888867 0.49481770833333333 0.03131944444444438 0.05292534722222205
0 0.5447048611111112 0.9926215277777778 0.0234375 0.014756944444444444
0 0.5798611111111112 0.9939236111111112 0.03125 0.012152777777777778
0 0.5926649305555556 0.9638281249999999 0.01874999999999992 0.056258680555555905
0 0.5703125 0.970234375 0.026545138888888827 0.03551215277777765
0 0.5822569444444444 0.9346180555555554 0.020503472222222128 0.042065972222222255
0 0.5603732638888889 0.9152430555555556 0.035277777777777665 0.06128472222222254
0 0.5915538194444445 0.8951475694444445 0.016397569444444333 0.06302951388888861
0 0.7804600694444446 0.2174739583333333 0.013394097222222278 0.01804687499999997
0 0.7791059027777779 0.23602430555555565 0.009670138888888976 0.014374999999999952
0 0.8009982638888888 0.2207378472222222 0.00815104166666695 0.027604166666666825