0 0.4105902777777778 0.013454861111111112 0.03125 0.026909722222222224
0 0.4179079861111112 0.059244791666666664 0.02603298611111092 0.042656250000000284
0 0.7372482638888889 0.14157118055555568 0.02602430555555557 0.05103298611111108
0 0.7507204861111111 0.12588541666666664 0.023524305555555475 0.05703124999999984
0 0.9852430555555556 0.12369791666666667 0.029513888888888888 0.059895833333333336
0 0.9861111111111112 0.3385416666666667 0.027777777777777776 0.04861111111111111
0 0.93140625 0.24389756944444427 0.009921875000000253 0.04750000000000022
0 0.9813368055555556 0.5047743055555556 0.03732638888888889 0.08246527777777778
0 0.9969618055555556 0.5138888888888888 0.006076388888888889 0.0642361111111111
0 0.9415277777777776 0.5051736111111111 0.014991319444444824 0.030104166666666918
0 0.7516406250000001 0.03207465277777762 0.0106423611111113 0.04283854166666698
0 0.46157118055555557 0.010295138888889 0.010520833333333238 0.01585937500000038