0 0.3888888888888889 0.009548611111111112 0.057291666666666664 0.019097222222222224
0 0.3355034722222222 0.04470486111111111 0.049479166666666664 0.08940972222222222
0 0.3888281250000001 0.05890625000000011 0.04827256944444455 0.07095486111111092
0 0.4296875 0.036458333333333336 0.029513888888888888 0.07291666666666667
0 0.2903645833333333 0.197795138888889 0.029835069444444348 0.0651649305555553
0 0.39919270833333326 0.33269965277777774 0.012760416666666509 0.03189236111111092
0 0.4104861111111112 0.37276909722222207 0.008142361111111206 0.034001736111111173
0 0.42796875 0.19697916666666673 0.01001736111111108 0.03355034722222191
0 0.30868055555555546 0.322560763888889 0.011423611111110985 0.0234375
0 0.39407986111111115 0.41428819444444465 0.01037326388888873 0.02813368055555543
0 0.3968663194444445 0.38802951388888907 0.017838541666666825 0.023263888888889046
0 0.418828125 0.11316840277777768 0.00860243055555543 0.024722222222221844
0 0.3008333333333333 0.05706597222222203 0.02195312499999997 0.07837673611111108
0 0.8498611111111111 0.18254340277777775 0.045182291666666825 0.07942708333333333
0 0.35169270833333344 0.13453993055555535 0.010659722222222397 0.02446180555555581
0 0.2969878472222223 0.13024305555555551 0.02541666666666684 0.062413194444444126
0 0.2855989583333333 0.3120833333333333 0.0061458333333332706 0.020190972222222412
0 0.7491059027777778 0.5135763888888888 0.010529513888888984 0.02358506944444451
0 0.7568489583333334 0.5907812499999999 0.008810763888888969 0.02071180555555527
0 0.7322135416666666 0.7241319444444443 0.01586805555555573 0.033090277777777684
0 0.7279861111111112 0.7631770833333332 0.01055555555555543 0.023541666666666572
0 0.8205034722222221 0.7119878472222223 0.006223958333333396 0.02446180555555581
0 0.8060677083333334 0.6947743055555556 0.009435763888888794 0.021328124999999747
0 0.8096701388888887 0.6687500000000001 0.007248263888889205 0.020147569444444475
0 0.833220486111111 0.6462934027777779 0.00582465277777781 0.030008680555555303
0 0.8211718749999998 0.3367361111111112 0.009913194444444507 0.017335069444444667
0 0.7315885416666666 0.1351649305555556 0.008359375000000094 0.05866319444444438
0 0.8650173611111112 0.001736111111111111 0.0234375 0.003472222222222222