0 0.7178645833333334 0.14422743055555565 0.051232638888888876 0.06083333333333327
0 0.7562760416666667 0.05383680555555554 0.020755208333333403 0.051901041666666634
0 0.7508680555555556 0.002170138888888889 0.034722222222222224 0.004340277777777778
0 0.7404774305555555 0.022795138888888882 0.013055555555555523 0.022786458333333332
0 0.7206857638888889 0.034001736111111173 0.015989583333333397 0.02422743055555543
0 0.7359201388888889 0.0703298611111111 0.008749999999999937 0.019583333333333286
0 0.7233854166666667 0.0772309027777778 0.013663194444444452 0.023446180555555744
0 0.7178993055555556 0.19914062500000007 0.013315972222222151 0.027682291666666557
0 0.7028559027777779 0.19530381944444444 0.012352430555555571 0.023871527777777776
0 0.7418489583333333 0.2553472222222223 0.012500000000000079 0.018645833333333348
0 0.7615277777777778 0.21672743055555563 0.02038194444444446 0.04243055555555565
0 0.7254079861111111 0.26928819444444446 0.011553819444444398 0.01726562499999989
0 0.7083246527777778 0.266388888888889 0.011137152777777715 0.018645833333333348
0 0.7164409722222222 0.2838020833333334 0.009071180555555594 0.0188368055555554
0 0.6830555555555555 0.33654513888888893 0.01360243055555562 0.02603298611111092
0 0.6863628472222223 0.31023437500000006 0.011588541666666587 0.0234375
0 0.720859375 0.31236111111111103 0.016024305555555587 0.03327256944444438
0 0.7412152777777777 0.3520746527777777 0.00866319444444446 0.023428819444444256
0 0.7258680555555556 0.3458680555555556 0.014687500000000063 0.03316840277777781
0 0.7120399305555556 0.3309375 0.007786458333333357 0.015668402777777937
0 0.6970659722222222 0.4238454861111111 0.008836805555555612 0.01833333333333324
0 0.701111111111111 0.4843923611111111 0.009461805555555635 0.01867187500000019
0 0.7156336805555555 0.4910329861111112 0.008020833333333342 0.018732638888888827
0 0.6726996527777778 0.39940104166666657 0.008984374999999921 0.024236111111111173
0 0.7365017361111111 0.4105208333333334 0.007300347222222293 0.017751736111110954
0 0.7224305555555556 0.4069791666666666 0.009652777777777684 0.019722222222222047
0 0.7245052083333333 0.47907118055555564 0.006189236111111206 0.01600694444444449
0 0.6849392361111111 0.3998003472222222 0.011232638888888936 0.023975694444444348
0 0.7053385416666667 0.3551041666666666 0.01885416666666669 0.029826388888889
0 0.702248263888889 0.3921354166666667 0.0143836805555555 0.02728298611111097
0 0.6933420138888889 0.3472916666666666 0.007196180555555524 0.018984374999999904
0 0.7034461805555555 0.2937934027777778 0.010390625000000023 0.017847222222222174
0 0.7017447916666666 0.32696180555555565 0.013862847222222245 0.02514756944444427
0 0.7025607638888889 0.30536458333333333 0.013914930555555531 0.018116319444444348
0 0.6754947916666666 0.22524305555555557 0.007656249999999944 0.017482638888888777
0 0.7571875 0.1662326388888889 0.014687500000000063 0.027795138888888873
0 0.65140625 0.22118923611111108 0.006024305555555603 0.017204861111111254
0 0.6790972222222222 0.03540798611111108 0.0081597222222223 0.01360243055555562