0 0.16635416666666675 0.06232638888888885 0.046527777777777696 0.07589409722222208
0 0.20197048611111118 0.053871527777777733 0.027083333333333175 0.06953124999999992
0 0.1066927083333334 0.15815972222222227 0.06333333333333337 0.0737065972222221
0 0.13822916666666668 0.19627604166666657 0.046753472222222335 0.04609374999999992
0 0.19369791666666675 0.11240451388888889 0.03491319444444427 0.07879340277777776
0 0.1393489583333333 0.11628472222222225 0.08073784722222241 0.06509548611111092
0 0.12569444444444441 0.3718402777777777 0.038394097222222236 0.053888888888888827
0 0.0649826388888888 0.47594618055555554 0.045269097222222304 0.07435763888888876
0 0.10620659722222214 0.43438368055555565 0.051979166666666764 0.06649305555555547
0 0.10573784722222218 0.547734375 0.07592013888888892 0.07218749999999988
0 0.10783854166666668 0.6033593749999999 0.045694444444444336 0.055138888888888876
0 0.06305555555555564 0.6350434027777777 0.039713541666666664 0.06745659722222225
0 0.10146701388888897 0.6653732638888888 0.04498263888888903 0.06571180555555539
0 0.14303819444444443 0.6653298611111111 0.03187499999999983 0.049965277777777733
0 0.06947048611111109 0.7110416666666666 0.04267361111111098 0.0696006944444443
0 0.12268229166666661 0.797638888888889 0.07522569444444432 0.08203993055555575
0 0.05651041666666659 0.8687500000000001 0.035590277777777776 0.06376736111111114
0 0.17122395833333334 0.8774392361111111 0.023020833333333317 0.11804687499999982
0 0.04148437499999997 0.9284548611111111 0.02618055555555543 0.06026041666666673
0 0.38739583333333333 0.6568315972222223 0.053402777777777764 0.0687065972222223
0 0.3678385416666667 0.7690451388888889 0.04184027777777762 0.06029513888888892
0 0.6861979166666666 0.9817708333333334 0.030381944444444444 0.036458333333333336
0 0.6354166666666666 0.9600694444444444 0.020833333333333332 0.0798611111111111
0 0.6621180555555556 0.9269357638888889 0.02710069444444427 0.055807291666666634
0 0.692404513888889 0.8509114583333334 0.017934027777777653 0.05411458333333346
0 0.8919270833333334 0.044270833333333336 0.05642361111111111 0.08854166666666667
0 0.16666666666666666 0.008680555555555556 0.024305555555555556 0.017361111111111112