0 0.16859374999999982 0.9659548611111113 0.05225694444444429 0.06808159722222247
0 0.12807291666666665 0.8388107638888889 0.03677083333333305 0.05881944444444463
0 0.053385416666666664 0.9341145833333333 0.028906250000000158 0.06479166666666696
0 0.5637065972222222 0.09368923611111096 0.040086805555555806 0.06118923611111092
0 0.19157986111111094 0.8941840277777777 0.030564236111111143 0.04925347222222203
0 0.06848090277777767 0.8530208333333332 0.008741319444444192 0.023732638888889015
0 0.5399826388888889 0.057161458333333255 0.04947048611111092 0.05823784722222235
0 0.5659722222222222 0.004340277777777778 0.019097222222222224 0.008680555555555556
0 0.06962673611111114 0.9719531250000001 0.03986979166666692 0.05609374999999991
0 0.04210069444444445 0.9917534722222222 0.013020833333333334 0.016493055555555556
0 0.5943749999999999 0.021250000000000015 0.01256076388888911 0.027230902777777684