0 0.37546006944444443 0.5551475694444444 0.02453993055555554 0.04192708333333349
0 0.39001736111111107 0.46829861111111115 0.013342013888888794 0.02802083333333351
0 0.37057291666666675 0.44355034722222225 0.019991319444444617 0.04124999999999998
0 0.34735243055555565 0.3047048611111111 0.01984375000000011 0.03386284722222241
0 0.34122395833333324 0.20655381944444448 0.019548611111111096 0.044392361111111
0 0.40379340277777787 0.17540798611111105 0.022222222222222143 0.028402777777777603
0 0.4057725694444445 0.20609375000000008 0.022352430555555556 0.02819444444444446
0 0.41756944444444444 0.19721354166666671 0.019661458333333413 0.030199652777777745
0 0.3569097222222223 0.09845486111111118 0.023767361111111204 0.04027777777777786
0 0.33203993055555553 0.1449131944444445 0.011631944444444523 0.04656249999999989
0 0.7667708333333333 0.6085677083333333 0.017152777777777968 0.028550347222222112
0 0.7465364583333334 0.5695052083333333 0.005060763888888826 0.014644097222222128
0 0.7628472222222222 0.7203298611111111 0.022005208333333255 0.03328125000000012
0 0.7610243055555556 0.7496006944444444 0.019730902777777795 0.024661458333333205
0 0.7797309027777778 0.781779513888889 0.01592881944444456 0.02825520833333349
0 0.7503819444444445 0.8350520833333334 0.013489583333333301 0.021545138888888635
0 0.7651649305555556 0.8481944444444444 0.013689236111111095 0.023854166666666288
0 0.7870052083333334 0.8895659722222224 0.01555555555555562 0.03424479166666651
0 0.7093142361111112 0.8735069444444447 0.01200520833333327 0.030503472222222508
0 0.7496354166666666 0.917907986111111 0.014991319444444429 0.02596354166666654
0 0.7416059027777777 0.9381076388888887 0.010138888888888746 0.02399305555555584
0 0.7505295138888888 0.9522135416666665 0.01906250000000003 0.0271440972222226
0 0.7039409722222223 0.9585243055555553 0.01320312500000003 0.023567708333333017
0 0.6940104166666666 0.9813368055555556 0.014756944444444444 0.03732638888888889
0 0.9956597222222222 0.9184027777777778 0.008680555555555556 0.026041666666666668