0 0.0546875 0.003472222222222222 0.012152777777777778 0.006944444444444444
0 0.059184027777777835 0.06032118055555556 0.021562500000000127 0.041197916666666695
0 0.051918402777777733 0.1799652777777777 0.04157986111111119 0.055824652777777733
0 0.006076388888888889 0.23524305555555555 0.012152777777777778 0.03993055555555555
0 0.05986979166666669 0.26185763888888897 0.03007812500000008 0.04757812499999995
0 0.049947916666666634 0.3165711805555556 0.05496527777777792 0.04252604166666648
0 0.05980034722222231 0.42248263888888893 0.040755208333333175 0.04434895833333346
0 0.009548611111111112 0.4383680555555556 0.019097222222222224 0.0763888888888889
0 0.05186631944444445 0.6547309027777778 0.03305555555555549 0.04230902777777759
0 0.07664062499999996 0.6570920138888889 0.023567708333333413 0.04388020833333349
0 0.05430555555555551 0.6965190972222223 0.03604166666666665 0.034357638888888827
0 0.024843749999999904 0.6937413194444445 0.026015624999999827 0.044123263888888827
0 0.022812499999999975 0.8580208333333333 0.025182291666666856 0.042065972222222255
0 0.7907986111111112 0.022569444444444444 0.034722222222222224 0.04513888888888889
0 0.8073611111111111 0.05467881944444445 0.03943576388888914 0.06544270833333322
0 0.8351649305555556 0.06280381944444437 0.02355902777777806 0.04196180555555568
0 0.8537239583333331 0.11623263888888896 0.025286458333333428 0.048567708333333175
0 0.8202256944444445 0.11433159722222225 0.03628472222222238 0.05380208333333335
0 0.7925 0.1081510416666666 0.018446180555555556 0.04594618055555541
0 0.7746701388888889 0.17210069444444442 0.021614583333333215 0.058246527777777696
0 0.8103819444444444 0.1614322916666667 0.025260416666666983 0.03691840277777795
0 0.8101996527777777 0.2031597222222222 0.011171874999999906 0.022838541666666618
0 0.8685677083333334 0.21029513888888887 0.021562500000000127 0.04252604166666648
0 0.8069965277777776 0.28561631944444443 0.021241319444444667 0.033315972222222316
0 0.7950781249999999 0.3134288194444444 0.022690972222222508 0.041979166666666776
0 0.8433333333333333 0.2924739583333334 0.020763888888888953 0.03618923611111116
0 0.8785416666666666 0.32368055555555564 0.015329861111110985 0.03447916666666649
0 0.8855034722222221 0.3666579861111112 0.0086892361111113 0.049340277777777906
0 0.7688454861111111 0.34968749999999993 0.01448784722222227 0.0720486111111111
0 0.032074652777777816 0.7948784722222221 0.025373263888888904 0.04574652777777762
0 0.873515625 0.28186631944444446 0.011041666666666887 0.022230902777777888
0 0.8634722222222221 0.25702256944444435 0.009913194444444507 0.024383680555555683
0 0.8703732638888889 0.06488715277777778 0.004661458333333239 0.018723958333333474
0 0.01932291666666666 0.7784288194444444 0.022144097222222412 0.04538194444444442
0 0.03317708333333336 0.6330555555555555 0.013098958333333459 0.02710069444444427