0 0.26919270833333325 0.5111284722222224 0.0202256944444446 0.03162326388888914
0 0.26731770833333335 0.5367795138888888 0.0237847222222223 0.024861111111111396
0 0.28893229166666656 0.5178819444444444 0.02340277777777781 0.034748263888888666
0 0.33917534722222226 0.4625607638888888 0.019019097222222097 0.03317708333333355
0 0.37480902777777775 0.3299826388888888 0.02177083333333327 0.02643229166666651
0 0.8886545138888889 0.8050607638888887 0.03069444444444416 0.0650000000000001
0 0.8162065972222222 0.9160329861111111 0.026041666666666668 0.059696180555555936
0 0.7960156250000002 0.8886284722222221 0.015538194444444129 0.038654513888888666
0 0.7930381944444443 0.9185590277777776 0.013802083333333017 0.0326388888888892
0 0.8399305555555555 0.6677517361111112 0.01567708333333368 0.04911458333333327
0 0.9615104166666666 0.1003559027777779 0.03329861111111083 0.030624999999999777
0 0.9699565972222222 0.07059027777777792 0.02835937500000006 0.037743055555555176