0 0.7734375 0.9995659722222222 0.017361111111111112 0.0008680555555555555
0 0.7760416666666666 0.9878472222222222 0.022569444444444444 0.024305555555555556
0 0.8067534722222223 0.9277170138888889 0.02530381944444413 0.0553819444444446
0 0.7738454861111114 0.9449392361111111 0.022274305555555627 0.04082465277777795
0 0.7730468749999999 0.9080555555555555 0.023237847222222205 0.03846354166666662
0 0.8234722222222222 0.8686458333333333 0.01843749999999981 0.02719618055555549
0 0.7702083333333333 0.8309461805555556 0.018611111111111158 0.04185763888888891
0 0.8378472222222221 0.9036197916666667 0.016953124999999777 0.05145833333333351
0 0.8234895833333332 0.7712065972222222 0.014887152777777461 0.03615451388888897
0 0.8039930555555554 0.7818923611111112 0.024626736111111016 0.042786458333333305
0 0.7757552083333334 0.8034982638888889 0.03278645833333352 0.03368923611111106
0 0.8357118055555554 0.7977777777777777 0.0158072916666667 0.03779513888888886
0 0.8182899305555557 0.8064670138888889 0.017048611111111396 0.026180555555555627
0 0.8148177083333334 0.8806770833333333 0.01138020833333305 0.022187499999999954
0 0.7691927083333332 0.7482291666666667 0.010737847222222128 0.0259201388888888
0 0.7824218749999999 0.8595399305555556 0.015789930555555404 0.02453993055555554
0 0.8017621527777778 0.840078125 0.0280381944444446 0.05453993055555549
0 0.8255208333333334 0.9917534722222222 0.022569444444444444 0.016493055555555556
0 0.7938368055555556 0.9982638888888888 0.030381944444444444 0.003472222222222222
0 0.7651215277777779 0.9740972222222223 0.009774305555555744 0.03543402777777792
0 0.7797482638888888 0.8430902777777778 0.02368923611111108 0.020251736111111047
0 0.7675607638888889 0.7652777777777778 0.008211805555555587 0.01761284722222219