0 0.25822048611111115 0.8685763888888888 0.01906250000000003 0.046614583333333175
0 0.2718142361111112 0.6433767361111111 0.01981770833333327 0.05421006944444429
0 0.2379687500000001 0.40811631944444454 0.03229166666666651 0.060434027777777684
0 0.17164930555555558 0.29212673611111106 0.019053819444444287 0.04423611111111114
0 0.2127083333333333 0.2719097222222222 0.04124999999999998 0.028611111111111143
0 0.20115451388888891 0.28142361111111114 0.01745659722222233 0.02579861111111094
0 0.2132899305555556 0.2428645833333333 0.02643229166666651 0.03014756944444446
0 0.23461805555555554 0.2333506944444444 0.019618055555555475 0.02384548611111094
0 0.24529513888888882 0.19340277777777773 0.04354166666666654 0.057439236111111173
0 0.28633680555555546 0.17317708333333334 0.015963541666666557 0.05634548611111098
0 0.1612152777777778 0.1404079861111111 0.029739583333333524 0.0699999999999999
0 0.1799045138888889 0.09352430555555556 0.04033854166666649 0.04507812499999986
0 0.22790798611111107 0.0777951388888888 0.03092881944444454 0.04712673611111108
0 0.26625868055555557 0.035668402777777705 0.019791666666666825 0.04132812500000011
0 0.2552083333333333 0.011284722222222222 0.050347222222222224 0.022569444444444444
0 0.6128298611111112 0.20216145833333343 0.020190972222222412 0.03759548611111106
0 0.5930381944444445 0.20379340277777777 0.01515625000000003 0.025815972222222032
0 0.9917534722222222 0.10199652777777778 0.016493055555555556 0.09809027777777778
0 0.908498263888889 0.1485850694444445 0.010147569444444096 0.023446180555555744
0 0.9904513888888888 0.03428819444444445 0.019097222222222224 0.042534722222222224
0 0.96875 0.019097222222222224 0.034722222222222224 0.03819444444444445
0 0.9956597222222222 0.013020833333333334 0.008680555555555556 0.026041666666666668
0 0.5529513888888888 0.007378472222222222 0.019097222222222224 0.014756944444444444
0 0.5539322916666668 0.026545138888888827 0.014114583333333522 0.018020833333333524
0 0.6089149305555556 0.10437500000000001 0.010173611111110937 0.01671875000000019
0 0.9083333333333334 0.18851562500000008 0.008142361111111206 0.02230034722222227
0 0.9121180555555557 0.03258680555555552 0.00670138888888911 0.02123263888888892
0 0.5882725694444445 0.08720486111111114 0.012378472222222412 0.02039062499999981
0 0.19021701388888898 0.35330729166666663 0.0120659722222223 0.01928819444444427
0 0.26076388888888896 0.4930642361111111 0.0069357638888887 0.017144097222222224
0 0.22721354166666666 0.6611805555555557 0.010494791666666793 0.022630208333333474
0 0.23148437500000008 0.7105034722222222 0.011388888888888794 0.018229166666666668
0 0.17659722222222227 0.895295138888889 0.012222222222222159 0.01848958333333349
0 0.5911458333333334 0.9956597222222222 0.008680555555555556 0.008680555555555556
0 0.14459201388888884 0.17532986111111112 0.015894097222222174 0.035911458333333236