0 0.4509722222222222 0.10938368055555554 0.012951388888888951 0.03936631944444437
0 0.45358506944444443 0.1867708333333334 0.011857638888888763 0.03396701388888898
0 0.504861111111111 0.20835937499999999 0.01394965277777792 0.022022569444444348
0 0.49053819444444435 0.18828993055555562 0.030659722222222366 0.05250868055555537
0 0.5172569444444446 0.2264149305555555 0.013489583333333301 0.02828124999999994
0 0.5351996527777777 0.2306336805555556 0.017803819444444632 0.048776041666666714
0 0.48135416666666664 0.25842013888888893 0.03755208333333352 0.05154513888888898
0 0.4832204861111112 0.30610243055555564 0.02693576388888906 0.022317708333333366
0 0.5029166666666666 0.3365277777777778 0.019791666666666825 0.03164930555555559
0 0.4822743055555555 0.3504166666666667 0.025616319444444632 0.04149305555555571
0 0.4889322916666667 0.4573090277777777 0.022855902777777715 0.04572916666666652
0 0.5055295138888888 0.4717447916666667 0.034661458333333194 0.03046006944444457
0 0.4984895833333333 0.5012934027777778 0.029913194444444475 0.03953993055555571
0 0.47501736111111115 0.5140104166666668 0.034635416666666745 0.04717881944444437
0 0.4939583333333333 0.5868663194444443 0.028880208333333317 0.059123263888889
0 0.47375 0.5988888888888889 0.022925347222222097 0.06709201388888886
0 0.4744965277777777 0.7409201388888889 0.02154513888888903 0.06467881944444463
0 0.520529513888889 0.830138888888889 0.0355208333333334 0.051935763888888827
0 0.5172048611111111 0.8672222222222222 0.012456597222222143 0.025451388888888635
0 0.4936979166666667 0.8552864583333333 0.02492187500000003 0.03793402777777762
0 0.49714409722222225 0.8901649305555553 0.020998263888888938 0.03411458333333349
0 0.5393836805555554 0.8129079861111109 0.012300347222222285 0.014670138888888573
0 0.5132986111111111 0.9321527777777779 0.025651041666666825 0.050026041666666764
0 0.5438368055555556 0.9436284722222221 0.041857638888888715 0.08217881944444451
0 0.5410243055555556 0.8717447916666666 0.03944444444444449 0.05831597222222248
0 0.9601041666666666 0.8777951388888887 0.028411458333332956 0.06331597222222188
0 0.9095225694444444 0.8528819444444444 0.014348958333333113 0.026961805555555902
0 0.9165277777777779 0.7813888888888888 0.04022569444444457 0.07083333333333346
0 0.9262239583333335 0.7492447916666668 0.055659722222222124 0.06750868055555574
0 0.9397569444444444 0.7267187500000001 0.049479166666666664 0.06758680555555567
0 0.9541666666666665 0.7115885416666666 0.037118055555555744 0.05791666666666649
0 0.9331944444444444 0.5739322916666667 0.03158854166666695 0.04944444444444448
0 0.9679079861111113 0.577890625 0.023281249999999747 0.050329861111111124
0 0.9626736111111112 0.002170138888888889 0.03298611111111111 0.004340277777777778
0 0.9154600694444446 0.044088541666666634 0.02146701388888851 0.044401041666666745