0 0.1808420138888889 0.4399826388888889 0.07744791666666664 0.13643229166666673
0 0.167265625 0.6216145833333333 0.05269965277777776 0.08849826388888893
0 0.2763975694444445 0.7703125 0.030494791666666663 0.056440972222222205
0 0.17940972222222223 0.7770399305555555 0.045720486111111125 0.07952256944444436
0 0.20046875 0.8494270833333333 0.08289062500000001 0.09793402777777792
0 0.1898871527777778 0.9089236111111111 0.06557291666666663 0.06310763888888873
0 0.2105034722222222 0.9713541666666666 0.08072916666666667 0.057291666666666664
0 0.52390625 0.6801302083333334 0.06861979166666662 0.1237586805555555
0 0.47269097222222217 0.46019965277777775 0.05276041666666664 0.11675347222222222
0 0.5034809027777778 0.45806423611111113 0.06841145833333329 0.0847135416666666
0 0.5900347222222222 0.49920138888888893 0.048246527777777715 0.0985503472222222