0 0.16190104166666666 0.2587239583333335 0.03500868055555549 0.05907118055555571
0 0.15797743055555558 0.19822048611111104 0.04157118055555545 0.05875000000000025
0 0.10285590277777779 0.1672222222222221 0.01985243055555546 0.023836805555555587
0 0.10014756944444435 0.13088541666666684 0.01593750000000011 0.06120659722222241
0 0.11829861111111109 0.13915798611111108 0.03015624999999981 0.03877604166666673
0 0.1495138888888889 0.023567708333333413 0.02566840277777792 0.02789930555555584
0 0.13148437500000001 0.0246961805555554 0.028402777777777603 0.04195312499999994
0 0.47664930555555546 0.034565972222222366 0.019626736111111223 0.03336805555555521
0 0.46039930555555564 0.08656249999999982 0.013524305555555493 0.029843750000000096
0 0.7478125 0.27897569444444453 0.02120659722222208 0.04517361111111108
0 0.7466232638888888 0.24082465277777765 0.016892361111111143 0.023593750000000253
0 0.7374565972222222 0.30511284722222204 0.016241319444444475 0.031310763888888635