0 0.6344270833333333 0.10077256944444438 0.026189236111111173 0.046284722222222366
0 0.6552170138888889 0.21230034722222216 0.028038194444444404 0.09317708333333347
0 0.6346267361111111 0.25773437500000007 0.017317708333333372 0.02775173611111094
0 0.6113107638888889 0.35435763888888894 0.02897569444444454 0.046163194444444305
0 0.5537673611111111 0.37442708333333324 0.021171875000000086 0.034644097222222094
0 0.6339583333333334 0.4850868055555555 0.05572048611111116 0.08379340277777796
0 0.6374045138888889 0.5543576388888888 0.048637152777777755 0.08760416666666673
0 0.6327690972222223 0.4277951388888888 0.04539062499999997 0.06060763888888903
0 0.5582725694444445 0.5298611111111112 0.03546874999999991 0.05412326388888881
0 0.5398003472222223 0.4784548611111112 0.01839409722222227 0.030798611111111127
0 0.5404600694444445 0.610251736111111 0.05414930555555565 0.0837847222222222
0 0.5991319444444445 0.6615711805555556 0.05896701388888895 0.09304687500000004
0 0.5671440972222223 0.8309288194444444 0.05586805555555547 0.09467013888888924
0 0.6097222222222222 0.7232291666666667 0.0681770833333333 0.046163194444444305
0 0.5267534722222222 0.8180729166666667 0.020112847222222285 0.03453124999999978