0 0.9029513888888889 0.14316840277777784 0.03648437500000017 0.08769965277777796
0 0.9400868055555556 0.5096875000000001 0.06241319444444452 0.05797743055555552
0 0.9361111111111112 0.5614409722222222 0.05507812499999984 0.05263888888888878
0 0.9317100694444443 0.6651996527777777 0.01999999999999997 0.035486111111111204
0 0.904921875 0.7403385416666666 0.035486111111111204 0.0683420138888889
0 0.946796875 0.8145920138888888 0.03537326388888889 0.05896701388888914
0 0.9008680555555555 0.8546006944444444 0.061918402777777715 0.06893229166666653
0 0.8571614583333333 0.9126215277777779 0.03273437500000003 0.05669270833333368
0 0.8735416666666667 0.8678124999999999 0.022065972222222285 0.042074652777778
0 0.9067013888888888 0.9158680555555555 0.06949652777777773 0.06113715277777803
0 0.8537326388888888 0.9895833333333334 0.026909722222222224 0.020833333333333332
0 0.8980034722222222 0.9700520833333334 0.07378472222222222 0.059895833333333336
0 0.8927951388888888 0.9956597222222222 0.06510416666666667 0.008680555555555556
0 0.9878472222222222 0.4396701388888889 0.024305555555555556 0.058159722222222224
0 0.9956597222222222 0.3793402777777778 0.008680555555555556 0.06597222222222222
0 0.9855729166666668 0.31433159722222215 0.02552951388888876 0.023081597222222347
0 0.9042534722222223 0.6385243055555555 0.015407986111111112 0.03260416666666662
0 0.8508420138888888 0.8604861111111113 0.01278645833333335 0.037821180555555306