0 0.6299652777777778 0.07404513888888885 0.026684027777777588 0.056848958333333144
0 0.600373263888889 0.09819444444444435 0.043498263888889 0.04615451388888895
0 0.6167708333333333 0.1724045138888888 0.028289930555555683 0.022569444444444444
0 0.6330729166666667 0.18290798611111114 0.02110243055555551 0.017569444444444256
0 0.6234288194444445 0.3292534722222222 0.027395833333333286 0.023272569444444398
0 0.6489670138888888 0.3509027777777778 0.02331597222222233 0.04243055555555565
0 0.6297135416666667 0.38015625000000003 0.03518229166666684 0.03806423611111103
0 0.6219270833333334 0.45829861111111114 0.024401041666666776 0.031362847222222316
0 0.6203819444444445 0.7350607638888889 0.032491319444444305 0.027873263888889
0 0.6064843750000001 0.22960069444444445 0.03428819444444445 0.04403645833333335
0 0.931935763888889 0.23754340277777786 0.05160590277777762 0.05784722222222211
0 0.9186371527777778 0.2785503472222223 0.055017361111111204 0.027855902777777903
0 0.9174045138888888 0.7126128472222223 0.038454861111111266 0.08296874999999994
0 0.8868489583333334 0.7231597222222221 0.01944444444444413 0.03706597222222206
0 0.8866059027777777 0.6899565972222221 0.020043402777777903 0.030651041666666618
0 0.9036458333333334 0.634861111111111 0.03703124999999988 0.07047743055555561
0 0.9279427083333331 0.6278038194444444 0.020364583333333366 0.018637152777777603
0 0.9265972222222223 0.66015625 0.020069444444444348 0.016927083333333332
0 0.885 0.55515625 0.012751736111110764 0.04907118055555573
0 0.6253732638888889 0.41673611111111103 0.01999999999999997 0.028550347222222112
0 0.635390625 0.14864583333333334 0.015434027777777951 0.02081597222222224
0 0.6018489583333333 0.14915798611111106 0.021475694444444256 0.030321180555555414
0 0.6172569444444443 0.30465277777777783 0.03398437500000008 0.040876736111111235
0 0.5859461805555556 0.3682118055555556 0.008923611111111285 0.027795138888888873
0 0.6278472222222222 0.10822048611111118 0.018203124999999827 0.02151909722222219
0 0.6433246527777777 0.27052951388888896 0.027300347222222063 0.044270833333333336
0 0.6204513888888888 0.19756944444444435 0.03761284722222216 0.03154513888888902