0 0.18162326388888891 0.5988281249999999 0.039053819444444256 0.06629340277777768
0 0.17288194444444432 0.5203645833333334 0.036128472222222124 0.06286458333333339
0 0.18822916666666678 0.5485850694444445 0.025685763888889015 0.03664930555555538
0 0.19786458333333337 0.5220052083333333 0.017369791666666856 0.015781249999999858
0 0.17542534722222236 0.3352951388888889 0.01515625000000003 0.03156250000000011
0 0.2107725694444444 0.346467013888889 0.009557291666666856 0.021050347222222224
0 0.1995312500000001 0.34246527777777774 0.012786458333332954 0.016345486111111047
0 0.19010416666666666 0.01953125 0.027777777777777776 0.0390625
0 0.4682638888888889 0.7084895833333333 0.015234375000000158 0.036909722222222205
0 0.47362847222222215 0.857890625 0.027135416666666856 0.05611979166666635
0 0.496328125 0.43750868055555553 0.029921875000000223 0.04683159722222206
0 0.51125 0.13999131944444443 0.030000000000000346 0.04164930555555557
0 0.5083246527777779 0.18189236111111107 0.03421875000000006 0.04098958333333316
0 0.4671267361111112 0.11210937500000008 0.013880208333333144 0.04500868055555548
0 0.5146006944444446 0.10115451388888887 0.029253472222222063 0.04354166666666654
0 0.5171180555555553 0.06432291666666659 0.03064236111111127 0.026093749999999954
0 0.4618055555555556 0.023871527777777776 0.012152777777777778 0.04774305555555555
0 0.4756944444444444 0.006944444444444444 0.015625 0.013888888888888888
0 0.8651128472222224 0.8040364583333334 0.017786458333333144 0.026536458333333082
0 0.8923350694444443 0.8260156250000001 0.006536458333333112 0.02230902777777762
0 0.8077256944444444 0.98828125 0.04079861111111111 0.0234375