0 0.35892361111111115 0.9125434027777778 0.025503472222222316 0.06118923611111092
0 0.34139756944444444 0.8872222222222221 0.022100694444444475 0.06750000000000018
0 0.48157118055555553 0.8753125000000002 0.02483506944444416 0.053611111111111304
0 0.4775694444444443 0.7905208333333332 0.045234374999999716 0.07411458333333343
0 0.4361284722222223 0.7933333333333334 0.02478298611111127 0.05328993055555564
0 0.44382812499999996 0.6285677083333332 0.05072916666666632 0.07585069444444453
0 0.5023177083333334 0.6275347222222223 0.051935763888888827 0.06468749999999998
0 0.5155989583333331 0.5503038194444445 0.03248263888888895 0.06064236111111122
0 0.5314756944444446 0.49578125000000006 0.04155381944444435 0.07236111111111122
0 0.5416059027777776 0.253142361111111 0.05519097222222216 0.07129340277777788
0 0.4495052083333333 0.2421875 0.020364583333333366 0.04360243055555557
0 0.6922048611111111 0.07365451388888881 0.027907986111110797 0.06644097222222219
0 0.8235069444444443 0.04833333333333339 0.01840277777777762 0.03133680555555548
0 0.8463194444444445 0.05447048611111111 0.025564236111110954 0.054479166666666856
0 0.8633246527777779 0.11939236111111108 0.009574652777777557 0.03564236111111106
0 0.7638975694444446 0.11724826388888883 0.03562499999999997 0.06775173611111127
0 0.7652343750000001 0.16355034722222228 0.040234375000000315 0.03778645833333351
0 0.730043402777778 0.2133246527777778 0.04671006944444479 0.08301215277777788
0 0.7341319444444443 0.37922743055555547 0.03290798611111098 0.04881076388888891
0 0.7368836805555554 0.4562326388888888 0.04034722222222184 0.05990451388888908
0 0.7066319444444444 0.48542534722222225 0.03824652777777812 0.058454861111111235
0 0.6912500000000001 0.6821440972222221 0.03375868055555584 0.06651041666666657
0 0.9464756944444446 0.3574739583333333 0.012803819444444444 0.04657986111111098
0 0.9479861111111111 0.44367187499999994 0.01720486111111086 0.040182291666666634
0 0.9435329861111109 0.6050520833333333 0.008871527777777999 0.02407118055555557
0 0.93796875 0.5764756944444444 0.008003472222222443 0.033654513888888876
0 0.9371788194444446 0.6904427083333334 0.013281250000000158 0.04391493055555568
0 0.9436805555555554 0.5313888888888889 0.01528645833333305 0.04307291666666657
0 0.9431163194444443 0.4885677083333333 0.014843750000000315 0.03368055555555571