0 0.30010416666666667 0.6273871527777778 0.031015625000000015 0.050572916666666856
0 0.30401041666666667 0.5206944444444443 0.03970486111111112 0.07046874999999986
0 0.2980815972222222 0.33526041666666667 0.022673611111111117 0.05342013888888886
0 0.31404513888888885 0.20851562500000004 0.027907986111111092 0.059027777777777776
0 0.3048003472222222 0.26506944444444436 0.025868055555555516 0.055989583333333336
0 0.3242013888888889 0.17089409722222212 0.027517361111111152 0.03802083333333349
0 0.6909722222222222 0.019097222222222224 0.029513888888888888 0.03819444444444445
0 0.7513020833333334 0.010850694444444444 0.04774305555555555 0.021701388888888888
0 0.7632465277777778 0.058550347222222264 0.02318576388888892 0.035147569444444256
0 0.7549392361111111 0.12125868055555561 0.03892361111111104 0.05866319444444438
0 0.9347309027777777 0.4749392361111112 0.031432291666666695 0.044392361111111