0 0.3745659722222222 0.013454861111111112 0.016493055555555556 0.026909722222222224
0 0.5208333333333334 0.011284722222222222 0.015625 0.022569444444444444
0 0.5707465277777778 0.010416666666666666 0.009548611111111112 0.020833333333333332
0 0.5355555555555556 0.1033159722222222 0.020477430555555683 0.040564236111110735
0 0.4961545138888888 0.5463107638888888 0.00554687499999989 0.017960069444444098
0 0.4864930555555556 0.5350520833333334 0.005251736111111269 0.01576388888888876
0 0.4961111111111111 0.5981770833333333 0.008706597222222397 0.021970486111111458
0 0.49974826388888893 0.5810069444444446 0.012161458333333522 0.02677083333333346
0 0.6567708333333333 0.20223958333333336 0.04006076388888897 0.030720486111111396
0 0.6500086805555555 0.1683680555555556 0.030095486111111173 0.036475694444444824
0 0.6629340277777778 0.07879340277777776 0.02961805555555546 0.032083333333333366
0 0.6629427083333334 0.05703124999999984 0.037838541666666795 0.02426215277777762
0 0.6914670138888889 0.03600694444444446 0.014513888888888715 0.03189236111111092
0 0.6947743055555556 0.009930555555555602 0.017352430555555368 0.01589409722222257
0 0.7977430555555556 0.008246527777777778 0.034722222222222224 0.016493055555555556
0 0.7598784722222223 0.05865451388888903 0.01771701388888876 0.03972222222222241