0 0.5657465277777778 0.08408854166666657 0.014149305555555516 0.027126736111111112
0 0.5910503472222222 0.22683159722222218 0.02581597222222223 0.05388020833333348
0 0.5683420138888889 0.2574305555555555 0.02280381944444443 0.029392361111111223
0 0.4927864583333334 0.3642968750000001 0.02658854166666676 0.04929687499999997
0 0.49936631944444443 0.4116840277777778 0.0363975694444445 0.05146701388888886
0 0.5830555555555555 0.3575347222222223 0.014157986111111064 0.028854166666666476
0 0.5877690972222223 0.4178559027777777 0.00888020833333335 0.024878472222222097
0 0.4799826388888889 0.649296875 0.01978298611111108 0.06201388888888894
0 0.4986284722222222 0.7493836805555555 0.030086805555555627 0.06314236111111092
0 0.5418836805555556 0.7558246527777778 0.04741319444444435 0.06132812499999988
0 0.9140625 0.9848090277777778 0.024305555555555556 0.030381944444444444
0 0.9318576388888888 0.9835069444444444 0.013020833333333334 0.03298611111111111
0 0.9181944444444444 0.9436805555555554 0.028211805555555556 0.04151041666666641
0 0.9283333333333333 0.9066840277777778 0.020868055555555525 0.04763888888888898
0 0.911875 0.8294444444444444 0.01555555555555562 0.02784722222222216
0 0.8979340277777779 0.7981684027777776 0.026744791666666618 0.04205729166666651
0 0.9285677083333334 0.8109635416666667 0.023767361111111204 0.043402777777777776
0 0.9319010416666667 0.7628906249999999 0.01857638888888897 0.03344618055555553
0 0.9005295138888889 0.7342708333333334 0.025868055555555713 0.04690972222222219
0 0.9207552083333334 0.6921440972222221 0.019861111111111204 0.04279513888888905
0 0.8765624999999999 0.6327864583333334 0.03449652777777759 0.05472222222222219
0 0.8955468750000001 0.5953385416666666 0.02667534722222224 0.036397569444444305
0 0.8806423611111112 0.5607638888888888 0.014583333333333294 0.021788194444444367
0 0.8747135416666666 0.5771614583333334 0.013967013888888817 0.012161458333333522
0 0.9363802083333334 0.5476996527777778 0.008003472222222049 0.03067708333333346
0 0.9254687500000001 0.5339930555555557 0.010434027777777763 0.01874999999999992
0 0.8798958333333333 0.5148003472222222 0.009522569444444469 0.019418402777777684
0 0.8813020833333334 0.45837673611111107 0.043315972222222304 0.05067708333333343
0 0.8811111111111111 0.4097916666666666 0.025755208333333397 0.03902777777777781
0 0.8539756944444444 0.3141666666666667 0.02905381944444447 0.05249131944444427
0 0.8955555555555557 0.3591927083333333 0.03526041666666657 0.05027777777777784
0 0.9332465277777777 0.34837673611111103 0.021267361111111112 0.0428038194444444
0 0.9290711805555555 0.37855034722222214 0.012925347222222112 0.028845486111111127
0 0.9405555555555556 0.38485243055555546 0.013272569444444413 0.030217013888888842
0 0.930546875 0.26485243055555546 0.021267361111111112 0.0420746527777776
0 0.883359375 0.2430642361111111 0.02250868055555561 0.03014756944444446
0 0.8586197916666667 0.21788194444444445 0.023532986111111025 0.04038194444444443
0 0.8771354166666667 0.18243055555555562 0.016119791666666612 0.03749131944444449
0 0.9044357638888889 0.17920138888888892 0.030954861111110985 0.04718750000000011
0 0.9312673611111111 0.21210069444444438 0.018385416666666526 0.03689236111111111
0 0.9273871527777777 0.2397048611111112 0.007942708333333413 0.014001736111111206
0 0.9197135416666666 0.15566840277777771 0.019791666666666825 0.02638888888888897
0 0.8662934027777778 0.12805555555555553 0.025416666666666643 0.04657986111111098
0 0.860234375 0.09630208333333339 0.018689236111111087 0.030894097222222347
0 0.8482899305555556 0.05478298611111102 0.010277777777777707 0.026640625000000046
0 0.8585243055555556 0.06899305555555557 0.012343750000000023 0.029470486111110954
0 0.9056857638888888 0.09542534722222228 0.026440972222222255 0.030486111111111016
0 0.9196875 0.10323784722222228 0.019991319444444617 0.027256944444444525
0 0.9200520833333334 0.07755208333333326 0.01857638888888897 0.028402777777777603
0 0.8978645833333333 0.07626736111111103 0.017178819444444413 0.03257812500000017
0 0.8795920138888889 0.07424479166666664 0.017664930555555475 0.031232638888888904
0 0.8587586805555555 0.03721354166666657 0.021111111111111056 0.027187500000000142
0 0.9001736111111112 0.006076388888888889 0.024305555555555556 0.012152777777777778
0 0.9303211805555556 0.01825520833333331 0.01218749999999997 0.029001736111110985
0 0.9205729166666666 0.008680555555555556 0.011284722222222222 0.017361111111111112
0 0.8871527777777778 0.024305555555555556 0.03298611111111111 0.04861111111111111
0 0.912986111111111 0.039496527777777776 0.01789930555555546 0.024809027777777715
0 0.9221440972222221 0.03195312499999995 0.0211371527777777 0.0291145833333333
0 0.9086458333333334 0.05562499999999994 0.03129340277777794 0.016111111111111062
0 0.8892274305555556 0.5516232638888889 0.017734374999999858 0.01414062499999997
0 0.9389149305555556 0.45651041666666675 0.014592013888888842 0.039270833333333144