0 0.10952256944444451 0.18699652777777784 0.015269097222222349 0.061831597222222236
0 0.20912326388888877 0.07588541666666673 0.013463541666666856 0.059895833333333336
0 0.19967013888888888 0.14128472222222221 0.01842013888888911 0.028237847222222397
0 0.8150607638888887 0.6706510416666666 0.01978298611111108 0.043090277777777665
0 0.8033333333333333 0.6142534722222222 0.02730902777777781 0.03927951388888889
0 0.8136458333333335 0.6464149305555557 0.018819444444444697 0.028151041666666526
0 0.8035156250000001 0.5799913194444445 0.039071180555555744 0.03980902777777789
0 0.7872395833333334 0.5328819444444446 0.036276041666666634 0.04429687500000017
0 0.8143749999999998 0.5067881944444443 0.024739583333333332 0.043237847222222174
0 0.7785156249999999 0.40784722222222214 0.03315972222222206 0.03901909722222206
0 0.8159288194444443 0.3824479166666666 0.029539930555555333 0.055208333333333255
0 0.790060763888889 0.36055555555555546 0.04487847222222206 0.050989583333333144
0 0.7434114583333332 0.37294270833333343 0.015234375000000158 0.08102430555555568
0 0.1371527777777778 0.0008680555555555555 0.008680555555555556 0.001736111111111111