0 0.37590277777777775 0.2978038194444444 0.030329861111111158 0.055824652777777733
0 0.37163194444444436 0.4667447916666667 0.04015625000000019 0.06534722222222239
0 0.4115104166666666 0.4928472222222222 0.055208333333333255 0.06973958333333347
0 0.3578472222222222 0.5488454861111111 0.05636284722222208 0.06210069444444441
0 0.3478385416666667 0.5150954861111112 0.024279513888888715 0.054956597222222174
0 0.3247048611111111 0.5752343750000001 0.014991319444444429 0.0742013888888889
0 0.43372395833333344 0.6681423611111111 0.03770833333333338 0.053246527777777906
0 0.4091406249999999 0.7586718750000002 0.049157986111111204 0.0699479166666668
0 0.4248871527777778 0.8787326388888891 0.04630208333333346 0.07230034722222219
0 0.3888888888888889 0.9722222222222222 0.057291666666666664 0.05555555555555555
0 0.3355034722222222 0.9973958333333334 0.049479166666666664 0.005208333333333333
0 0.4296875 0.9982638888888888 0.029513888888888888 0.003472222222222222
0 0.8124218749999998 0.17087673611111104 0.025295138888889172 0.04914062500000011
0 0.8393229166666667 0.4640451388888888 0.028593749999999654 0.044210069444444305
0 0.8318315972222222 0.5113454861111111 0.033203125 0.05335069444444448
0 0.8049739583333333 0.579314236111111 0.04118923611111095 0.03823784722222238
0 0.8182031250000001 0.7044444444444444 0.04917534722222191 0.06432291666666659
0 0.8270920138888889 0.6209548611111111 0.041449652777777776 0.04515624999999998
0 0.7494965277777779 0.6418836805555556 0.027552083333333144 0.07716145833333322
0 0.8395225694444446 0.7581684027777779 0.06093749999999984 0.07322916666666678
0 0.7995746527777778 0.12082465277777782 0.046024305555555735 0.06938368055555541
0 0.3797048611111112 0.39260416666666664 0.06874131944444449 0.05269965277777781
0 0.8650173611111112 0.9709201388888888 0.0234375 0.058159722222222224
0 0.8568576388888888 0.925017361111111 0.026710069444444824 0.05076388888888851
0 0.8375260416666666 0.8575607638888888 0.041892361111111304 0.061397569444444064
0 0.8560329861111112 0.8828385416666669 0.02445312500000006 0.03213541666666705
0 0.7923350694444444 0.7957378472222223 0.029696180555555587 0.0504340277777779
0 0.7874826388888887 0.7361545138888889 0.03876736111111098 0.05177951388888897
0 0.7610069444444445 0.4512413194444444 0.011831597222222316 0.039939236111111304
0 0.7955034722222223 0.308359375 0.025781249999999842 0.03581597222222241
0 0.8314670138888888 0.39983506944444436 0.02976562499999997 0.04818576388888908
0 0.8671440972222221 0.4108680555555555 0.03040798611111089 0.04365451388888886
0 0.7764930555555556 0.1713802083333334 0.03557291666666648 0.05765625000000006