0 0.040407986111111266 0.7255381944444446 0.060364583333333305 0.07810763888888851
0 0.1008333333333332 0.6106423611111111 0.05173611111111143 0.10727430555555549
0 0.0781423611111111 0.4943402777777778 0.04848090277777809 0.10243055555555555
0 0.05358506944444446 0.3728993055555555 0.06019965277777809 0.09666666666666639
0 0.19418402777777763 0.03149305555555573 0.034079861111111304 0.061258680555555306
0 0.22265625 0.034722222222222224 0.04600694444444445 0.06944444444444445
0 0.46418402777777756 0.06129340277777789 0.023394097222222063 0.09902777777777771
0 0.5226041666666666 0.7090017361111111 0.018567708333333616 0.03723090277777806
0 0.7457465277777777 0.5537673611111111 0.02180555555555546 0.0933680555555559
0 0.6836024305555557 0.22734375000000007 0.048836805555555744 0.07543402777777747
0 0.6190538194444445 0.16299479166666664 0.025815972222222032 0.04814236111111114
0 0.6210156249999998 0.21501736111111094 0.027977430555555176 0.06465277777777739
0 0.6476822916666668 0.2603472222222223 0.033932291666666795 0.05668402777777794
0 0.6675347222222222 0.017795138888888888 0.03125 0.035590277777777776
0 0.6347222222222221 0.1090451388888888 0.024401041666666384 0.07439236111111096
0 0.9144965277777778 0.03211805555555555 0.04774305555555555 0.0642361111111111
0 0.6176909722222221 0.4932986111111113 0.018194444444444475 0.059618055555555806
0 0.6505208333333334 0.5103211805555554 0.016614583333333616 0.024157986111111047