0 0.2552083333333333 0.9652777777777778 0.050347222222222224 0.06944444444444445
0 0.22726562499999994 0.9428819444444445 0.042447916666666745 0.06897569444444447
0 0.18382812499999998 0.9180555555555555 0.05024305555555565 0.08243923611111094
0 0.15293402777777784 0.8930642361111111 0.03023437499999994 0.08874999999999982
0 0.25652777777777774 0.8929340277777779 0.04723090277777765 0.050112847222222236
0 0.17272569444444447 0.8321267361111111 0.03508680555555562 0.0717708333333334
0 0.25749131944444453 0.8436024305555556 0.0534288194444446 0.059748263888888827
0 0.25097222222222215 0.7885850694444445 0.0514756944444446 0.06742187500000006
0 0.19526041666666671 0.7346527777777778 0.058602430555555744 0.0866319444444444
0 0.1557552083333334 0.6657899305555556 0.0230902777777777 0.08535590277777771
0 0.1940711805555555 0.6472395833333333 0.05621527777777797 0.09516493055555546
0 0.2468402777777777 0.7134201388888889 0.027013888888888796 0.03649305555555552
0 0.22574652777777773 0.6932899305555555 0.021493055555555744 0.037170138888888836
0 0.2550607638888888 0.6318402777777777 0.04942708333333338 0.09592881944444444
0 0.2382465277777778 0.66765625 0.039644097222222285 0.04736111111111106
0 0.19833333333333336 0.5588802083333334 0.037456597222222304 0.0694010416666667
0 0.17292534722222225 0.5210937499999999 0.04463541666666673 0.08423611111111108
0 0.16219618055555549 0.41033854166666667 0.016345486111111047 0.03756944444444442
0 0.16679687500000007 0.45614583333333336 0.028958333333333443 0.07289930555555557
0 0.2231857638888888 0.4009548611111111 0.036840277777777826 0.06315972222222221
0 0.23483506944444443 0.4562239583333334 0.03282118055555551 0.05146701388888886
0 0.23567708333333334 0.5215190972222222 0.03367187499999997 0.06632812500000007
0 0.6283940972222223 0.5579166666666667 0.03272569444444429 0.05726562500000002
0 0.601657986111111 0.5917534722222223 0.04655381944444454 0.06117187500000002
0 0.6074131944444444 0.5596440972222223 0.01733506944444427 0.02617187500000008
0 0.6190104166666666 0.7249305555555555 0.04762152777777789 0.07509548611111111
0 0.602326388888889 0.6543315972222222 0.047013888888888765 0.07383680555555551
0 0.5681510416666666 0.6846614583333334 0.03179687500000009 0.057439236111111173
0 0.5387586805555556 0.7134027777777778 0.02262152777777773 0.0715364583333334
0 0.5656857638888889 0.7472309027777777 0.03335069444444451 0.06628472222222213
0 0.5502604166666667 0.8300086805555555 0.03500000000000014 0.06561631944444438
0 0.5503993055555555 0.9575086805555555 0.018446180555555556 0.030104166666666526
0 0.5376996527777779 0.9238454861111111 0.024036458333333382 0.04781249999999994
0 0.5499999999999999 0.8834114583333333 0.02915798611111124 0.04930555555555571
0 0.605 0.8820833333333333 0.027560763888888888 0.04842013888888887
0 0.6101041666666666 0.9236631944444444 0.02866319444444443 0.03757812499999997
0 0.6136371527777779 0.95484375 0.010963541666666762 0.02481770833333346
0 0.96875 0.9939236111111112 0.034722222222222224 0.012152777777777778
0 0.9956597222222222 0.9917534722222222 0.008680555555555556 0.016493055555555556
0 0.9624913194444444 0.9667447916666667 0.029574652777777526 0.04946180555555557
0 0.9345225694444446 0.9354340277777777 0.01614583333333365 0.03467881944444429
0 0.9630815972222221 0.9218489583333334 0.02189236111111133 0.030520833333333205
0 0.9908854166666666 0.8888888888888888 0.018229166666666668 0.06597222222222222
0 0.961701388888889 0.8662760416666667 0.04658854166666673 0.08588541666666671
0 0.9809635416666668 0.8208680555555555 0.025772569444444098 0.049105902777777724
0 0.9982638888888888 0.8346354166666666 0.003472222222222222 0.021701388888888888
0 0.9349826388888888 0.6824826388888889 0.025026041666666603 0.05752604166666665
0 0.9489322916666667 0.709453125 0.024114583333333113 0.03467881944444448
0 0.98828125 0.6935763888888888 0.0234375 0.07118055555555555
0 0.9982638888888888 0.6358506944444444 0.003472222222222222 0.06684027777777778
0 0.98828125 0.5520833333333334 0.0234375 0.0798611111111111
0 0.9813368055555556 0.4435763888888889 0.03732638888888889 0.06770833333333333
0 0.5529513888888888 0.9926215277777778 0.019097222222222224 0.014756944444444444
0 0.5367795138888888 0.9604340277777779 0.01004340277777792 0.02526909722222233
0 0.6205381944444444 0.8530642361111112 0.009114583333333334 0.01895833333333326
0 0.15678819444444436 0.570078125 0.01623263888888873 0.0530989583333334
0 0.23573784722222216 0.7581857638888888 0.030859375000000158 0.021614583333333413
0 0.15707465277777782 0.7311631944444444 0.020243055555555698 0.06833333333333336