0 0.5786545138888888 0.37213541666666666 0.043489583333333255 0.11842013888888886
0 0.6557291666666667 0.5332465277777777 0.07405381944444439 0.1375260416666667
0 0.6678124999999999 0.6549739583333333 0.07675347222222229 0.11047743055555553
0 0.6430729166666667 0.7638107638888889 0.06489583333333353 0.09771701388888883
0 0.7104427083333333 0.8271527777777777 0.06731770833333349 0.11365451388888895
0 0.7648350694444443 0.7741579861111112 0.01619791666666654 0.12631944444444443
0 0.7530815972222222 0.9004600694444443 0.03099826388888892 0.07445312499999998
0 0.6845399305555555 0.8632552083333334 0.0656944444444443 0.10863715277777786
0 0.6596267361111112 0.9210677083333333 0.07891493055555543 0.12327256944444424
0 0.59375 0.9978298611111112 0.059027777777777776 0.004340277777777778
0 0.6974826388888888 0.9748263888888888 0.06163194444444445 0.050347222222222224