0 0.006076388888888889 0.4982638888888889 0.012152777777777778 0.041666666666666664
0 0.1644965277777778 0.9952256944444444 0.035590277777777776 0.009548611111111112
0 0.4630468750000001 0.9696788194444446 0.02602430555555557 0.05345486111111105
0 0.8237239583333332 0.8495659722222221 0.021822916666666952 0.04359375000000022
0 0.04904513888888889 0.9908854166666666 0.019965277777777776 0.018229166666666668
0 0.053776041666666705 0.9526822916666665 0.028715277777777715 0.021553819444444382
0 0.018411458333333366 0.8698958333333332 0.028185763888888715 0.0337673611111108
0 0.0078125 0.5633680555555556 0.015625 0.036458333333333336
0 0.17409722222222218 0.943064236111111 0.02488715277777784 0.04042534722222197
0 0.008680555555555556 0.8433159722222222 0.017361111111111112 0.026909722222222224
0 0.14677083333333327 0.5944444444444444 0.011223958333333192 0.024097222222222412
0 0.7526388888888889 0.5231076388888888 0.01200520833333327 0.0188368055555554
0 0.8031857638888888 0.8306857638888887 0.013515624999999747 0.021371527777777684
0 0.8068836805555557 0.8575347222222223 0.012456597222222539 0.026458333333332956
0 0.8434461805555556 0.8480208333333334 0.01164930555555562 0.036970486111111235
0 0.8352864583333334 0.9481076388888887 0.014826388888888827 0.02793402777777803
0 0.010416666666666666 0.9314236111111112 0.020833333333333332 0.024305555555555556
0 0.021067708333333317 0.9584635416666667 0.028871527777777968 0.028463541666666634
0 0.06995659722222215 0.8899305555555554 0.012942708333333207 0.027473958333333017
0 0.024739583333333332 0.9865451388888888 0.025173611111111112 0.026909722222222224