0 0.23850694444444442 0.1608680555555555 0.039652777777777634 0.05881944444444463
0 0.23190972222222228 0.2269097222222223 0.03031250000000006 0.06981770833333319
0 0.2615017361111111 0.22785590277777779 0.029071180555555368 0.05868055555555548
0 0.2778298611111111 0.25263888888888886 0.014123263888888873 0.02265624999999992
0 0.24674479166666666 0.2708940972222222 0.03046006944444457 0.034956597222222205
0 0.23089409722222223 0.2931336805555556 0.023984375000000096 0.03258680555555552
0 0.23023437500000002 0.32489583333333333 0.024019097222222285 0.030503472222222112
0 0.26712673611111115 0.3522569444444444 0.01888888888888908 0.022986111111111127
0 0.25723958333333324 0.31579861111111107 0.02784722222222216 0.0509461805555556
0 0.27091145833333324 0.3118576388888889 0.03546006944444437 0.06574652777777759
0 0.2654687499999999 0.3934548611111111 0.03829861111111102 0.06290798611111094
0 0.23551215277777773 0.3947482638888889 0.01818576388888873 0.04697916666666657
0 0.2436111111111112 0.44073784722222226 0.018177083333333382 0.03914930555555548
0 0.32479166666666676 0.702048611111111 0.021050347222222224 0.05835937500000002
0 0.3029513888888889 0.48144097222222215 0.025034722222222347 0.04842013888888906
0 0.7028645833333333 0.31110243055555564 0.020564236111111158 0.062491319444444256
0 0.7289062500000001 0.3170659722222222 0.016458333333333366 0.030920138888888796
0 0.7030902777777778 0.22171006944444452 0.013428819444444271 0.020329861111111173
0 0.7186979166666667 0.14185763888888894 0.026822916666666745 0.04855034722222208
0 0.76890625 0.08236979166666675 0.011128472222222364 0.051128472222222304
0 0.7325607638888889 0.28026909722222215 0.015190972222222222 0.030381944444444444
0 0.7196180555555556 0.28796006944444447 0.008289930555555713 0.019635416666666572
0 0.6901041666666666 0.009114583333333334 0.010416666666666666 0.018229166666666668