0 0.1714409722222222 0.41663194444444446 0.04425347222222184 0.06356770833333335
0 0.15337673611111116 0.3666406249999999 0.0212847222222226 0.04337673611111094
0 0.5201128472222223 0.21334201388888888 0.01954861111111149 0.03250000000000005
0 0.5122135416666668 0.24510416666666657 0.018142361111110797 0.01903645833333319
0 0.4851996527777776 0.24119791666666657 0.008385416666666541 0.020078125000000096
0 0.5171788194444444 0.05124999999999997 0.011336805555555904 0.014045138888888746
0 0.5188194444444443 0.0688888888888888 0.008836805555555808 0.018723958333333474
0 0.5169270833333334 0.012152777777777778 0.03732638888888889 0.024305555555555556
0 0.8793402777777778 0.35511284722222214 0.023923611111111458 0.061770833333333205
0 0.8887673611111112 0.32702256944444447 0.014314236111110922 0.03351562500000011
0 0.8342708333333333 0.2939843750000001 0.015902777777777526 0.02944444444444451
0 0.8312239583333335 0.3253038194444444 0.016779513888888827 0.027569444444444632
0 0.8122916666666669 0.34240451388888893 0.014192708333333649 0.03086805555555551
0 0.8261024305555557 0.3558940972222222 0.01842013888888911 0.030529513888888953
0 0.8725868055555553 0.43214409722222213 0.023220486111111112 0.06495659722222216
0 0.8363020833333334 0.45877604166666663 0.02069444444444457 0.027335069444444256
0 0.8129947916666668 0.4770052083333333 0.02967013888888914 0.045104166666666695
0 0.8090104166666667 0.5662934027777777 0.023263888888889046 0.03361111111111094
0 0.8445920138888887 0.5744965277777777 0.03852430555555565 0.06416666666666673
0 0.8664843750000001 0.5874305555555556 0.01664930555555581 0.020303819444444333