0 0.2847916666666666 0.6434809027777777 0.023732638888889015 0.043880208333333295
0 0.3056249999999999 0.9147395833333333 0.04475694444444479 0.09098090277777773
0 0.7838541666666666 0.9683159722222222 0.03993055555555555 0.06336805555555555
0 0.7627690972222223 0.821328125 0.067300347222222 0.08786458333333336
0 0.7760069444444445 0.8896440972222222 0.05486111111111095 0.10989583333333325
0 0.6838541666666669 0.7580555555555555 0.06014756944444441 0.09757812500000007
0 0.6514583333333334 0.43064236111111115 0.049036458333333144 0.07852430555555559
0 0.6500173611111113 0.5966319444444445 0.058532986111111365 0.08848090277777783
0 0.76390625 0.6879861111111111 0.0633767361111113 0.09572916666666664
0 0.6977777777777779 0.5421267361111111 0.05703993055555559 0.1033333333333333
0 0.7390364583333332 0.6291319444444444 0.08176215277777743 0.11692708333333338
0 0.6246440972222224 0.3102256944444444 0.028428819444444444 0.06269097222222225
0 0.21478298611111096 0.5331684027777778 0.013576388888889172 0.03334201388888896
0 0.29377604166666654 0.8422482638888888 0.025581597222222443 0.055338541666666664