0 0.8181076388888889 0.1697395833333333 0.04247395833333339 0.07939236111111114
0 0.8048958333333334 0.08016493055555547 0.02801215277777776 0.06331597222222227
0 0.8010329861111111 0.6130989583333333 0.02855034722222231 0.057395833333333236
0 0.734375 0.008680555555555556 0.04513888888888889 0.017361111111111112
0 0.7662760416666666 0.025416666666666643 0.016345486111111047 0.021050347222222224
0 0.81859375 0.03868923611111105 0.021701388888888888 0.014305555555555571
0 0.8188975694444445 0.05282118055555548 0.02464409722222231 0.028307291666666776
0 0.8386284722222223 0.09445312499999996 0.011666666666666714 0.03982638888888898
0 0.7690885416666666 0.0981684027777777 0.027717013888888944 0.019696180555555602
0 0.8250868055555556 0.002170138888888889 0.0234375 0.004340277777777778
0 0.7833333333333333 0.581076388888889 0.026258680555555556 0.03343749999999998