0 0.3139756944444445 0.6729253472222223 0.02453993055555554 0.03428819444444445
0 0.29597222222222225 0.6514496527777778 0.02052951388888897 0.0246788194444445
0 0.2777170138888889 0.7476388888888889 0.03129340277777794 0.06407986111111105
0 0.5211024305555555 0.7319444444444445 0.0246961805555554 0.040199652777777733
0 0.7619791666666667 0.8456770833333334 0.03146701388888889 0.06689236111111106
0 0.2608506944444444 0.9991319444444444 0.013020833333333334 0.001736111111111111
0 0.26445312500000007 0.9704166666666667 0.018984374999999904 0.024704861111111143
0 0.26625868055555557 0.9856250000000001 0.012960069444444302 0.019618055555555475
0 0.2988975694444444 0.7118576388888889 0.031579861111111204 0.03953124999999997
0 0.28961805555555564 0.6830902777777778 0.015442708333333301 0.02009548611111119
0 0.7586458333333334 0.6204600694444444 0.0167013888888887 0.042456597222222295
0 0.7542100694444444 0.7066319444444444 0.017690972222222316 0.05322048611111106
0 0.7226388888888889 0.41204861111111113 0.012769097222222255 0.028342013888888868
0 0.6768836805555556 0.4407552083333333 0.00983506944444438 0.07263888888888895
0 0.2840625 0.6168402777777778 0.022135416666666668 0.0252083333333333
0 0.29146701388888885 0.6283940972222222 0.008368055555555445 0.014123263888888873
0 0.30552951388888894 0.6358767361111111 0.014947916666666493 0.014939236111111143
0 0.282013888888889 0.5817013888888889 0.01675347222222238 0.025876736111111062
0 0.2874826388888889 0.5711545138888889 0.009088541666666493 0.016701388888888898