0 0.5976302083333334 0.829652777777778 0.026293402777777745 0.07161458333333333
0 0.4583940972222222 0.6904340277777778 0.021597222222222316 0.05688368055555573
0 0.48416666666666663 0.6855902777777777 0.03960069444444435 0.049418402777777634
0 0.5135416666666666 0.6454253472222222 0.04526041666666655 0.06735243055555568
0 0.5782118055555555 0.5895659722222223 0.05388020833333348 0.09269097222222239
0 0.4602083333333334 0.48679687499999996 0.021189236111110985 0.060286458333333175
0 0.5111111111111111 0.5559548611111111 0.03039930555555554 0.04762152777777789
0 0.5222743055555557 0.39381076388888897 0.06278645833333327 0.09574652777777794
0 0.5817361111111112 0.3901822916666667 0.03878472222222208 0.08044270833333339
0 0.5062760416666667 0.23567708333333334 0.052942708333333144 0.09150173611111098
0 0.5310503472222222 0.19077256944444443 0.04648437500000016 0.07480034722222229
0 0.5578124999999999 0.1258420138888889 0.06944444444444445 0.08186631944444439
0 0.5364583333333334 0.07161458333333333 0.064982638888889 0.06533854166666665
0 0.6024305555555556 0.029947916666666668 0.05555555555555555 0.059895833333333336
0 0.6046006944444444 0.0008680555555555555 0.0546875 0.001736111111111111
0 0.8811979166666666 0.14318576388888893 0.027760416666666288 0.0695833333333332
0 0.8285850694444447 0.04312500000000005 0.03323784722222219 0.07480034722222229