0 0.7772048611111109 0.43148437500000014 0.050824652777777736 0.07234375000000012
0 0.7986805555555555 0.41663194444444446 0.01808159722222216 0.038923611111111235
0 0.7689322916666667 0.36544270833333314 0.031024305555555368 0.04897569444444451
0 0.7907986111111112 0.38419270833333347 0.03570312500000009 0.03078125000000003
0 0.7948263888888888 0.32705729166666664 0.021545138888888635 0.026961805555555902
0 0.7713020833333333 0.33443576388888885 0.02926215277777781 0.02037326388888911
0 0.7877343749999999 0.3522135416666667 0.021414930555555618 0.03225694444444432
0 0.7755208333333334 0.31035590277777797 0.020069444444444348 0.03160590277777765
0 0.7777083333333334 0.23795138888888878 0.014218750000000094 0.01675347222222238
0 0.7975607638888889 0.29555555555555557 0.020520833333333616 0.030789930555555775
0 0.7999131944444444 0.001736111111111111 0.018229166666666668 0.003472222222222222