0 0.4250086805555557 0.35425347222222225 0.040833333333333305 0.08128472222222222
0 0.4429947916666666 0.4385763888888889 0.031579861111111204 0.08144097222222217
0 0.6783854166666666 0.685234375 0.019149305555555902 0.04111111111111102
0 0.6771527777777777 0.7678211805555555 0.011762152777777935 0.0461631944444445
0 0.67796875 0.5184895833333333 0.012951388888888951 0.025217013888888848
0 0.7050260416666667 0.7025694444444445 0.015269097222222349 0.025451388888888832
0 0.6987673611111112 0.6833333333333333 0.015703125000000127 0.03361979166666668
0 0.6794878472222222 0.7335503472222222 0.009756944444444256 0.020190972222222214
0 0.6913107638888888 0.9737065972222223 0.01897569444444416 0.028880208333333317
0 0.7274131944444444 0.9316232638888889 0.014444444444444728 0.02475694444444443
0 0.7257638888888889 0.9522569444444444 0.016918402777777588 0.02640625000000006
0 0.6929687500000001 0.949982638888889 0.014852430555555272 0.025989583333333382