0 0.4084201388888889 0.9921875 0.025173611111111112 0.015625
0 0.3763020833333333 0.98828125 0.026909722222222224 0.0234375
0 0.33984375 0.9796006944444444 0.014756944444444444 0.04079861111111111
0 0.3537326388888889 0.9856770833333334 0.018229166666666668 0.028645833333333332
0 0.35273437499999993 0.9534288194444444 0.016250000000000223 0.019427083333333428
0 0.4168315972222223 0.879670138888889 0.015538194444444129 0.05679687500000025
0 0.3982899305555555 0.7709635416666667 0.014644097222222128 0.03899305555555562
0 0.3884548611111111 0.7279947916666667 0.019843749999999716 0.03730034722222205
0 0.39105034722222204 0.696189236111111 0.011475694444444665 0.016102430555555713
0 0.33824652777777764 0.6762326388888888 0.030251736111111427 0.04968749999999981
0 0.32614583333333313 0.6454427083333333 0.030937500000000284 0.0525694444444444
0 0.31939236111111113 0.6013368055555556 0.030434027777778126 0.03900173611111097
0 0.3743923611111113 0.5656336805555555 0.017178819444444413 0.05296006944444463
0 0.3768315972222223 0.5267013888888888 0.011857638888888763 0.031076388888889046
0 0.3659461805555557 0.47341145833333326 0.02232638888888911 0.05453993055555549
0 0.35226562499999997 0.5025868055555556 0.031154513888889172 0.06088541666666655
0 0.3102343749999999 0.47219618055555557 0.032473958333333205 0.06399305555555539
0 0.29491319444444425 0.5171006944444445 0.017656250000000127 0.04975694444444459
0 0.2917447916666668 0.4669618055555556 0.018107638888888604 0.047309027777777776
0 0.3401302083333333 0.4136458333333333 0.028932291666666603 0.04865451388888905
0 0.36621527777777785 0.43312500000000004 0.011562499999999747 0.037291666666666695
0 0.3330902777777776 0.44219618055555565 0.024470486111110763 0.039053819444444256
0 0.3352430555555554 0.33163194444444444 0.028767361111111396 0.057092013888888876
0 0.3056770833333332 0.11820312500000006 0.02279513888888908 0.04300347222222219
0 0.3218489583333333 0.08094618055555555 0.009895833333333017 0.03011284722222227
0 0.3244184027777778 0.041927083333333295 0.011076388888889078 0.051597222222222267