0 0.005642361111111111 0.5594618055555556 0.011284722222222222 0.04079861111111111
0 0.19330729166666671 0.8749479166666667 0.021032986111111127 0.03458333333333346
0 0.540920138888889 0.8003211805555553 0.0252083333333333 0.0335677083333334
0 0.5226475694444443 0.7317361111111111 0.025295138888888777 0.03135416666666657
0 0.5507638888888889 0.7163454861111112 0.023246527777777953 0.03848958333333346
0 0.5390625 0.6615711805555556 0.021814236111111204 0.04272569444444427
0 0.5579774305555555 0.6618229166666667 0.021128472222222347 0.034357638888888827
0 0.5580729166666667 0.6221527777777778 0.03224826388888897 0.05205729166666649
0 0.8767361111111112 0.9839409722222222 0.029513888888888888 0.03211805555555555
0 0.9049826388888889 0.8938628472222222 0.02632812499999994 0.04501736111111083
0 0.8835329861111111 0.9314409722222222 0.028906250000000158 0.04475694444444479