0 0.002170138888888889 0.4392361111111111 0.004340277777777778 0.11458333333333333
0 0.11015625000000008 0.4478645833333334 0.03519097222222219 0.08390624999999988
0 0.04169270833333331 0.5454427083333333 0.07636284722222204 0.1373437500000002
0 0.022135416666666668 0.6267361111111112 0.044270833333333336 0.1267361111111111
0 0.09178819444444446 0.6339496527777777 0.05653645833333343 0.08533854166666702
0 0.1333072916666666 0.5776822916666665 0.02439236111111103 0.11513020833333343
0 0.3252256944444445 0.1800694444444445 0.03773437499999983 0.07221354166666633
0 0.31111111111111117 0.22584201388888894 0.04373263888888898 0.08673611111111118
0 0.4967361111111111 0.4444184027777776 0.029878472222222285 0.07888020833333324
0 0.4151388888888889 0.6278211805555556 0.08704861111111128 0.13118923611111122
0 0.4112934027777777 0.7444444444444444 0.07935763888888896 0.09554687499999975
0 0.9574652777777778 0.017361111111111112 0.0763888888888889 0.034722222222222224
0 0.9878472222222222 0.04383680555555555 0.024305555555555556 0.0876736111111111
0 0.9604947916666665 0.18476562499999993 0.06309895833333298 0.11583333333333298
0 0.9674479166666666 0.4986979166666667 0.06510416666666667 0.0720486111111111
0 0.9305555555555556 0.3194965277777777 0.06312500000000022 0.07721354166666651
0 0.916440972222222 0.24931423611111114 0.06057291666666645 0.07163194444444482
0 0.054869791666666695 0.3901475694444443 0.044973958333333286 0.06300347222222216
0 0.10018229166666674 0.36953993055555556 0.027769097222222032 0.05026041666666635
0 0.001736111111111111 0.5138888888888888 0.003472222222222222 0.07291666666666667
0 0.2832552083333333 0.5464409722222222 0.02038194444444446 0.07842013888888902