0 0.1468663194444445 0.6694791666666666 0.016284722222222412 0.02407118055555557
0 0.1360416666666665 0.6166493055555556 0.02537326388888851 0.04234375000000017
0 0.14602430555555537 0.596892361111111 0.025381944444444256 0.03590277777777789
0 0.14315104166666653 0.5403385416666667 0.0316145833333334 0.021579861111111223
0 0.1530555555555557 0.49229166666666657 0.02828124999999994 0.026128472222222143
0 0.1438715277777776 0.22082465277777785 0.026675347222221844 0.02618055555555543
0 0.17296006944444445 0.1903125 0.03337673611111095 0.044487847222222224
0 0.1786631944444446 0.14747395833333343 0.028446180555555936 0.03715277777777794
0 0.16928819444444443 0.1191579861111111 0.027239583333333428 0.04338541666666668
0 0.18811631944444449 0.08053819444444442 0.019019097222222097 0.02901909722222208
0 0.14514756944444449 0.07250868055555554 0.0236371527777774 0.05186631944444445
0 0.15614583333333343 0.039409722222222304 0.024088541666666668 0.046527777777777696
0 0.14264756944444437 0.020269097222222143 0.013281250000000158 0.037690972222222285
0 0.18248263888888872 0.03860243055555558 0.0392621527777774 0.05087673611111122
0 0.1957465277777778 0.014756944444444444 0.030381944444444444 0.029513888888888888
0 0.20833333333333334 0.0030381944444444445 0.015625 0.006076388888888889
0 0.3717447916666667 0.5302604166666666 0.013020833333333334 0.043949652777777876
0 0.41993055555555575 0.3957725694444445 0.02899305555555524 0.07111111111111118
0 0.3828559027777779 0.3511197916666667 0.015147569444444287 0.03914062500000012
0 0.39700520833333325 0.32409722222222215 0.015520833333333428 0.021250000000000015
0 0.42876736111111113 0.2275868055555556 0.0266493055555554 0.04848958333333345
0 0.40430555555555575 0.14112847222222216 0.030989583333333175 0.046380208333333194
0 0.39651909722222217 0.09755208333333343 0.015407986111111112 0.02262152777777773
0 0.43381944444444465 0.18300347222222216 0.01656249999999994 0.03263888888888881
0 0.42567708333333343 0.16554687500000004 0.009600694444444792 0.015173611111111127
0 0.9978298611111112 0.7621527777777778 0.004340277777777778 0.046875
0 0.980043402777778 0.9124392361111112 0.014921874999999652 0.052552083333333305
0 0.9667708333333331 0.9651041666666669 0.017230902777778095 0.0685416666666667
0 0.10026041666666667 0.9930555555555556 0.016493055555555556 0.013888888888888888
0 0.9930555555555556 0.921875 0.013888888888888888 0.05381944444444445