0 0.6180555555555556 0.9991319444444444 0.020833333333333332 0.001736111111111111
0 0.3521614583333334 0.12593749999999992 0.024418402777777872 0.043229166666666825
0 0.3565451388888889 0.07490451388888886 0.026276041666666652 0.036736111111111254
0 0.9650173611111109 0.6974131944444445 0.03238715277777812 0.053914930555555664
0 0.9803038194444444 0.6226649305555555 0.022317708333333366 0.03914930555555548
0 0.9453472222222222 0.6146354166666667 0.017317708333333175 0.04450520833333332
0 0.9934895833333334 0.5447048611111112 0.013020833333333334 0.04774305555555555
0 0.9364756944444446 0.44468749999999996 0.018116319444444348 0.04973958333333349
0 0.9617361111111111 0.4573090277777777 0.026440972222222255 0.04234375000000017
0 0.9657204861111113 0.4242447916666667 0.026015625000000223 0.04131076388888902
0 0.9720746527777777 0.3755989583333334 0.012725694444444317 0.022248263888888984
0 0.9721527777777779 0.35218750000000004 0.015251736111110858 0.032126736111111304
0 0.6102690972222222 0.8518055555555557 0.015008680555555523 0.037100694444444256
0 0.9654947916666666 0.6354253472222222 0.011310763888888667 0.017465277777777684
0 0.9776736111111113 0.6506510416666667 0.010937500000000315 0.01228298611111119
0 0.9472743055555557 0.64890625 0.011319444444444413 0.01676215277777773
0 0.9772916666666668 0.5380034722222222 0.01111111111111127 0.015078124999999906
0 0.9720920138888888 0.5213020833333333 0.010434027777778156 0.018263888888888857
0 0.9338541666666669 0.48991319444444453 0.006545138888888857 0.03447916666666649
0 0.940642361111111 0.5015538194444444 0.006579861111111048 0.017161458333333317
0 0.9446267361111111 0.5817621527777779 0.0038541666666663194 0.011414930555555635
0 0.9739496527777776 0.3271006944444444 0.004644097222222538 0.010954861111111016
0 0.9246788194444444 0.3810069444444445 0.0057031249999997475 0.03876736111111098