0 0.8537326388888888 0.014322916666666666 0.026909722222222224 0.028645833333333332
0 0.8980034722222222 0.002170138888888889 0.07378472222222222 0.004340277777777778
0 0.8927951388888888 0.022569444444444444 0.06510416666666667 0.04513888888888889
0 0.8901736111111112 0.060034722222222094 0.036440972222222236 0.032309027777778
0 0.8847482638888889 0.13690972222222206 0.05320312499999997 0.06210069444444441
0 0.9051128472222223 0.0930381944444443 0.052916666666666695 0.06595486111111074
0 0.8619010416666666 0.09526909722222222 0.038255208333333277 0.07960937500000004
0 0.8331336805555556 0.3034461805555557 0.03499999999999995 0.07265624999999984
0 0.8634722222222222 0.47748263888888887 0.037456597222222304 0.05463541666666632
0 0.8436458333333333 0.47225694444444444 0.03923611111111115 0.06983506944444429
0 0.8166666666666667 0.4975694444444443 0.023767361111111204 0.06026909722222248
0 0.8419791666666667 0.1591145833333335 0.017465277777777684 0.0738888888888888