0 0.22051215277777775 0.11618055555555548 0.05546875000000008 0.06263888888888876
0 0.2615364583333333 0.0786197916666666 0.05250000000000002 0.07964409722222222
0 0.2963281249999999 0.3158767361111112 0.06738715277777788 0.07966145833333332
0 0.23101562500000009 0.37199652777777775 0.05859375 0.07118055555555555
0 0.3523090277777777 0.38451388888888893 0.03852430555555565 0.07386284722222235
0 0.35852430555555553 0.4527517361111111 0.0284201388888887 0.0724652777777778
0 0.2621354166666667 0.5680468750000001 0.04371527777777789 0.060894097222222304
0 0.1882118055555555 0.46263888888888893 0.05124131944444462 0.07249999999999998
0 0.7784375000000002 0.7888454861111112 0.050052083333333205 0.07968750000000016
0 0.7901475694444444 0.8554253472222221 0.06631944444444432 0.08291666666666704
0 0.8375000000000001 0.7459461805555555 0.06369791666666676 0.11013888888888898
0 0.8461197916666667 0.841371527777778 0.044140625000000315 0.088949652777778
0 0.8697916666666666 0.9678819444444444 0.036458333333333336 0.0642361111111111