0 0.32993923611111126 0.21511284722222218 0.06078993055555534 0.019166666666666603
0 0.6852951388888889 0.1825694444444444 0.029982638888888857 0.025980902777777634
0 0.8832899305555557 0.3753732638888889 0.07230902777777794 0.024913194444444287
0 0.9965277777777778 0.4318576388888889 0.006944444444444444 0.028645833333333332
0 0.9536631944444444 0.39440972222222215 0.031510416666666825 0.017022569444444555
0 0.9939236111111112 0.4153645833333333 0.012152777777777778 0.021701388888888888
0 0.9286197916666666 0.42375000000000007 0.04875868055555562 0.022821180555555525
0 0.8697829861111109 0.4332638888888888 0.04024305555555527 0.01664062500000006
0 0.8294618055555555 0.4217274305555555 0.04631944444444416 0.028706597222222366
0 0.8581684027777778 0.40833333333333344 0.0334027777777774 0.02673611111111127
0 0.956605902777778 0.4340711805555555 0.037109375 0.02293402777777784
0 0.3565277777777776 0.5794097222222222 0.040486111111111396 0.016510416666666652
0 0.9393055555555555 0.929921875 0.052031249999999654 0.01983506944444476