0 0.18864583333333348 0.7803993055555556 0.01306423611111127 0.04632812499999991
0 0.21682291666666684 0.7542274305555554 0.028932291666666603 0.04383680555555555
0 0.25027777777777793 0.7250868055555555 0.030008680555555303 0.06490451388888888
0 0.22731770833333323 0.682517361111111 0.039322916666666825 0.05990451388888908
0 0.1923177083333335 0.6332118055555556 0.023819444444444098 0.06533854166666665
0 0.21492187500000012 0.5694184027777778 0.04754340277777816 0.050512152777777826
0 0.23451388888888877 0.6018489583333333 0.038480902777777715 0.05743055555555543
0 0.24663194444444436 0.5504774305555556 0.02734375 0.03941840277777765
0 0.2319878472222222 0.5266753472222222 0.044288194444444824 0.036675347222222224
0 0.19855034722222223 0.4336631944444444 0.03628472222222238 0.05187500000000019
0 0.6501041666666667 0.10439236111111111 0.017977430555555587 0.0804253472222223
0 0.9272569444444443 0.9284809027777778 0.026675347222221844 0.05030381944444429
0 0.9068402777777776 0.7353124999999999 0.04118055555555521 0.05198784722222211
0 0.8897743055555556 0.7104253472222223 0.03902777777777781 0.04272569444444427
0 0.9222829861111109 0.6768315972222223 0.03099826388888892 0.07667534722222216
0 0.8913541666666668 0.6044531249999999 0.04309895833333302 0.053168402777777776
0 0.9049479166666666 0.4232291666666666 0.018064236111111458 0.04904513888888889
0 0.24796874999999988 0.6407552083333334 0.025000000000000158 0.058333333333333175
0 0.19995659722222214 0.7053732638888888 0.026814236111111396 0.059184027777777634
0 0.1885590277777776 0.7391145833333334 0.017248263888888796 0.04339409722222203
0 0.2606423611111113 0.5084288194444445 0.01055555555555543 0.034340277777777733
0 0.1837760416666667 0.5133767361111112 0.016241319444444475 0.05725694444444448
0 0.22613715277777796 0.3769704861111111 0.02119791666666673 0.023324652777777684