0 0.5394965277777778 0.013020833333333334 0.021701388888888888 0.026041666666666668
0 0.6263888888888889 0.024774305555555525 0.014861111111111016 0.02513888888888892
0 0.6284895833333333 0.0637065972222221 0.029609374999999914 0.02791666666666654
0 0.6441406249999999 0.050894097222222316 0.017482638888888975 0.03193576388888886
0 0.5878211805555555 0.2035590277777778 0.03394965277777769 0.05927951388888886
0 0.5371006944444444 0.14680555555555547 0.02797743055555557 0.026779513888889203
0 0.5495833333333333 0.25529513888888883 0.020173611111111118 0.03626736111111089
0 0.5641059027777778 0.2573003472222221 0.018133680555555642 0.03416666666666638
0 0.99609375 0.4635416666666667 0.0078125 0.046875
0 0.9639409722222223 0.5589583333333334 0.02280381944444443 0.03099826388888892
0 0.9799305555555556 0.5033333333333334 0.02551215277777767 0.03069444444444416