0 0.2914322916666667 0.8148003472222222 0.03159722222222191 0.05296006944444444
0 0.2771961805555555 0.6445746527777777 0.020737847222222508 0.039730902777777764
0 0.2704947916666668 0.5294270833333333 0.01949652777777781 0.046059027777777733
0 0.28615451388888896 0.48906249999999996 0.02084201388888908 0.03728298611111115
0 0.646015625 0.7284114583333333 0.02542534722222219 0.04534722222222223
0 0.6603732638888888 0.7571267361111111 0.021961805555555713 0.04051215277777784
0 0.6415972222222222 0.9014756944444444 0.032170138888889234 0.06459201388888876
0 0.6201215277777778 0.8745746527777778 0.02119791666666673 0.04365451388888886
0 0.6996527777777778 0.9913194444444444 0.017361111111111112 0.017361111111111112
0 0.9991319444444444 0.7764756944444444 0.001736111111111111 0.05642361111111111
0 0.9130729166666668 0.8460590277777778 0.01530381944444454 0.030937500000000086
0 0.941701388888889 0.8646354166666667 0.03092881944444454 0.06461805555555561
0 0.99609375 0.9943576388888888 0.0078125 0.011284722222222222