0 0.22205729166666663 0.72046875 0.05586805555555527 0.0859375
0 0.22533854166666678 0.5765104166666668 0.06044270833333343 0.08072916666666667
0 0.23710069444444434 0.6403125000000001 0.07132812500000006 0.08830729166666668
0 0.30188368055555553 0.6331510416666668 0.027369791666666445 0.0548524305555556
0 0.25639756944444436 0.8742795138888889 0.026987847222222347 0.07303819444444473
0 0.2968315972222221 0.5902951388888888 0.02242187499999994 0.05242187499999989
0 0.2803732638888887 0.5629166666666667 0.03263020833333346 0.057092013888888876
0 0.29620659722222226 0.5032986111111111 0.03142361111111095 0.09317708333333347
0 0.22454861111111096 0.4880121527777778 0.05297743055555534 0.07556423611111127
0 0.24376736111111125 0.4558246527777777 0.05407118055555552 0.04274305555555537
0 0.20590277777777763 0.3851996527777778 0.06038194444444479 0.09975694444444451
0 0.2571354166666665 0.35211805555555564 0.05082465277777794 0.07723958333333335
0 0.27419270833333326 0.2933159722222223 0.06286458333333339 0.07745659722222224
0 0.19060763888888882 0.11632812499999999 0.04714409722222257 0.0773958333333332
0 0.3138020833333333 0.0026041666666666665 0.03732638888888889 0.005208333333333333
0 0.3056770833333332 0.022743055555555596 0.028637152777777588 0.027187500000000142
0 0.7408854166666666 0.016927083333333332 0.028645833333333332 0.033854166666666664
0 0.8980295138888891 0.13674479166666664 0.018307291666666795 0.03887152777777795
0 0.7554427083333333 0.2283333333333333 0.036206597222222255 0.06755208333333347
0 0.7383680555555555 0.30848958333333343 0.028784722222222097 0.07038194444444439
0 0.8859201388888889 0.45808159722222225 0.03421006944444432 0.06502604166666653
0 0.7609374999999999 0.46231770833333324 0.03234375000000019 0.048237847222222366
0 0.7604166666666666 0.8868142361111112 0.06546006944444432 0.060859374999999716
0 0.8108333333333333 0.9604253472222221 0.08459201388888873 0.07734375000000032
0 0.8444270833333335 0.9535850694444447 0.07404513888888904 0.07895833333333337
0 0.7500954861111112 0.5694270833333334 0.06116319444444448 0.051510416666666795
0 0.8029774305555557 0.35387152777777786 0.02429687499999981 0.042300347222222236
0 0.9036458333333334 0.03732638888888889 0.019097222222222224 0.07465277777777778
0 0.8615451388888888 0.9878472222222222 0.05642361111111111 0.024305555555555556
0 0.2168923611111112 0.19237847222222212 0.05239583333333305 0.0905729166666668
0 0.31543402777777785 0.23259548611111114 0.02134548611111124 0.03945312499999984
0 0.20714409722222232 0.06975694444444436 0.018628472222222255 0.027734374999999842
0 0.18126736111111125 0.19260416666666677 0.012994791666666887 0.033090277777777684
0 0.1710156250000002 0.42077256944444447 0.03941840277777765 0.07572916666666647
0 0.3209635416666667 0.1171875 0.01308159722222197 0.044088541666666634
0 0.14641493055555563 0.6194618055555554 0.01840277777777762 0.04123263888888889
0 0.8595659722222221 0.8692708333333334 0.04138888888888914 0.0481336805555554
0 0.8360416666666666 0.9005815972222221 0.04106770833333368 0.035347222222222446
0 0.8793402777777778 0.7800520833333332 0.02436631944444419 0.03578993055555538
0 0.8006076388888891 0.5576562500000001 0.01501736111111127 0.019722222222222047
0 0.7937934027777777 0.4510156249999999 0.015138888888888542 0.01822048611111092
0 0.8213715277777776 0.3522135416666667 0.014036458333333397 0.024279513888888715
0 0.7658506944444446 0.30098958333333337 0.013888888888888888 0.039270833333333144
0 0.7443055555555556 0.06032118055555556 0.03947916666666629 0.04195312499999994