0 0.7350781249999999 0.44825520833333343 0.02215277777777776 0.03726562499999986
0 0.9547569444444446 0.5773524305555555 0.02054687500000006 0.03696180555555549
0 0.9520225694444444 0.4582899305555556 0.025312499999999873 0.03327256944444438
0 0.9656597222222223 0.4522569444444444 0.024809027777777715 0.031770833333333255
0 0.9344357638888887 0.43110243055555564 0.01730902777777743 0.0260850694444446
0 0.9477430555555557 0.38161458333333326 0.02340277777777781 0.030989583333333175
0 0.9492534722222222 0.3496267361111111 0.022248263888888984 0.030763888888888938
0 0.9494791666666669 0.5294357638888889 0.011892361111110953 0.02087673611111127
0 0.9305121527777777 0.26907986111111115 0.020798611111111143 0.02287326388888881
0 0.7011631944444444 0.3378732638888889 0.017413194444444398 0.034383680555555664
0 0.6808506944444443 0.8334722222222221 0.00639756944444435 0.032552083333333336