0 0.649435763888889 0.09866319444444452 0.016145833333333255 0.023984375000000096
0 0.6505121527777779 0.15347222222222218 0.014149305555555713 0.02039062499999981
0 0.6470572916666667 0.19513888888888886 0.012769097222222255 0.025373263888888904
0 0.6223871527777778 0.21757812500000007 0.01174479166666684 0.02709201388888892
0 0.5706597222222223 0.24906250000000008 0.015069444444444555 0.029314236111111096
0 0.5688628472222221 0.33877604166666664 0.014470486111111173 0.028559027777777857
0 0.5948871527777777 0.4050086805555555 0.017708333333333413 0.02882812500000003
0 0.5815972222222222 0.4372135416666667 0.006111111111111079 0.013498263888889047
0 0.5871527777777779 0.4607552083333333 0.011006944444444302 0.02054687500000006
0 0.6302864583333333 0.42443576388888893 0.00753472222222208 0.00866319444444446
0 0.63453125 0.43096354166666667 0.005373263888888936 0.01763888888888903
0 0.6114843750000001 0.5288975694444444 0.015581597222222065 0.022204861111111047
0 0.6342274305555556 0.5986631944444445 0.010824652777777603 0.023967013888889
0 0.5846354166666666 0.5875520833333332 0.014939236111111143 0.021467013888888904
0 0.5916753472222221 0.5685243055555556 0.017916666666666557 0.024149305555555698
0 0.5899131944444443 0.4918229166666666 0.008315972222222159 0.02054687500000006
0 0.5757986111111111 0.6154253472222222 0.013845486111110953 0.024062499999999827
0 0.5919531250000001 0.6352083333333334 0.009079861111111143 0.01991319444444449
0 0.6169010416666667 0.6184635416666667 0.013715277777777935 0.024618055555555667
0 0.6042708333333332 0.6337934027777778 0.012100694444444492 0.022135416666666668
0 0.6215190972222222 0.6431857638888889 0.010711805555555683 0.021588541666666572
0 0.5711371527777778 0.6957291666666667 0.014878472222222112 0.02311631944444454
0 0.6362239583333333 0.6636111111111112 0.013880208333333144 0.02655381944444457
0 0.6331510416666668 0.7300954861111111 0.016710069444444444 0.02282986111111127
0 0.5566493055555556 0.7244704861111111 0.010746527777777872 0.019166666666666603
0 0.6174131944444444 0.8440798611111112 0.015616319444444256 0.03126736111111149
0 0.5852170138888889 0.8603993055555554 0.015425347222222207 0.022482638888888573
0 0.5912239583333333 0.8875000000000001 0.015355902777777826 0.02618055555555543
0 0.6167621527777778 0.9637760416666666 0.01399305555555546 0.04137152777777765
0 0.6153124999999999 0.8875607638888887 0.015512152777777684 0.02813368055555543
0 0.5951302083333333 0.917204861111111 0.011015625000000048 0.026831597222222097
0 0.5765190972222223 0.966328125 0.03392361111111105 0.04111111111111083
0 0.5961284722222222 0.9719184027777779 0.020746527777777857 0.045112847222222446
0 0.9156423611111113 0.28578125000000004 0.023333333333333428 0.0717534722222221
0 0.9513368055555556 0.2626128472222222 0.01951388888888851 0.031762152777777906
0 0.9694618055555557 0.28784722222222214 0.05068576388888917 0.056840277777777795
0 0.9926215277777778 0.19791666666666666 0.014756944444444444 0.057291666666666664
0 0.9774565972222224 0.14408854166666668 0.02401041666666654 0.03269965277777784
0 0.9871006944444444 0.06317708333333331 0.022543402777778 0.026788194444444555
0 0.9692534722222221 0.22980902777777779 0.019574652777777937 0.03647569444444443
0 0.9861979166666666 0.2300347222222222 0.01138020833333305 0.014097222222222032
0 0.9760243055555556 0.046527777777777696 0.014366319444444602 0.023359374999999873
0 0.6343749999999999 0.10874131944444443 0.017309027777777826 0.02305555555555551
0 0.6154427083333334 0.14375868055555546 0.018975694444444555 0.027213541666666587
0 0.6026736111111111 0.2393576388888889 0.009253472222222095 0.021319444444444398
0 0.6123958333333334 0.24209201388888898 0.007664930555555493 0.02801215277777776
0 0.5844184027777778 0.28834201388888897 0.011206597222222095 0.018637152777777603
0 0.5991493055555556 0.3330468750000001 0.011510416666666856 0.018940972222222366
0 0.583359375 0.5071788194444444 0.006579861111111048 0.014982638888889078
0 0.6086024305555555 0.6985243055555556 0.003680555555555366 0.01169270833333316
0 0.6368055555555555 0.5475781249999999 0.007890625000000127 0.017621527777777937
0 0.5887065972222223 0.31435763888888896 0.008723958333333491 0.01761284722222219
0 0.6031770833333332 0.3141666666666667 0.011319444444444413 0.01853298611111103
0 0.9965277777777778 0.7977430555555556 0.006944444444444444 0.050347222222222224
0 0.9809461805555557 0.5548871527777778 0.02737847222222219 0.03741319444444437
0 0.9098003472222224 0.6303298611111112 0.007187499999999779 0.020338541666666526
0 0.9321614583333333 0.5086631944444444 0.009019097222222506 0.01927951388888892
0 0.54796875 0.9028472222222221 0.017473958333333428 0.03532986111111095
0 0.5859375 0.9969618055555556 0.03125 0.006076388888888889
0 0.559453125 0.9634895833333333 0.02305555555555551 0.033611111111111334