0 0.48916666666666664 0.4198784722222221 0.014678819444444317 0.045381944444444225
0 0.4855815972222221 0.07160590277777759 0.007517361111110985 0.013845486111110953
0 0.48756076388888897 0.09127604166666675 0.009097222222221844 0.02381076388888914
0 0.9117534722222224 0.3781944444444443 0.02693576388888867 0.06199652777777784
0 0.8141145833333334 0.3696527777777779 0.016163194444444348 0.040703125000000284
0 0.9224999999999999 0.34988715277777793 0.018211805555555176 0.04078124999999962
0 0.8467100694444443 0.06596354166666647 0.020633680555555936 0.03701388888888917
0 0.8331684027777777 0.0878732638888889 0.03812500000000006 0.0546875
0 0.8291579861111111 0.041666666666666664 0.02589409722222216 0.03419270833333362
0 0.8101128472222222 0.06226562500000002 0.014322916666666666 0.04722222222222191
0 0.36777777777777765 0.09435763888888873 0.007361111111110732 0.037421874999999716