0 0.16630208333333335 0.6512934027777777 0.03500868055555554 0.07020833333333343
0 0.34289930555555553 0.6863541666666667 0.023923611111111062 0.07158854166666649
0 0.1693923611111111 0.6103211805555555 0.04806423611111112 0.06041666666666659
0 0.25047743055555555 0.5170052083333333 0.05214409722222227 0.06280381944444437
0 0.2700607638888889 0.3347829861111112 0.029461805555555602 0.05575520833333335
0 0.18786458333333333 0.30934895833333326 0.024861111111111098 0.03925347222222205
0 0.24738715277777779 0.35746527777777776 0.02534722222222226 0.03239583333333348
0 0.17859375 0.36803819444444447 0.020060763888888902 0.02775173611111094
0 0.17447048611111113 0.44322048611111103 0.018689236111111087 0.035503472222222304
0 0.20203993055555555 0.5794965277777777 0.017126736111111127 0.029696180555555587
0 0.19997395833333334 0.2909635416666667 0.02674479166666667 0.019661458333333413
0 0.22093749999999998 0.2905295138888889 0.027543402777777795 0.041345486111111204
0 0.29016493055555553 0.6162673611111111 0.024982638888888867 0.03452256944444443
0 0.6689496527777777 0.5683680555555556 0.07862847222222216 0.11166666666666655
0 0.7798003472222222 0.45131076388888897 0.058854166666666624 0.06554687500000018
0 0.6972395833333334 0.4260503472222222 0.05594618055555559 0.08507812500000018
0 0.7478385416666666 0.39506944444444436 0.05851562500000007 0.08747395833333332
0 0.6300694444444445 0.33076388888888886 0.05616319444444448 0.08987847222222219
0 0.6985503472222222 0.3336979166666667 0.0852083333333334 0.1180642361111113
0 0.6598263888888889 0.25490451388888896 0.08802951388888897 0.10589409722222204
0 0.6468402777777778 0.1507725694444445 0.08600694444444439 0.1446267361111112
0 0.6559548611111111 0.06349826388888896 0.0987152777777778 0.08987847222222219
0 0.7631510416666667 0.23289062499999996 0.13295138888888897 0.15009548611111098
0 0.7332725694444444 0.11391493055555557 0.09482638888888889 0.1262065972222221
0 0.7842534722222223 0.08477430555555562 0.07784722222222228 0.09059895833333324
0 0.8644010416666666 0.12921006944444435 0.03452256944444443 0.11256076388888896
0 0.6870659722222222 0.025173611111111112 0.0842013888888889 0.050347222222222224
0 0.7686631944444444 0.023871527777777776 0.08072916666666667 0.04774305555555555
0 0.775390625 0.33769965277777775 0.06865451388888882 0.06462673611111096
0 0.8741319444444444 0.013454861111111112 0.013888888888888888 0.026909722222222224