0 0.03500868055555549 0.13164930555555543 0.032126736111111304 0.05615451388888854
0 0.26132812500000013 0.11013888888888898 0.031137152777777684 0.0572048611111108
0 0.27263020833333346 0.16148437500000018 0.023333333333333428 0.03092881944444454
0 0.7599826388888888 0.003472222222222222 0.026909722222222224 0.006944444444444444
0 0.2937413194444443 0.07177083333333319 0.008845486111110764 0.024418402777777872
0 0.06938368055555541 0.21290798611111109 0.022065972222222285 0.03223958333333362
0 0.10220486111111092 0.3845659722222222 0.04039930555555552 0.05863715277777794
0 0.11906249999999988 0.37833333333333347 0.026996527777778095 0.07048611111111096
0 0.2495659722222222 0.004774305555555556 0.006076388888888889 0.009548611111111112
0 0.24498263888888872 0.013098958333333459 0.007847222222222191 0.01060763888888911
0 0.08124131944444457 0.2789843749999999 0.032152777777777745 0.04437499999999991
0 0.7535937499999998 0.06897569444444447 0.028845486111110732 0.036597222222222094