0 0.41841145833333354 0.8690711805555554 0.039053819444444256 0.09107638888888896
0 0.46140624999999996 0.8388541666666667 0.04427951388888908 0.0837673611111111
0 0.5128298611111113 0.7917881944444445 0.04526909722222191 0.09421006944444442
0 0.5261892361111111 0.5757378472222222 0.017222222222222347 0.04391493055555548
0 0.5133420138888888 0.4649913194444444 0.02342013888888851 0.041449652777777776
0 0.49009548611111126 0.49737847222222226 0.023055555555555902 0.03991319444444446
0 0.5469531250000002 0.6184809027777778 0.01392361111111108 0.05304687499999991
0 0.5456249999999999 0.6635503472222222 0.015277777777778093 0.0676475694444445
0 0.8616666666666666 0.9144444444444445 0.034123263888889234 0.07392361111111098
0 0.7543402777777778 0.9904513888888888 0.034722222222222224 0.019097222222222224
0 0.7391493055555556 0.9774305555555556 0.030381944444444444 0.04513888888888889
0 0.8433506944444444 0.7777604166666667 0.04069444444444454 0.09321180555555565
0 0.5078125 0.9717881944444444 0.03298611111111111 0.05642361111111111
0 0.5165277777777777 0.7096354166666666 0.024774305555555525 0.025217013888888848
0 0.464079861111111 0.7125347222222222 0.018819444444444697 0.03029513888888897
0 0.49907986111111113 0.6142708333333333 0.013897569444444634 0.030442708333333277