0 0.47883680555555547 0.43486111111111114 0.0225607638888887 0.03796874999999981
0 0.46991319444444435 0.48710069444444454 0.03915798611111122 0.06883680555555571
0 0.45793402777777775 0.581076388888889 0.029305555555555744 0.05633680555555563
0 0.4488541666666666 0.6926562500000001 0.04872395833333343 0.06493923611111106
0 0.4635850694444444 0.7576475694444444 0.04082465277777795 0.07130208333333342
0 0.39868923611111107 0.8490190972222224 0.018871527777777588 0.06915798611111118
0 0.7415538194444444 0.38397569444444435 0.03744791666666655 0.07557291666666661
0 0.7540104166666666 0.46713541666666675 0.04255208333333332 0.06818576388888904
0 0.7638715277777778 0.5392621527777778 0.03848958333333346 0.0695833333333332
0 0.7722309027777775 0.19511284722222222 0.03617187499999987 0.08937500000000004
0 0.9991319444444444 0.06987847222222222 0.001736111111111111 0.0842013888888889