0 0.14322916666666666 0.9670138888888888 0.029513888888888888 0.06597222222222222
0 0.16309027777777788 0.7248090277777778 0.009409722222222349 0.018914930555555525
0 0.15664062500000003 0.7360763888888889 0.011310763888889063 0.015000000000000173
0 0.13796875000000006 0.7306597222222222 0.01625868055555557 0.020746527777777857
0 0.5614149305555556 0.23113715277777777 0.012248263888889 0.01985243055555546
0 0.5800607638888889 0.4394010416666667 0.02046874999999994 0.032751736111111124
0 0.5773524305555555 0.4820746527777777 0.02588541666666681 0.023454861111111096
0 0.5791579861111111 0.5020833333333334 0.024670138888888953 0.026597222222222112
0 0.9678906250000002 0.9471874999999998 0.017369791666666856 0.048376736111110735
0 0.9586805555555556 0.9679427083333335 0.012074652777777651 0.02146701388888851
0 0.9459201388888887 0.9208246527777777 0.01618055555555584 0.025286458333333428
0 0.9739583333333334 0.7938107638888887 0.028932291666666603 0.0426215277777779