0 0.4784461805555556 0.9413541666666667 0.011501736111111112 0.01840277777777762
0 0.49024305555555553 0.9465277777777779 0.012092013888888746 0.025060763888888796
0 0.47927083333333326 0.9693402777777779 0.013151041666666745 0.021388888888888777
0 0.47478298611111114 0.9133333333333334 0.011527777777777951 0.017934027777777653
0 0.4851822916666667 0.9282638888888888 0.008706597222222397 0.013055555555555523
0 0.4682378472222223 0.9217187499999999 0.010468749999999952 0.01985243055555546
0 0.48532986111111104 0.9106076388888888 0.00842013888888873 0.014401041666666793
0 0.4761979166666666 0.9250434027777779 0.00828124999999997 0.008168402777777651
0 0.47326388888888893 0.8666753472222222 0.010607638888888715 0.02296875000000003
0 0.468984375 0.8496875 0.01125000000000003 0.017300347222222276
0 0.48001736111111115 0.8513802083333333 0.009131944444444429 0.016102430555555516