0 0.14322916666666666 0.0013020833333333333 0.029513888888888888 0.0026041666666666665
0 0.5559375000000001 0.3510156249999999 0.029088541666666856 0.05263020833333343
0 0.5614670138888889 0.1851996527777777 0.03322916666666684 0.052126736111111266
0 0.5411197916666666 0.15536458333333336 0.03211805555555555 0.06328993055555543
0 0.5627604166666667 0.16920138888888894 0.03187499999999983 0.04103298611111149
0 0.5196440972222223 0.12077256944444453 0.01197048611111108 0.03296006944444466
0 0.5555208333333334 0.11337673611111122 0.01985243055555546 0.025555555555555207
0 0.9206423611111111 0.23357638888888882 0.02434895833333349 0.047630208333333236
0 0.9366840277777777 0.14056423611111096 0.02736111111111149 0.04175347222222254
0 0.9404774305555554 0.1021093750000001 0.03174479166666641 0.04352430555555584
0 0.9585937500000001 0.027942708333333382 0.020451388888889237 0.049678819444444064
0 0.9396180555555556 0.046527777777777696 0.026961805555555902 0.04580729166666705