0 0.09594618055555554 0.30252604166666663 0.032005208333333236 0.052361111111111254
0 0.0909027777777778 0.3564756944444445 0.03877604166666673 0.06227430555555537
0 0.3432552083333334 0.602326388888889 0.01004340277777792 0.024704861111111143
0 0.3402777777777778 0.561423611111111 0.012196180555555713 0.013967013888889015
0 0.3503385416666666 0.4237760416666667 0.04144097222222203 0.07523437500000006
0 0.35686631944444436 0.2753211805555556 0.04051215277777784 0.07599826388888904
0 0.6244097222222221 0.6883072916666667 0.027560763888888888 0.07538194444444457
0 0.5655555555555556 0.6868142361111111 0.035269097222222316 0.05828993055555563
0 0.5493663194444444 0.6388888888888888 0.02652777777777773 0.07215277777777768
0 0.5409375000000001 0.5826041666666667 0.02065972222222238 0.04469618055555537
0 0.5470052083333334 0.450407986111111 0.03272569444444429 0.05311631944444449
0 0.5709895833333333 0.4974652777777777 0.03298611111111111 0.03726562499999986
0 0.6098611111111111 0.5089670138888889 0.020277777777777888 0.023802083333333397
0 0.5877083333333333 0.46388888888888896 0.035868055555555695 0.04730034722222203
0 0.5705902777777777 0.40557291666666667 0.053342013888888734 0.0628472222222223
0 0.597751736111111 0.3793489583333333 0.032690972222222094 0.03999999999999994
0 0.5434114583333334 0.2823871527777777 0.027647569444444367 0.03428819444444445
0 0.5944184027777778 0.28828124999999993 0.014409722222222143 0.02123263888888892
0 0.5786197916666667 0.13730902777777784 0.011354166666666603 0.009019097222222112
0 0.5756597222222223 0.11493923611111118 0.009661458333333428 0.020329861111111173
0 0.5772569444444444 0.013454861111111112 0.013888888888888888 0.026909722222222224
0 0.5148263888888889 0.01867187499999999 0.005208333333333333 0.03345486111111108
0 0.8970659722222223 0.33881076388888887 0.03164062499999984 0.04447916666666648
0 0.8452864583333333 0.3509027777777778 0.013593749999999873 0.03789062500000008
0 0.9094444444444443 0.5808506944444445 0.03179687500000009 0.052387152777777696
0 0.873472222222222 0.6371267361111111 0.03545138888888902 0.059435763888888715
0 0.8592013888888891 0.7410763888888889 0.023862847222222032 0.05197048611111102
0 0.8877604166666665 0.7477430555555556 0.02827256944444419 0.05504340277777765
0 0.8521180555555554 0.7956770833333332 0.0227430555555554 0.042951388888888706
0 0.8822048611111113 0.9159374999999998 0.038454861111111266 0.07477430555555584
0 0.8368055555555556 0.9904513888888888 0.010416666666666666 0.019097222222222224
0 0.8606597222222222 0.9858420138888889 0.009713541666666319 0.0182725694444446