0 0.8098958333333334 0.010850694444444444 0.024305555555555556 0.021701388888888888
0 0.8292968749999999 0.03186631944444448 0.01808159722222216 0.02652777777777773
0 0.814027777777778 0.03671006944444441 0.015104166666666351 0.026927083333333317
0 0.8223958333333334 0.054496527777777755 0.023923611111111458 0.02510416666666673
0 0.8144010416666667 0.11507812499999995 0.023324652777777684 0.03166666666666668
0 0.8160243055555555 0.15144097222222225 0.024392361111111427 0.032708333333333194
0 0.8302604166666667 0.22983506944444443 0.02478298611111127 0.021579861111111223
0 0.8305902777777779 0.20567708333333337 0.024991319444444413 0.03364583333333352
0 0.8485416666666666 0.15385416666666668 0.014105902777777778 0.04814236111111114
0 0.8514670138888888 0.19539930555555549 0.012977430555555398 0.03868055555555551
0 0.8539583333333335 0.24289062499999994 0.013237847222222222 0.033064236111111235
0 0.8556510416666667 0.27736979166666664 0.014505208333333365 0.035364583333333144
0 0.8570746527777777 0.33981770833333336 0.016293402777778156 0.032447916666666764
0 0.8595312499999999 0.35675347222222226 0.013836805555555208 0.030598958333333332
0 0.8293663194444443 0.3619878472222222 0.021935763888889268 0.03695312500000014
0 0.8423090277777779 0.38574652777777785 0.023923611111111458 0.02703124999999989
0 0.8270052083333334 0.4038194444444445 0.015164930555555777 0.029687499999999842
0 0.8336111111111113 0.4353819444444444 0.010781250000000063 0.017378472222222205
0 0.8410156249999999 0.40368923611111107 0.01125000000000003 0.017690972222222316
0 0.8619531249999999 0.526154513888889 0.016493055555555556 0.03164062499999984
0 0.8687847222222224 0.5384895833333333 0.00946180555555524 0.022890624999999904
0 0.864939236111111 0.489375 0.017161458333333712 0.046145833333333205
0 0.8693489583333331 0.5808159722222221 0.008993055555555272 0.02990451388888873