0 0.6633506944444445 0.5278472222222221 0.027925347222222285 0.04841145833333332
0 0.6592881944444444 0.24502604166666664 0.019861111111111204 0.034574652777777715
0 0.6601822916666666 0.22577256944444438 0.023142361111110985 0.028645833333333332
0 0.6470833333333333 0.24025173611111109 0.014322916666666666 0.027994791666666668
0 0.8420225694444446 0.7755555555555556 0.020685763888888827 0.047065972222222245
0 0.8085503472222221 0.8603472222222222 0.022248263888888984 0.035685763888888604
0 0.8055121527777777 0.91234375 0.02461805555555527 0.05065104166666698
0 0.8269444444444444 0.9270920138888891 0.02660590277777746 0.055217013888888604
0 0.5179513888888889 0.5440798611111111 0.009644097222222333 0.0344618055555554
0 0.8073090277777778 0.9389062499999999 0.015295138888888794 0.020885416666667014
0 0.8037760416666665 0.9631944444444444 0.010746527777777872 0.014539930555555556
0 0.8131944444444446 0.9577343749999999 0.015668402777777937 0.015442708333333301
0 0.6678298611111111 0.19484375000000004 0.01125000000000003 0.026605902777777857
0 0.6489583333333333 0.27552083333333344 0.016892361111111143 0.030954861111110985
0 0.8617100694444445 0.237421875 0.013671875 0.026258680555555556