0 0.5590277777777778 0.013020833333333334 0.03298611111111111 0.026041666666666668
0 0.6532118055555556 0.013888888888888888 0.044270833333333336 0.027777777777777776
0 0.7009548611111112 0.04991319444444445 0.04600694444444445 0.0998263888888889
0 0.6709461805555555 0.1759114583333334 0.06810763888888892 0.0912499999999999
0 0.700546875 0.12599826388888896 0.027925347222222285 0.06487847222222204
0 0.6056423611111111 0.06939236111111116 0.046597222222222276 0.09425347222222216
0 0.5556510416666667 0.1253472222222223 0.04258680555555551 0.06173611111111102
0 0.535078125 0.15511284722222227 0.030798611111111127 0.06161458333333295
0 0.5308072916666666 0.04789062500000006 0.027456597222222316 0.07730034722222238
0 0.5439236111111111 0.2977517361111113 0.05170138888888884 0.1264583333333336
0 0.5710416666666667 0.3836284722222223 0.0560937500000001 0.09715277777777784
0 0.5267534722222222 0.38866319444444425 0.028168402777777816 0.09763020833333355
0 0.5857118055555556 0.3040104166666665 0.04295138888888891 0.06843750000000012
0 0.6880208333333333 0.35808159722222244 0.05868923611111102 0.06507812500000022
0 0.6001388888888889 0.18105034722222235 0.01921006944444454 0.020329861111111173
0 0.5357552083333333 0.1066753472222221 0.031519097222222174 0.037100694444444256
0 0.5477256944444444 0.08077256944444461 0.032673611111111195 0.034965277777777554