0 0.24393229166666686 0.5465972222222221 0.03895833333333343 0.06467881944444463
0 0.2584895833333335 0.5025868055555556 0.021041666666666476 0.03221354166666638
0 0.2180729166666665 0.5065364583333335 0.020651041666666634 0.05609374999999991
0 0.2954774305555554 0.48807291666666686 0.01921006944444454 0.048046875000000315
0 0.2640798611111109 0.41693576388888887 0.02139756944444413 0.05119791666666629
0 0.2826475694444446 0.4103038194444445 0.01985243055555546 0.030199652777777745
0 0.30371527777777785 0.32907986111111104 0.02981770833333365 0.05031250000000003
0 0.26233506944444446 0.34264756944444447 0.019956597222222032 0.03721354166666657
0 0.3146875 0.2589409722222224 0.021267361111111112 0.04463541666666673
0 0.6376041666666666 0.6361024305555555 0.021059027777777968 0.05095486111111095
0 0.6364496527777779 0.5578819444444443 0.014045138888889142 0.04117187500000025
0 0.7126041666666667 0.1401822916666665 0.023784722222221905 0.06007812500000003
0 0.7381250000000001 0.14370659722222237 0.009131944444444824 0.05421006944444429
0 0.7419357638888889 0.05899305555555559 0.012065972222221907 0.06517361111111104
0 0.6727430555555556 0.01953125 0.027777777777777776 0.0390625
0 0.7313368055555556 0.010416666666666666 0.025173611111111112 0.020833333333333332
0 0.9268750000000002 0.16034722222222206 0.024939236111110732 0.057343750000000346
0 0.9359461805555556 0.1185937499999999 0.025833333333333524 0.05214409722222197
0 0.9499565972222221 0.30540798611111103 0.02589409722222216 0.03421875000000006
0 0.2799479166666667 0.5797135416666666 0.023984375000000096 0.04282118055555549
0 0.6364670138888889 0.5257291666666666 0.0158246527777774 0.0243142361111113
0 0.6217708333333335 0.35868923611111114 0.006085069444444634 0.06363715277777812