0 0.5823871527777778 0.03445312500000005 0.038862847222222205 0.06464409722222204
0 0.5911024305555556 0.08156250000000004 0.01782986111111108 0.023663194444444632
0 0.491953125 0.47983506944444443 0.02198784722222216 0.06778645833333347
0 0.46629340277777775 0.7841145833333335 0.024409722222222128 0.08428819444444456
0 0.5419270833333333 0.8152430555555554 0.03390624999999995 0.057612847222222124
0 0.5655989583333334 0.8225694444444444 0.03270833333333339 0.06298611111111146
0 0.5530815972222222 0.7712586805555558 0.03296006944444447 0.0427864583333335
0 0.5577604166666666 0.7485677083333333 0.0340798611111111 0.015980902777777653
0 0.5835677083333333 0.7654340277777776 0.022717013888888953 0.05342881944444441
0 0.7970138888888889 0.6968489583333333 0.010668402777777745 0.02492187500000003
0 0.7939756944444444 0.7826475694444446 0.03120659722222226 0.029105902777777755
0 0.837013888888889 0.7828385416666666 0.012873263888888827 0.04019097222222238