0 0.33927951388888883 0.954123263888889 0.02749131944444451 0.06578124999999978
0 0.30092013888888897 0.8377343750000001 0.05728298611111092 0.08030381944444463
0 0.27758680555555554 0.7717100694444442 0.06928819444444459 0.09538194444444434
0 0.27903645833333335 0.6746788194444444 0.06495659722222216 0.09086805555555541
0 0.21869791666666671 0.5719270833333332 0.021909722222222032 0.07399305555555537
0 0.22149305555555562 0.4955642361111112 0.02570312500000011 0.07560763888888881
0 0.30542534722222214 0.2885503472222223 0.023880208333333524 0.06232638888888905
0 0.2882378472222222 0.2155208333333333 0.03733506944444463 0.07332465277777761
0 0.2795746527777777 0.2678732638888888 0.027230902777777684 0.04942708333333338
0 0.8016493055555556 0.009982638888888888 0.07552083333333333 0.019965277777777776
0 0.7673611111111112 0.026909722222222224 0.0798611111111111 0.05381944444444445
0 0.8134288194444446 0.08627604166666675 0.06926215277777775 0.11612847222222239
0 0.8333680555555555 0.20842881944444436 0.042534722222222224 0.11836805555555567
0 0.8054600694444444 0.34746527777777775 0.03820312500000019 0.08177083333333318
0 0.762144097222222 0.38703124999999994 0.04311631944444431 0.08243055555555559
0 0.3048871527777778 0.4183159722222223 0.018663194444444444 0.03213541666666665
0 0.8010069444444446 0.16428819444444442 0.030347222222222255 0.0609114583333334
0 0.8441840277777778 0.022569444444444444 0.026909722222222224 0.04513888888888889
0 0.7271093750000001 0.08915798611111114 0.013906249999999985 0.0834722222222221
0 0.7683593750000001 0.27161458333333344 0.07412326388888897 0.05781249999999992
0 0.8388368055555557 0.6400086805555555 0.01005208333333327 0.03784722222222214
0 0.26412326388888885 0.3478732638888889 0.008446180555555571 0.02513888888888892