0 0.8663107638888887 0.6952430555555557 0.048376736111110735 0.058940972222222304
0 0.8531597222222224 0.6607465277777779 0.030434027777778126 0.05263020833333343
0 0.8714149305555554 0.6499826388888889 0.02315104166666673 0.03171874999999997
0 0.8742708333333332 0.6033159722222222 0.03047743055555527 0.0506163194444444
0 0.8426649305555556 0.5386631944444444 0.02445312500000006 0.041848958333333366
0 0.9741059027777779 0.2180208333333334 0.03257812499999978 0.03681423611111098
0 0.9801909722222221 0.2580989583333333 0.0369097222222226 0.045824652777777745
0 0.9730208333333334 0.3364843750000001 0.04046874999999991 0.040364583333333336
0 0.9762760416666667 0.3692968750000001 0.03855902777777784 0.03515625
0 0.9748003472222221 0.3894184027777777 0.018307291666666795 0.01656249999999994
0 0.9767100694444445 0.4314756944444444 0.036137152777777876 0.06123263888888886
0 0.9995659722222222 0.8016493055555556 0.0008680555555555555 0.018229166666666668