0 0.33235243055555547 0.32021701388888896 0.03182291666666654 0.06222222222222208
0 0.33068576388888893 0.3730989583333333 0.027638888888889015 0.029600694444444367
0 0.3321875000000001 0.41299479166666664 0.02658854166666676 0.0255729166666667
0 0.3177170138888889 0.44921875 0.029062500000000015 0.04880208333333316
0 0.5288541666666666 0.4381510416666667 0.0202256944444446 0.03078125000000003
0 0.5223524305555556 0.3409375 0.024861111111111 0.037881944444444336
0 0.5260763888888889 0.40958333333333324 0.011258680555555381 0.02226562500000008
0 0.7336284722222223 0.9505208333333334 0.03265624999999991 0.04662326388888892
0 0.7585677083333332 0.4273524305555555 0.037456597222222304 0.06464409722222204
0 0.7980121527777777 0.24736111111111114 0.027769097222222032 0.05232638888888906
0 0.7998958333333334 0.13302083333333334 0.014444444444444728 0.030364583333333348