0 0.932829861111111 0.36777777777777776 0.044192708333333205 0.06753472222222218
0 0.9417795138888889 0.32153645833333333 0.043081597222222316 0.043133680555555505
0 0.9610677083333334 0.28878472222222223 0.03549479166666655 0.03769965277777773
0 0.9323003472222222 0.5569618055555555 0.035989583333333366 0.0553993055555555
0 0.9242447916666667 0.6837326388888889 0.042065972222222255 0.10498263888888894
0 0.9317013888888889 0.8200694444444445 0.04986979166666651 0.08079861111111104
0 0.9053819444444444 0.9678819444444444 0.029513888888888888 0.0642361111111111
0 0.9757378472222222 0.9839322916666666 0.019079861111111127 0.029079861111111112
0 0.9665798611111112 0.9921875 0.021701388888888888 0.015625
0 0.9781076388888889 0.30341145833333333 0.04061631944444441 0.03527777777777777
0 0.9887152777777778 0.3359375 0.022569444444444444 0.03125
0 0.9059375000000001 0.8984114583333334 0.013663194444444256 0.050251736111111
0 0.9743923611111112 0.86328125 0.051215277777777776 0.07725694444444445
0 0.9273784722222221 0.2774392361111111 0.041527777777777906 0.05302083333333337
0 0.9095920138888888 0.85734375 0.021840277777777653 0.035494791666666754