0 0.009982638888888888 0.7391493055555556 0.019965277777777776 0.051215277777777776
0 0.04111111111111102 0.7760416666666666 0.009053819444444302 0.020946180555555652
0 0.013255208333333317 0.7780034722222224 0.01647569444444446 0.014809027777777928
0 0.008680555555555556 0.5967881944444444 0.017361111111111112 0.0720486111111111
0 0.04078993055555556 0.4326475694444445 0.05506944444444449 0.09013888888888902
0 0.024305555555555556 0.2604166666666667 0.04861111111111111 0.1440972222222222
0 0.032552083333333336 0.046440972222222224 0.06510416666666667 0.09288194444444445
0 0.32251736111111107 0.48828993055555553 0.03311631944444452 0.059496527777777745
0 0.3257899305555555 0.4310937499999999 0.0442274305555554 0.07218749999999988
0 0.3749305555555556 0.18113715277777784 0.03901909722222206 0.052473958333333175
0 0.3406597222222223 0.15072916666666675 0.022986111111111127 0.03351562500000011
0 0.3357552083333333 0.0765017361111112 0.026111111111111047 0.044105902777777733