0 0.2280815972222222 0.7330121527777778 0.02813368055555543 0.05929687499999995
0 0.20372395833333337 0.83 0.03271701388888854 0.046119791666666764
0 0.23235243055555563 0.8245572916666667 0.022118055555555176 0.04415798611111102
0 0.22967013888888882 0.8560850694444445 0.032048611111111173 0.04696180555555548
0 0.19672743055555564 0.8846267361111112 0.024722222222221844 0.046440972222222224
0 0.36433159722222225 0.6880989583333333 0.038333333333333205 0.046293402777777715
0 0.37110243055555575 0.7198177083333334 0.017482638888889172 0.024123263888888857
0 0.3170312499999998 0.7321006944444445 0.021840277777777653 0.04796006944444445
0 0.38082465277777783 0.7321354166666666 0.015060763888889205 0.03785590277777769
0 0.3499565972222223 0.7678472222222221 0.03260416666666702 0.04670138888888885
0 0.3743055555555554 0.7742013888888889 0.022717013888888953 0.03516493055555555
0 0.36586805555555557 0.7959722222222223 0.031831597222222285 0.0289496527777777
0 0.34158854166666686 0.8163802083333334 0.02098090277777784 0.03610243055555548
0 0.36676215277777796 0.9490190972222222 0.016944444444444824 0.03664930555555538
0 0.6258680555555556 0.9636892361111111 0.02447916666666651 0.041605902777777634
0 0.59203125 0.9272829861111112 0.0271440972222226 0.04623263888888908
0 0.6105729166666668 0.9058333333333333 0.019071180555555775 0.0413802083333334
0 0.6245486111111112 0.9158333333333333 0.015963541666666952 0.032873263888888796
0 0.40640624999999986 0.918732638888889 0.024114583333333113 0.04718750000000011
0 0.021128472222222347 0.8570052083333333 0.022048611111110797 0.03842881944444443
0 0.02262152777777773 0.8024045138888889 0.023211805555555368 0.0422569444444445
0 0.011414930555555635 0.7774305555555556 0.01682291666666676 0.027413194444444382
0 0.015694444444444382 0.7458072916666666 0.022369791666667044 0.03948784722222223
0 0.7312500000000001 0.7778385416666667 0.02513888888888892 0.04500868055555548
0 0.7202951388888891 0.7680989583333333 0.008524305555555303 0.01630208333333331
0 0.7430295138888887 0.8259288194444445 0.015937499999999716 0.03322048611111109
0 0.7757986111111109 0.8436371527777777 0.014965277777777588 0.04314236111111115
0 0.7350781249999999 0.8730121527777778 0.017795138888888888 0.04825520833333346
0 0.7496961805555556 0.8787847222222223 0.01808159722222216 0.06086805555555566