0 0.020190972222222412 0.35484374999999996 0.031119791666666983 0.053932291666666764
0 0.32656249999999987 0.7520659722222223 0.02793402777777803 0.06810763888888892
0 0.34296874999999993 0.7178298611111111 0.024036458333332986 0.05023437499999991
0 0.3878472222222224 0.8331684027777777 0.013836805555555208 0.04176215277777749
0 0.3820659722222221 0.8753732638888887 0.014236111111110795 0.028411458333332956
0 0.3217795138888889 0.39797743055555557 0.022855902777777715 0.037942708333333366
0 0.7708333333333334 0.007378472222222222 0.006944444444444444 0.014756944444444444
0 0.7773263888888889 0.07773437499999997 0.015503472222221938 0.08401041666666684
0 0.7782378472222224 0.1800520833333334 0.009019097222222506 0.027647569444444367
0 0.7781510416666665 0.26733506944444446 0.010512152777777494 0.04263020833333345
0 0.6820138888888887 0.31346354166666657 0.019374999999999747 0.04927083333333352
0 0.7061111111111111 0.42956597222222215 0.01769965277777806 0.037942708333333366
0 0.6931944444444444 0.44897569444444446 0.010980902777777461 0.014427083333333238
0 0.6621180555555557 0.4263628472222223 0.011996527777777525 0.03570312500000009
0 0.6598697916666667 0.46032118055555554 0.012491319444444728 0.03354166666666655
0 0.7527256944444444 0.47968749999999993 0.01618055555555584 0.032621527777777715
0 0.7362760416666667 0.514765625 0.009878472222222316 0.019661458333333413
0 0.7172482638888888 0.5518055555555557 0.026666666666666887 0.04469618055555537
0 0.6692968750000001 0.6506597222222221 0.02553819444444451 0.05373263888888897
0 0.6791927083333332 0.6786718749999999 0.012855902777778126 0.021571180555555475
0 0.7373611111111111 0.7038541666666666 0.02286458333333346 0.03271701388888894
0 0.7133072916666667 0.7747135416666667 0.021935763888889268 0.04226562500000005
0 0.6811892361111112 0.8367621527777777 0.022170138888888857 0.042855902777777684
0 0.7175781250000001 0.9001822916666669 0.007395833333333712 0.013342013888888794
0 0.7260590277777779 0.9289409722222222 0.004392361111111459 0.007699652777777683
0 0.015121527777777841 0.7683246527777778 0.012586805555555556 0.06412326388888899
0 0.3476996527777779 0.8707638888888888 0.008246527777777778 0.014105902777777778
0 0.34120659722222235 0.8598177083333335 0.0072222222222219695 0.01446180555555543
0 0.34697048611111114 0.8559635416666668 0.007630208333333301 0.011362847222222349
0 0.7558940972222222 0.19636284722222225 0.016510416666667044 0.026076388888888857
0 0.7153298611111111 0.29859375 0.03596354166666692 0.0722829861111111