0 0.5465451388888889 0.7136979166666666 0.03708333333333336 0.08808159722222225
0 0.6072048611111112 0.9769965277777778 0.049479166666666664 0.04600694444444445
0 0.6296701388888889 0.8793315972222222 0.05298611111111108 0.08381944444444439
0 0.6395052083333334 0.9588628472222221 0.0666232638888889 0.08157986111111112
0 0.6379253472222222 0.7780381944444444 0.07611111111111117 0.11244791666666663
0 0.6587239583333333 0.6842621527777778 0.03927083333333334 0.08144097222222217
0 0.9055034722222223 0.8017881944444444 0.05227430555555538 0.0664236111111111
0 0.9848090277777778 0.9405381944444444 0.030381944444444444 0.09461805555555555
0 0.9796006944444444 0.8576388888888888 0.04079861111111111 0.06944444444444445
0 0.9848090277777778 0.7977430555555556 0.030381944444444444 0.06076388888888889
0 0.9626909722222222 0.7753472222222223 0.041623263888888734 0.06420138888888892
0 0.940546875 0.668984375 0.04164062499999983 0.06829861111111117
0 0.9759201388888888 0.6660503472222222 0.03796874999999981 0.06894097222222229
0 0.9440190972222222 0.5487760416666667 0.06757812499999992 0.08587673611111117
0 0.9131770833333334 0.6325954861111112 0.04072048611111098 0.06515624999999996
0 0.9320225694444445 0.6009288194444444 0.045043402777777665 0.06148437499999994