0 0.05498263888888882 0.22863715277777785 0.061302083333333236 0.10944444444444439
0 0.10664930555555546 0.25398437499999993 0.025763888888888746 0.0520399305555554
0 0.11285590277777777 0.22334201388888886 0.026128472222222143 0.03348090277777792
0 0.0868489583333333 0.12995659722222225 0.03556423611111094 0.08078124999999996
0 0.009982638888888888 0.13585069444444445 0.019965277777777776 0.12065972222222222
0 0.029513888888888888 0.11805555555555555 0.059027777777777776 0.0798611111111111
0 0.021701388888888888 0.05859375 0.043402777777777776 0.06336805555555555
0 0.08246527777777778 0.02734375 0.052083333333333336 0.0546875
0 0.07210937499999995 0.06005208333333339 0.03772569444444448 0.036675347222222224
0 0.5521874999999999 0.08417534722222225 0.05263888888888878 0.07522569444444432
0 0.575546875 0.0692708333333333 0.030564236111111143 0.04939236111111119
0 0.49778645833333335 0.026788194444444358 0.028116319444444333 0.048220486111111266
0 0.623810763888889 0.18424479166666666 0.04289062499999988 0.08981770833333316
0 0.5972048611111112 0.14086805555555554 0.042595486111111254 0.07975694444444453