0 0.7122916666666667 0.12171006944444447 0.07057291666666662 0.15155381944444457
0 0.7514149305555555 0.1816059027777778 0.05134548611111119 0.04710069444444463
0 0.7386718750000001 0.6911111111111112 0.025078125000000086 0.03388020833333351
0 0.7404427083333334 0.7418836805555556 0.018611111111111158 0.029887152777777634
0 0.7403993055555556 0.7726388888888889 0.016953124999999975 0.028706597222222168
0 0.7340798611111111 0.9261197916666666 0.01679687499999992 0.0271440972222226
0 0.7781510416666666 0.7779079861111112 0.0094184027777777 0.02368055555555553
0 0.7902083333333334 0.7679861111111111 0.011050347222222237 0.02710069444444427
0 0.7842534722222223 0.8663541666666666 0.008871527777777801 0.025885416666666414
0 0.7779253472222222 0.8921961805555555 0.009878472222222316 0.022977430555555775
0 0.7758333333333334 0.9143923611111112 0.01796006944444449 0.027239583333333428
0 0.7039149305555555 0.9416493055555557 0.013802083333333413 0.028177083333333366
0 0.7116059027777778 0.8711284722222222 0.013706597222222191 0.027248263888889172
0 0.7103732638888889 0.9244531249999999 0.010338541666666737 0.01743923611111124
0 0.7157465277777777 0.9411458333333331 0.01349826388888885 0.021050347222222224
0 0.7332118055555555 0.9721701388888889 0.014157986111111064 0.02461805555555527
0 0.7274305555555556 0.9900173611111112 0.024305555555555556 0.019965277777777776
0 0.7688715277777778 0.9567881944444443 0.0090538194444445 0.02843750000000019
0 0.7039930555555556 0.9926215277777778 0.010416666666666666 0.014756944444444444