0 0.056310763888888796 0.6477951388888888 0.040364583333333336 0.061154513888888734
0 0.045963541666666705 0.7030468750000001 0.04246527777777784 0.061362847222222267
0 0.0362326388888889 0.8231944444444446 0.03201388888888898 0.06278645833333327
0 0.0733246527777778 0.8391406250000001 0.009288194444444287 0.024392361111111427
0 0.059973958333333265 0.8405468749999999 0.012925347222222112 0.022769097222221844
0 0.07506076388888891 0.8598524305555557 0.013116319444444555 0.02736111111111149
0 0.19817708333333328 0.9185069444444444 0.00969618055555562 0.017421874999999747
0 0.22653645833333336 0.9767708333333331 0.010937499999999921 0.019288194444444667
0 0.2359635416666666 0.8859288194444446 0.018697916666666634 0.029930555555555176
0 0.24191840277777782 0.8575173611111112 0.012109374999999842 0.017499999999999873
0 0.2443576388888889 0.798767361111111 0.012552083333333365 0.021328124999999747
0 0.23249131944444437 0.8346527777777778 0.007309027777777841 0.01171875
0 0.23190104166666675 0.849375 0.009088541666666493 0.01949652777777781
0 0.22635416666666666 0.7877517361111109 0.014262152777777636 0.02074652777777766
0 0.2237673611111111 0.8032118055555557 0.010138888888888746 0.014913194444444697
0 0.21725694444444443 0.813498263888889 0.009392361111111254 0.013055555555555523
0 0.23145833333333343 0.7281597222222221 0.01707465277777784 0.027326388888888904
0 0.22494791666666675 0.7468402777777777 0.0077690972222220645 0.01594618055555546
0 0.24088541666666666 0.6364670138888889 0.015954861111111204 0.026657986111111143
0 0.2665190972222222 0.6626562500000001 0.022291666666666526 0.018611111111111158
0 0.24980034722222222 0.5754687500000001 0.009366319444444413 0.022291666666666526
0 0.26455729166666664 0.5394791666666667 0.01005208333333327 0.01836805555555543
0 0.25561631944444446 0.5493923611111112 0.0054687500000001575 0.01452256944444446
0 0.2849392361111111 0.41138888888888897 0.007152777777777588 0.013706597222222191
0 0.25772569444444454 0.8041406249999999 0.014722222222222255 0.025633680555555333
0 0.18849826388888896 0.9617447916666665 0.009574652777777951 0.018090277777777903
0 0.5188020833333334 0.3175520833333333 0.007343750000000032 0.015425347222222207
0 0.5127343750000001 0.3860590277777778 0.007048611111111016 0.020755208333333205
0 0.6672135416666668 0.8821180555555554 0.03415798611111103 0.05635416666666673
0 0.699314236111111 0.9037586805555556 0.01254340277777762 0.05155381944444473
0 0.6909982638888889 0.9266579861111113 0.014392361111111049 0.03594618055555543
0 0.7042968749999999 0.6407378472222223 0.029166666666666587 0.0388975694444444
0 0.7075520833333333 0.5876128472222223 0.03863715277777797 0.06581597222222237
0 0.7303038194444444 0.5127083333333334 0.042361111111111266 0.07432291666666657
0 0.7369618055555556 0.4437934027777778 0.03496527777777795 0.05706597222222203
0 0.9851909722222223 0.4606597222222223 0.011710069444444256 0.01903645833333319
0 0.9790885416666666 0.4806684027777778 0.015043402777777715 0.028741319444444555
0 0.9313368055555556 0.8167534722222223 0.0275434027777774 0.049157986111111204
0 0.9239062500000002 0.8645138888888889 0.034131944444444194 0.07736111111111102
0 0.9670659722222221 0.8645746527777776 0.04155381944444435 0.06603298611111086
0 0.30684895833333337 0.4122656250000001 0.00783854166666684 0.014539930555555556
0 0.3013628472222223 0.4586979166666667 0.006519097222222412 0.01502604166666662
0 0.05763888888888897 0.4666406249999999 0.023263888888889046 0.027743055555555587
0 0.06684027777777778 0.48144965277777785 0.013828124999999858 0.012491319444444334
0 0.06602430555555551 0.5445572916666666 0.015989583333333397 0.03155381944444437
0 0.2672482638888888 0.5178732638888888 0.010503472222222143 0.02016493055555557
0 0.2951215277777778 0.5280381944444444 0.012413194444444602 0.029487847222222047
0 0.31033854166666663 0.5113020833333333 0.013871527777777793 0.031918402777777764
0 0.3090711805555555 0.5578211805555555 0.007161458333333333 0.02596354166666654
0 0.29263020833333325 0.6078732638888888 0.012239583333333255 0.025920138888889
0 0.24398437499999995 0.6177170138888888 0.007656250000000142 0.007387152777777967
0 0.24692708333333335 0.6821701388888888 0.011605902777777684 0.019947916666666683
0 0.2081423611111111 0.767873263888889 0.0075520833333331755 0.021736111111111275
0 0.22408854166666675 0.8199479166666666 0.006909722222222254 0.014730902777777999
0 0.2311805555555555 0.8152864583333334 0.009001736111111016 0.028749999999999904
0 0.24194444444444446 0.8311458333333334 0.008828125000000063 0.016874999999999654
0 0.24438368055555554 0.9198350694444445 0.007612847222222207 0.020581597222222255
0 0.06472222222222218 0.9446267361111111 0.012430555555555698 0.026666666666666887
0 0.9525607638888888 0.7609027777777777 0.01374131944444438 0.02242187499999994