0 0.5601475694444444 0.9795399305555557 0.0184722222222222 0.036137152777777876
0 0.5715017361111111 0.9432291666666666 0.025581597222222245 0.03814236111111116
0 0.5940277777777778 0.7682465277777778 0.03615451388888897 0.055815972222222184
0 0.8061458333333333 0.7648524305555555 0.037552083333333326 0.03967881944444448
0 0.8115104166666667 0.8016145833333334 0.04539062499999997 0.04618055555555559
0 0.8187500000000001 0.8537586805555555 0.04585937499999994 0.05782118055555547
0 0.7968663194444444 0.8703125 0.014001736111111206 0.05469618055555555
0 0.8120225694444445 0.8771006944444444 0.019618055555555475 0.027621527777777724
0 0.8209461805555556 0.9385590277777778 0.04405381944444445 0.09236979166666653
0 0.87109375 0.9943576388888888 0.0078125 0.011284722222222222
0 0.8541666666666666 0.99609375 0.03125 0.0078125
0 0.5720833333333333 0.6046267361111111 0.03555555555555559 0.04897569444444451
0 0.6128732638888889 0.6323177083333333 0.022795138888888882 0.03437499999999992
0 0.7913888888888888 0.7043055555555555 0.020902777777777715 0.04359375000000002
0 0.8039409722222222 0.7321875 0.038159722222222255 0.025460069444444382