0 0.31616319444444446 0.35218750000000004 0.020217013888888857 0.03486111111111098
0 0.3472916666666666 0.2991927083333334 0.023506944444444382 0.039262152777777795
0 0.32333333333333336 0.2998524305555556 0.027934027777777634 0.03890625000000014
0 0.31627604166666656 0.2721961805555555 0.02264756944444457 0.04377604166666652
0 0.3425086805555555 0.10069444444444445 0.034175347222222124 0.055138888888888876
0 0.3252777777777778 0.06520833333333324 0.032934027777777826 0.04266493055555563
0 0.5600173611111112 0.3677864583333334 0.011163194444444555 0.020798611111111143
0 0.5776302083333333 0.3937326388888888 0.02758680555555573 0.031085069444444398
0 0.5388888888888889 0.5330034722222222 0.016362847222222143 0.047647569444444336
0 0.5603559027777778 0.5447569444444444 0.016866319444444302 0.03473090277777797
0 0.5535156250000001 0.5891406250000001 0.012890624999999921 0.020824652777777588
0 0.5517447916666666 0.7136805555555557 0.023307291666666587 0.035868055555555695
0 0.5375607638888888 0.57765625 0.013715277777777935 0.03759548611111106
0 0.5443749999999999 0.6178559027777778 0.02702256944444454 0.03064236111111127
0 0.5346614583333333 0.6124999999999999 0.011310763888889063 0.0094184027777777
0 0.5494704861111112 0.6336111111111111 0.013689236111111095 0.0113715277777777
0 0.555451388888889 0.8648784722222224 0.021380208333333428 0.045677083333333236
0 0.5299045138888889 0.7723003472222223 0.012838541666666635 0.022291666666666723
0 0.8104340277777777 0.3591059027777778 0.024904513888888542 0.043498263888889