0 0.9492968750000002 0.20605902777777788 0.04059895833333371 0.029592013888889015
0 0.9168142361111111 0.20223958333333336 0.025824652777777776 0.015902777777777526
0 0.908732638888889 0.19167534722222218 0.013897569444444634 0.007482638888888794
0 0.9861111111111112 0.4583333333333333 0.027777777777777776 0.034722222222222224
0 0.9703645833333334 0.45983506944444447 0.01062499999999981 0.02492187500000003
0 0.9947916666666666 0.4539930555555556 0.010416666666666666 0.041666666666666664
0 0.6645746527777779 0.43092013888888897 0.04271701388888892 0.029453125000000253
0 0.641050347222222 0.419626736111111 0.048888888888888635 0.024427083333333616
0 0.5898611111111111 0.4236805555555555 0.04035590277777759 0.02648437500000019
0 0.5854427083333332 0.48698784722222244 0.04241319444444416 0.03806423611111143
0 0.5605208333333331 0.5038281249999998 0.05010416666666689 0.03297743055555537
0 0.49936631944444443 0.49159722222222235 0.03285590277777809 0.03757812499999997
0 0.3679861111111112 0.49062499999999987 0.024071180555555176 0.03564236111111146
0 0.0489930555555556 0.44553819444444465 0.03993055555555555 0.0284201388888887
0 0.03555555555555559 0.4728211805555556 0.040164930555555936 0.026614583333333205