0 0.15104166666666666 0.9887152777777778 0.020833333333333332 0.022569444444444444
0 0.12049479166666661 0.9600434027777776 0.009401041666666603 0.04002604166666638
0 0.16013888888888891 0.9499479166666668 0.025954861111110797 0.05276041666666645
0 0.18544270833333343 0.9573437500000002 0.01506944444444416 0.038975694444444126
0 0.1374131944444446 0.9217187500000001 0.007838541666666445 0.01368923611111149
0 0.1441493055555555 0.9278385416666666 0.015720486111110828 0.024383680555555683
0 0.15564236111111127 0.8807291666666666 0.024644097222222508 0.053437500000000346
0 0.1676215277777777 0.8460069444444444 0.027873263888888604 0.053567708333333366
0 0.14032986111111098 0.851137152777778 0.02981770833333365 0.04331597222222191
0 0.13055555555555565 0.6633246527777779 0.019574652777777937 0.03164930555555559
0 0.11478298611111112 0.6572916666666667 0.010399305555555176 0.02084201388888908
0 0.5039583333333333 0.8631423611111112 0.009522569444444665 0.04126736111111108
0 0.49150173611111114 0.6920399305555556 0.014939236111111143 0.04286458333333343
0 0.48043402777777783 0.6513194444444443 0.014236111111110795 0.023880208333333524
0 0.4747916666666667 0.5981163194444444 0.016024305555555587 0.023350694444444525
0 0.48858506944444435 0.6046614583333333 0.008723958333333491 0.02453993055555554
0 0.487751736111111 0.5759027777777779 0.011024305555555398 0.01638020833333324
0 0.47083333333333344 0.5482986111111112 0.018229166666666668 0.02186631944444449
0 0.46866319444444454 0.5295920138888888 0.019236111111110985 0.017161458333333317
0 0.4643836805555554 0.49434895833333337 0.020190972222222412 0.02340277777777781
0 0.4675086805555557 0.5112413194444445 0.016979166666667014 0.014192708333333255
0 0.4517795138888887 0.3953472222222223 0.0216666666666667 0.02882812500000003
0 0.45157118055555556 0.41914062499999993 0.020295138888888984 0.018758680555555667
0 0.4471440972222223 0.37530381944444435 0.021423611111111365 0.023828124999999842
0 0.4517795138888887 0.3612586805555556 0.0216666666666667 0.024305555555555556
0 0.47089409722222203 0.3520399305555555 0.014774305555555934 0.03559895833333352
0 0.45059895833333347 0.3376736111111111 0.014635416666666382 0.021145833333333443
0 0.43368055555555546 0.3124826388888889 0.019461805555555618 0.025494791666666572
0 0.4342447916666667 0.3346440972222222 0.014053819444444096 0.02834201388888897
0 0.4509895833333333 0.29960937500000007 0.016102430555555713 0.03601562499999981
0 0.4198263888888888 0.29577256944444447 0.01673611111111089 0.031918402777777764
0 0.41527777777777786 0.24479166666666666 0.02250868055555581 0.03821180555555554
0 0.4721006944444446 0.26424479166666676 0.0106423611111113 0.042621527777777696
0 0.4242881944444446 0.27210069444444446 0.014947916666666887 0.017873263888889015
0 0.45351562499999987 0.24759548611111112 0.014522569444444066 0.047986111111111285
0 0.4693315972222223 0.19566840277777786 0.010468750000000348 0.05358506944444446
0 0.43302083333333347 0.18192708333333327 0.022890624999999904 0.039184027777777665
0 0.40638020833333344 0.19986111111111113 0.018984374999999904 0.02092013888888881
0 0.39704861111111117 0.1454079861111111 0.015138888888888542 0.04108506944444438
0 0.44606770833333326 0.06664062499999998 0.029965277777778156 0.08342013888888881
0 0.41036458333333314 0.0715538194444445 0.03527777777777806 0.06171874999999992
0 0.4123263888888889 0.012586805555555556 0.03819444444444445 0.025173611111111112