0 0.029513888888888888 0.04210069444444445 0.059027777777777776 0.0842013888888889
0 0.5016579861111112 0.17189236111111109 0.06537326388888884 0.10302951388888894
0 0.5113802083333332 0.24986111111111103 0.056145833333333194 0.07915798611111116
0 0.42578125 0.017795138888888888 0.035590277777777776 0.035590277777777776
0 0.5231163194444446 0.061840277777777786 0.05766493055555541 0.08203125
0 0.5216840277777778 0.11250868055555546 0.0440277777777776 0.054166666666666745
0 0.5460069444444444 0.015190972222222222 0.020833333333333332 0.030381944444444444
0 0.882517361111111 0.3127777777777777 0.025260416666666983 0.043168402777777795
0 0.9713541666666666 0.007378472222222222 0.03819444444444445 0.014756944444444444
0 0.9489149305555556 0.12096354166666659 0.013229166666666478 0.023098958333333443
0 0.9589756944444443 0.04453124999999996 0.014487847222221874 0.030920138888888796
0 0.4249565972222222 0.05539062499999995 0.02905381944444427 0.03546006944444437
0 0.4252864583333334 0.17642361111111113 0.04236979166666662 0.12309895833333329
0 0.43323784722222214 0.5920399305555555 0.024427083333333224 0.03840277777777759