0 0.013802083333333413 0.2819618055555557 0.01451388888888911 0.03493923611111111
0 0.007942708333333413 0.30880208333333314 0.007734374999999873 0.024062500000000223
0 0.4378472222222223 0.05446180555555537 0.023602430555555207 0.027187499999999747
0 0.35577256944444435 0.08940972222222222 0.018810763888888953 0.039861111111111173
0 0.3693576388888889 0.008680555555555556 0.013020833333333334 0.017361111111111112
0 0.4505642361111113 0.11316840277777768 0.023506944444444382 0.04731770833333352
0 0.46377604166666664 0.05589409722222211 0.027552083333333144 0.03421875000000006
0 0.4099565972222222 0.15256944444444465 0.03394097222222254 0.047326388888889265
0 0.41325520833333346 0.20425347222222237 0.04406250000000019 0.06090277777777765
0 0.3297395833333334 0.2054774305555556 0.023090277777778095 0.06343749999999994
0 0.7620052083333333 0.09040798611111119 0.032743055555555775 0.048029513888888827