0 0.36493055555555565 0.7538802083333331 0.016067708333333524 0.042907986111111365
0 0.33948784722222236 0.6362239583333332 0.011996527777777525 0.020755208333333205
0 0.27836805555555544 0.4701909722222221 0.018263888888888857 0.039322916666666825
0 0.29226562500000003 0.4659982638888888 0.020677083333333082 0.04077256944444466
0 0.2670225694444446 0.48842013888888874 0.01638020833333324 0.05372395833333362
0 0.2784722222222224 0.427204861111111 0.020451388888889237 0.03602430555555555
0 0.2869878472222223 0.40414062500000014 0.014574652777777745 0.03272569444444429
0 0.26447916666666654 0.4250086805555557 0.009409722222222349 0.060017361111111396
0 0.27488715277777787 0.33389756944444454 0.026545138888888827 0.03005208333333324
0 0.26243923611111103 0.3485937499999999 0.013593749999999873 0.03552951388888914
0 0.27299479166666646 0.38202256944444457 0.016388888888888984 0.04029513888888895
0 0.2777777777777778 0.22218750000000004 0.01877604166666676 0.03831597222222251
0 0.2708072916666665 0.11171874999999984 0.01678819444444457 0.04808159722222251
0 0.26953125 0.008246527777777778 0.021701388888888888 0.016493055555555556
0 0.25636284722222213 0.09321180555555565 0.011796875000000127 0.05023437499999991