0 0.012586805555555556 0.9405381944444444 0.025173611111111112 0.09461805555555555
0 0.0030381944444444445 0.8576388888888888 0.006076388888888889 0.06944444444444445
0 0.006944444444444444 0.7977430555555556 0.013888888888888888 0.06076388888888889
0 0.2429947916666667 0.6768315972222223 0.02453125000000019 0.061840277777777786
0 0.2539236111111111 0.7180642361111111 0.03907986111111109 0.05408854166666662
0 0.25084201388888894 0.7843055555555556 0.040503472222222094 0.06825520833333343
0 0.6024305555555556 0.9865451388888888 0.05555555555555555 0.026909722222222224
0 0.6046006944444444 0.96484375 0.0546875 0.0703125
0 0.6020572916666667 0.8899305555555556 0.05124131944444462 0.0925086805555557
0 0.5433940972222222 0.8914409722222223 0.06880208333333353 0.07338541666666663
0 0.5025607638888889 0.7494184027777778 0.0314149305555556 0.07921874999999999
0 0.5576128472222222 0.808515625 0.0738715277777777 0.10279513888888896
0 0.865 0.9513194444444445 0.02958333333333327 0.06833333333333316
0 0.7673090277777779 0.8453385416666666 0.04959201388888898 0.0878732638888889
0 0.7625781250000002 0.7044270833333334 0.04618055555555559 0.09592881944444444
0 0.7758767361111111 0.7356336805555556 0.039956597222222195 0.07379340277777777
0 0.8776822916666668 0.6789583333333333 0.01870659722222238 0.06311631944444447