0 0.12964409722222214 0.34966145833333334 0.012144097222222032 0.02410590277777776
0 0.16613715277777766 0.34178819444444447 0.029375000000000127 0.0582291666666667
0 0.13836805555555565 0.41249131944444445 0.02682291666666635 0.05332465277777773
0 0.11819444444444432 0.43417534722222223 0.00828124999999997 0.040928819444444424
0 0.17391493055555549 0.5653819444444445 0.02589409722222216 0.04945312500000002
0 0.1823350694444446 0.8126822916666667 0.026345486111111427 0.053307291666666735
0 0.13088541666666684 0.8472309027777778 0.010703124999999937 0.04039062499999998
0 0.15210069444444427 0.9370659722222222 0.022300347222221874 0.03178819444444435
0 0.1727343749999998 0.9635416666666666 0.0158246527777774 0.03532986111111095
0 0.15771701388888892 0.9518315972222222 0.015798611111110954 0.018012152777777776
0 0.19227430555555555 0.9874131944444444 0.025173611111111112 0.025173611111111112
0 0.1579861111111111 0.9813368055555556 0.024305555555555556 0.03732638888888889