0 0.009982638888888888 0.9309895833333334 0.019965277777777776 0.07899305555555555
0 0.009114583333333334 0.6440972222222222 0.018229166666666668 0.06944444444444445
0 0.10980902777777778 0.023871527777777776 0.04079861111111111 0.04774305555555555
0 0.1436545138888887 0.17552083333333338 0.03286458333333305 0.07625000000000012
0 0.16237847222222218 0.3146527777777778 0.029522569444444632 0.07760416666666675
0 0.16931423611111127 0.7095052083333333 0.03894097222222194 0.06779513888888881
0 0.16674479166666678 0.6335156249999999 0.0291145833333333 0.04999131944444457
0 0.20487847222222222 0.6427951388888888 0.02720486111111124 0.048454861111111254
0 0.18934895833333343 0.8495833333333331 0.027534722222222443 0.04531249999999984
0 0.22265625 0.9908854166666666 0.04600694444444445 0.018229166666666668
0 0.3971093749999998 0.8649652777777779 0.02809895833333324 0.046440972222222224
0 0.3861197916666666 0.7765017361111108 0.045104166666666695 0.07855902777777758
0 0.3836284722222223 0.6084027777777778 0.027638888888889015 0.057482638888888715
0 0.33052951388888885 0.5656510416666668 0.022855902777777715 0.04062500000000016
0 0.3900173611111113 0.7106770833333333 0.024826388888889203 0.05142361111111092
0 0.42714409722222235 0.40309895833333326 0.04443576388888854 0.06608506944444453
0 0.47182291666666665 0.64125 0.029305555555555744 0.05140624999999983
0 0.46381076388888887 0.8429513888888889 0.05067708333333343 0.07402777777777755
0 0.5192187499999998 0.8923350694444443 0.024270833333333366 0.04815104166666689
0 0.6675347222222222 0.9839409722222222 0.03125 0.03211805555555555
0 0.6179600694444444 0.9120746527777778 0.032994791666666856 0.06265625000000025
0 0.7055989583333333 0.7374305555555556 0.021059027777777968 0.05033854166666648
0 0.6022135416666666 0.11491319444444453 0.04828993055555565 0.0689062500000001
0 0.612751736111111 0.16296006944444447 0.0413802083333334 0.04716145833333327
0 0.8811718750000002 0.3935156249999999 0.047725694444444064 0.07230902777777794
0 0.9010677083333335 0.9211197916666668 0.04072916666666673 0.06983506944444429
0 0.9144965277777778 0.9800347222222222 0.04774305555555555 0.03993055555555555