0 0.032039930555555624 0.46205729166666665 0.02233506944444446 0.037057291666666714
0 0.08342013888888881 0.17657986111111118 0.023993055555555445 0.047951388888888696
0 0.08182291666666666 0.21498263888888897 0.05264756944444452 0.05497395833333327
0 0.38457465277777775 0.4918229166666666 0.022986111111111127 0.028142361111111173
0 0.36471354166666675 0.5814843749999999 0.03978298611111105 0.08649305555555545
0 0.4903038194444444 0.8030468750000002 0.05217881944444455 0.1762152777777778
0 0.3570746527777777 0.780954861111111 0.05190972222222238 0.11531250000000012
0 0.3810763888888889 0.91015625 0.08680555555555555 0.1796875
0 0.6941493055555557 0.4964670138888889 0.014939236111111143 0.02471354166666649
0 0.69578125 0.5430381944444443 0.033324652777777665 0.0621354166666666
0 0.6932812500000001 0.23104166666666673 0.02979166666666681 0.08762152777777782