0 0.5031249999999999 0.3247656250000001 0.03619791666666651 0.034357638888888827
0 0.5272048611111112 0.3196614583333333 0.01576388888888876 0.07249131944444463
0 0.5154947916666666 0.2817274305555557 0.03202256944444473 0.0686892361111112
0 0.47163194444444456 0.16544270833333347 0.037109375 0.07165798611111127
0 0.527282986111111 0.1251475694444445 0.0216666666666667 0.04914930555555546
0 0.4069010416666667 0.17407986111111107 0.01537326388888892 0.10688368055555565
0 0.4153645833333333 0.0234375 0.026909722222222224 0.046875
0 0.5205729166666665 0.07421006944444425 0.015633680555555744 0.05712673611111146
0 0.5343229166666666 0.03631944444444457 0.01092881944444457 0.037838541666666795
0 0.5381770833333334 0.06800347222222235 0.009878472222222316 0.0403211805555554
0 0.8489583333333334 0.005642361111111111 0.013888888888888888 0.011284722222222222
0 0.8650434027777779 0.12634548611111127 0.02232638888888911 0.05138020833333298