0 0.5347222222222222 0.9835069444444444 0.024305555555555556 0.03298611111111111
0 0.5060156250000001 0.8997135416666667 0.029592013888889015 0.04709201388888889
0 0.456267361111111 0.8445486111111111 0.020894097222222366 0.06684027777777778
0 0.45382812499999997 0.9159288194444445 0.01600694444444449 0.06729166666666665
0 0.2370399305555555 0.5964322916666667 0.027326388888888904 0.030694444444444358
0 0.24436631944444442 0.6175607638888888 0.0056857638888890465 0.010859374999999992
0 0.1907291666666667 0.7151128472222221 0.017126736111111127 0.045364583333333326
0 0.19361111111111107 0.6822135416666666 0.017647569444444382 0.022404513888888842
0 0.22987847222222216 0.6669791666666667 0.02120659722222208 0.03121527777777781
0 0.24244791666666662 0.7022048611111111 0.0165017361111113 0.026657986111111143
0 0.1956597222222223 0.8285763888888888 0.019131944444444413 0.03751736111111113
0 0.2171788194444445 0.8252083333333333 0.01203993055555546 0.031197916666666714
0 0.2138194444444444 0.8918663194444445 0.013532986111111237 0.025286458333333428
0 0.21923611111111108 0.9137847222222223 0.017534722222222063 0.023428819444444256
0 0.22352430555555555 0.9973958333333334 0.0234375 0.005208333333333333
0 0.2443576388888889 0.9978298611111112 0.011284722222222222 0.004340277777777778
0 0.23092881944444443 0.8520138888888888 0.015095486111111 0.027361111111111096
0 0.23969618055555564 0.7894097222222222 0.015529513888888779 0.020295138888888984
0 0.2311805555555555 0.8041232638888889 0.015095486111111 0.02091145833333326
0 0.22585937500000006 0.7612152777777778 0.02016493055555557 0.03026041666666658
0 0.2464583333333334 0.7356336805555556 0.019453124999999873 0.029730902777777776
0 0.20893229166666671 0.7217100694444444 0.01772569444444451 0.025451388888888832
0 0.20138020833333334 0.7422743055555556 0.013984375000000111 0.02553819444444451
0 0.2033420138888889 0.7687239583333334 0.017031249999999904 0.020833333333333332
0 0.19793402777777777 0.7884548611111111 0.014730902777777603 0.03050347222222231
0 0.22010416666666663 0.7911631944444444 0.008645833333333365 0.015078124999999906
0 0.2492534722222223 0.6451822916666666 0.004088541666666699 0.012074652777777849
0 0.49010416666666656 0.9286197916666666 0.008723958333333491 0.01023437499999997
0 0.5143923611111111 0.9355034722222223 0.010164930555555587 0.0056857638888890465