0 0.1550260416666666 0.10412326388888893 0.026458333333333348 0.04264756944444454
0 0.16668402777777777 0.12878472222222215 0.030659722222222366 0.03910590277777794
0 0.15928819444444445 0.013888888888888888 0.028645833333333332 0.027777777777777776
0 0.17610243055555547 0.030529513888888953 0.026319444444444586 0.04079861111111111
0 0.17881944444444445 0.010416666666666666 0.029513888888888888 0.020833333333333332
0 0.3167534722222223 0.3115885416666667 0.014479166666666524 0.037777777777777764
0 0.48837673611111104 0.0862673611111112 0.02506944444444454 0.045295138888888746
0 0.48982638888888885 0.2113368055555556 0.02967881944444449 0.04302951388888903
0 0.4868402777777777 0.2552604166666666 0.028611111111111143 0.04125868055555573
0 0.5057552083333334 0.26532118055555565 0.02545138888888903 0.042769097222222205
0 0.4887239583333333 0.2973090277777778 0.037456597222222304 0.04867187500000014
0 0.6657725694444445 0.22239583333333338 0.023923611111111062 0.02457465277777773