0 0.009114583333333334 0.9917534722222222 0.018229166666666668 0.016493055555555556
0 0.024487847222222255 0.9736979166666667 0.028003472222222412 0.04467881944444427
0 0.019826388888889015 0.9444270833333334 0.02732638888888851 0.042916666666666714
0 0.004774305555555556 0.8888888888888888 0.009548611111111112 0.06597222222222222
0 0.03473958333333332 0.9145833333333333 0.01730902777777743 0.04788194444444432
0 0.0275260416666667 0.8976215277777777 0.023246527777777557 0.06267361111111096
0 0.01125000000000003 0.8535590277777777 0.015486111111111237 0.030347222222222255
0 0.006076388888888889 0.8346354166666666 0.012152777777777778 0.021701388888888888
0 0.03714409722222219 0.8291145833333333 0.006171874999999716 0.03194444444444441
0 0.03014756944444446 0.7812413194444444 0.025824652777777776 0.06461805555555561
0 0.017447916666666587 0.7610850694444444 0.011076388888889078 0.026180555555555627
0 0.014322916666666666 0.6935763888888888 0.028645833333333332 0.07118055555555555
0 0.014322916666666666 0.6358506944444444 0.028645833333333332 0.06684027777777778
0 0.006944444444444444 0.5520833333333334 0.013888888888888888 0.0798611111111111
0 0.054314236111111254 0.49433159722222225 0.012170138888889268 0.03725694444444451
0 0.003472222222222222 0.4435763888888889 0.006944444444444444 0.06770833333333333
0 0.048776041666666714 0.5310763888888889 0.011727430555555744 0.03812500000000006
0 0.42736111111111125 0.7157552083333333 0.017838541666666825 0.1045746527777778
0 0.3951388888888887 0.9162239583333334 0.027777777777777776 0.05471354166666684
0 0.37348958333333354 0.9580815972222223 0.03851562499999991 0.05959201388888897
0 0.3929600694444445 0.8736979166666666 0.013645833333333555 0.024322916666666652
0 0.38094618055555546 0.8398090277777778 0.004045138888888762 0.010685763888888842