0 0.44829861111111113 0.17713541666666663 0.011571180555555493 0.030772569444444287
0 0.44336805555555553 0.30820312499999997 0.010494791666666793 0.035104166666666714
0 0.43985243055555556 0.34556423611111103 0.011284722222222222 0.027881944444444348
0 0.42960069444444454 0.39835069444444454 0.01225694444444435 0.03265624999999991
0 0.4348524305555556 0.20119791666666664 0.012647569444444586 0.025381944444444256
0 0.4353819444444444 0.23754340277777786 0.007300347222222096 0.015173611111111127
0 0.43225694444444446 0.26955729166666664 0.006605902777777888 0.013940972222222174
0 0.44040798611111104 0.28041666666666665 0.007942708333333413 0.017482638888888777
0 0.42949652777777775 0.31237847222222215 0.013020833333333334 0.02790798611111119
0 0.4199826388888888 0.3978906249999999 0.008967013888888827 0.021414930555555618
0 0.40557291666666667 0.5977777777777779 0.014982638888889078 0.01808159722222216