0 0.14391493055555551 0.57875 0.026866319444444287 0.04925347222222203
0 0.1305121527777777 0.38912326388888885 0.04685763888888851 0.06275173611111108
0 0.15865451388888888 0.27078125000000003 0.03934027777777752 0.07703993055555555
0 0.059201388888888734 0.20145833333333327 0.026171874999999685 0.06315972222222241
0 0.09223958333333353 0.2181857638888888 0.01835069444444473 0.03383680555555557
0 0.10549479166666684 0.10135416666666666 0.04927083333333352 0.08981770833333316
0 0.06835069444444425 0.1184461805555556 0.03169270833333352 0.0601822916666666
0 0.07600694444444439 0.0650000000000001 0.0299913194444446 0.045451388888889
0 0.09947048611111124 0.04684027777777781 0.02374131944444476 0.026163194444444333
0 0.7165190972222221 0.8366059027777778 0.013680555555555744 0.037517361111111334
0 0.6108246527777779 0.741111111111111 0.016388888888888984 0.036527777777777715
0 0.6065711805555556 0.28773437500000004 0.03624131944444445 0.03578993055555557
0 0.6043055555555554 0.31042534722222215 0.0193315972222226 0.02092013888888881
0 0.6157204861111111 0.3705468749999999 0.019079861111110732 0.03127604166666684
0 0.6764670138888889 0.30560763888888887 0.014392361111111049 0.043168402777777795
0 0.6561979166666667 0.15133680555555548 0.02205729166666654 0.052239583333333194
0 0.5724826388888888 0.029079861111111112 0.04600694444444445 0.058159722222222224
0 0.5928211805555554 0.029470486111111152 0.01111111111111127 0.02276909722222224
0 0.6258680555555556 0.00390625 0.019097222222222224 0.0078125