0 0.7239583333333334 0.9926215277777778 0.03993055555555555 0.014756944444444444
0 0.8020833333333334 0.9592013888888888 0.0798611111111111 0.08159722222222222
0 0.8667534722222222 0.9826388888888888 0.05642361111111111 0.034722222222222224
0 0.6945138888888889 0.8993663194444443 0.01990451388888914 0.07099826388888886
0 0.7320399305555555 0.8943489583333333 0.05999131944444416 0.08759548611111098
0 0.8575000000000002 0.7441059027777778 0.03960937500000009 0.06554687499999999
0 0.8892187500000001 0.7281857638888889 0.047065972222222446 0.10029513888888886
0 0.7123090277777777 0.6804861111111111 0.03893229166666698 0.08720486111111114
0 0.6909722222222222 0.9665798611111112 0.036458333333333336 0.06684027777777778
0 0.725078125 0.9606163194444446 0.05091145833333302 0.05345486111111105
0 0.8405642361111111 0.9144878472222222 0.07659722222222204 0.09970486111111122
0 0.8043663194444446 0.8244791666666667 0.05196180555555527 0.053185763888888876
0 0.7580815972222221 0.37487847222222226 0.05367187499999994 0.12423611111111112
0 0.7232031250000001 0.5699565972222222 0.018498263888889237 0.12704861111111102
0 0.6973003472222222 0.8011284722222222 0.029392361111110828 0.1257465277777777
0 0.7403298611111112 0.7710329861111112 0.03367187499999997 0.053628472222222195
0 0.9201649305555557 0.17979166666666668 0.018342013888888984 0.03366319444444442