0 0.2336805555555554 0.7986458333333333 0.032100694444444064 0.07926215277777812
0 0.23559895833333322 0.7413628472222223 0.023836805555555587 0.032048611111111173
0 0.14541666666666664 0.7206163194444445 0.04261284722222235 0.07088541666666653
0 0.18773437499999998 0.6198090277777778 0.02759548611111108 0.05614583333333359
0 0.15178819444444455 0.6128385416666665 0.05128472222222216 0.0701302083333333
0 0.15463541666666655 0.5664930555555555 0.04418402777777746 0.043229166666666825
0 0.19404513888888886 0.5765364583333334 0.027187499999999747 0.02547743055555587
0 0.24546875000000018 0.5685329861111109 0.020399305555555556 0.04381076388888911
0 0.22604166666666675 0.6076475694444446 0.04529513888888914 0.04094618055555562
0 0.21690104166666657 0.49017361111111096 0.0344618055555554 0.06116319444444448
0 0.19280381944444455 0.4442708333333335 0.04073784722222248 0.04677083333333343
0 0.21019965277777786 0.45713541666666657 0.030399305555555936 0.04339409722222203
0 0.111857638888889 0.45422743055555553 0.03205729166666692 0.04921874999999984
0 0.09791666666666682 0.4885677083333333 0.013984374999999716 0.05207465277777759
0 0.1742708333333335 0.3914409722222223 0.038802083333333175 0.07035590277777794
0 0.21122395833333327 0.40180555555555564 0.033585069444444095 0.03286458333333305
0 0.20856770833333332 0.37877604166666656 0.03434027777777812 0.03233506944444445
0 0.10077256944444457 0.4002951388888888 0.018524305555555683 0.062439236111111365
0 0.13403645833333322 0.4165625000000001 0.04474826388888905 0.0325086805555554
0 0.12827256944444443 0.3975000000000001 0.03415798611111143 0.03822048611111089
0 0.10688368055555565 0.3299652777777777 0.019305555555555368 0.04229166666666689
0 0.0964322916666668 0.36129340277777783 0.00811631944444476 0.02576388888888914
0 0.11797743055555543 0.36548611111111107 0.020998263888888542 0.04113715277777806
0 0.1418315972222221 0.36495659722222207 0.026831597222222097 0.04125000000000038
0 0.1686284722222224 0.2994097222222223 0.030824652777777968 0.04521701388888902
0 0.2122135416666665 0.26435763888888886 0.030451388888888827 0.04118923611111095
0 0.17164062500000002 0.26424479166666653 0.017638888888888635 0.028446180555555936
0 0.1450086805555557 0.23356770833333348 0.021640625000000253 0.03810763888888857
0 0.15173611111111127 0.1874045138888888 0.021588541666666572 0.03775173611111092
0 0.18228298611111093 0.24440104166666682 0.02437499999999994 0.03648437499999978
0 0.6697048611111112 0.0030381944444444445 0.028645833333333332 0.006076388888888889
0 0.6739930555555552 0.07579861111111125 0.03538194444444463 0.05744791666666692
0 0.7397222222222221 0.10236979166666653 0.019071180555554988 0.059027777777777776
0 0.6200086805555556 0.1307118055555555 0.038229166666667425 0.04905381944444463
0 0.7322656249999997 0.2274739583333335 0.015850694444444632 0.04534722222222203
0 0.7073784722222219 0.46179687499999983 0.03273437499999924 0.058333333333333175
0 0.6079687500000001 0.48684895833333325 0.04099826388888851 0.04727430555555559
0 0.5863281249999999 0.4657552083333335 0.03617187500000006 0.04768229166666692
0 0.5977690972222223 0.16723090277777786 0.02153645833333289 0.05110243055555546
0 0.5966319444444442 0.541545138888889 0.03893229166666698 0.081137152777778
0 0.6425347222222221 0.5684635416666666 0.05011284722222184 0.06578124999999978
0 0.7149045138888886 0.5447829861111112 0.02436631944444419 0.06417534722222247