0 0.09861979166666678 0.038159722222222255 0.015720486111110828 0.030625000000000173
0 0.061215277777777764 0.07134548611111116 0.012491319444444728 0.021354166666666587
0 0.0671527777777779 0.09704861111111107 0.01954861111111149 0.02809895833333324
0 0.1001215277777779 0.0827256944444444 0.00809895833333327 0.020946180555555652
0 0.05852430555555562 0.2846093749999999 0.03476562500000016 0.060729166666666695
0 0.06922743055555555 0.3277951388888888 0.01784722222222257 0.03345486111111108
0 0.044548611111111254 0.3277517361111111 0.02897569444444454 0.055503472222222267
0 0.030277777777777872 0.26390625 0.022543402777778 0.046163194444444305
0 0.030069444444444333 0.29749131944444446 0.023394097222222063 0.0607118055555556
0 0.41499131944444456 0.5908593750000001 0.042039930555555806 0.07300347222222214
0 0.3861197916666666 0.5480729166666668 0.021927083333333524 0.0720659722222222
0 0.44209201388888886 0.5375347222222222 0.016614583333333616 0.06377604166666649
0 0.41832465277777764 0.5172222222222221 0.03315104166666632 0.06262152777777767
0 0.40109374999999997 0.4703732638888888 0.030199652777777745 0.06061631944444438
0 0.42759548611111126 0.19923611111111109 0.03318576388888851 0.06578993055555553
0 0.4246527777777776 0.27135416666666656 0.018263888888888857 0.018828125000000046
0 0.7243489583333331 0.8092274305555556 0.018645833333332956 0.03164930555555559
0 0.6911458333333331 0.8610156249999998 0.0177777777777774 0.033715277777777906
0 0.723654513888889 0.8832552083333335 0.01725694444444454 0.025703124999999716