0 0.031119791666666587 0.3208420138888888 0.037630208333333255 0.06157986111111116
0 0.03189236111111112 0.44137152777777783 0.023802083333333397 0.029288194444444256
0 0.02656249999999992 0.6121267361111111 0.04059895833333332 0.07657986111111094
0 0.05351562500000008 0.6756597222222221 0.03173611111111106 0.053255208333333255
0 0.009548611111111112 0.7200520833333334 0.019097222222222224 0.03211805555555555
0 0.1488715277777778 0.010850694444444444 0.026909722222222224 0.021701388888888888
0 0.33510416666666665 0.5890624999999999 0.02986111111111119 0.07203993055555537
0 0.9344184027777777 0.8053559027777778 0.013567708333333428 0.03154513888888902
0 0.9524392361111111 0.7063368055555556 0.020277777777777492 0.03366319444444462
0 0.04601562499999999 0.20381944444444441 0.015104166666666745 0.01927951388888892
0 0.03068576388888881 0.13578125000000008 0.01555555555555562 0.03281250000000016
0 0.05106770833333327 0.15314236111111118 0.025624999999999985 0.05140624999999983
0 0.06426215277777775 0.0779079861111111 0.02614583333333324 0.0518402777777776
0 0.0639236111111112 0.11107638888888892 0.012057291666666557 0.02084201388888908
0 0.046692708333333305 0.1081163194444444 0.0232552083333333 0.032447916666666764
0 0.003472222222222222 0.5876736111111112 0.006944444444444444 0.024305555555555556
0 0.003472222222222222 0.6024305555555556 0.006944444444444444 0.017361111111111112
0 0.010416666666666666 0.5581597222222222 0.020833333333333332 0.03819444444444445
0 0.032152777777777745 0.5600868055555556 0.032005208333333236 0.03093749999999989
0 0.07981770833333338 0.36797743055555565 0.011137152777777715 0.04173611111111105
0 0.07065104166666675 0.3567621527777778 0.00866319444444446 0.025755208333333397
0 0.08249999999999996 0.31480902777777786 0.013289930555555508 0.05355902777777762
0 0.05642361111111111 0.010416666666666666 0.013888888888888888 0.020833333333333332
0 0.4896440972222222 0.17000868055555549 0.023020833333333317 0.0568055555555556