0 0.7113715277777778 0.01953125 0.025173611111111112 0.0390625
0 0.9809722222222221 0.8943229166666669 0.027369791666666445 0.03611111111111143
0 0.9851562500000001 0.8276388888888889 0.01001736111111108 0.022065972222222285
0 0.9982638888888888 0.7764756944444444 0.003472222222222222 0.025173611111111112
0 0.98828125 0.5 0.0234375 0.050347222222222224
0 0.968454861111111 0.45813368055555553 0.018723958333333082 0.03269965277777784
0 0.9516840277777779 0.3953993055555556 0.019340277777777557 0.012057291666666557
0 0.9463281250000001 0.22289062499999998 0.014713541666666509 0.011918402777777793
0 0.9544010416666665 0.23501736111111113 0.012656249999999937 0.017187500000000158
0 0.9524131944444443 0.20361111111111108 0.02687500000000003 0.022022569444444348
0 0.9250694444444443 0.19342881944444437 0.00861979166666692 0.028758680555555652