0 0.2806684027777777 0.43697916666666675 0.06348958333333322 0.09965277777777794
0 0.2742361111111112 0.35018229166666676 0.05867187500000012 0.06911458333333324
0 0.2727777777777778 0.286345486111111 0.05427951388888906 0.06904513888888886
0 0.23182291666666663 0.24539930555555559 0.03142361111111095 0.05380208333333335
0 0.24421006944444437 0.20921006944444442 0.05999999999999991 0.0661892361111111
0 0.2687326388888888 0.13945312500000007 0.047144097222222174 0.057135416666666806
0 0.2549218750000001 0.03493055555555556 0.03475694444444441 0.05475694444444438
0 0.21484375 0.026041666666666668 0.0390625 0.052083333333333336
0 0.6732552083333333 0.03935763888888882 0.03640625000000005 0.06753472222222238
0 0.5851996527777779 0.38119791666666675 0.03057291666666649 0.09268229166666665
0 0.6826562500000001 0.8059201388888889 0.04013020833333335 0.07262152777777765
0 0.6559027777777777 0.792543402777778 0.02866319444444443 0.05350694444444453