0 0.013454861111111112 0.8168402777777778 0.026909722222222224 0.11979166666666667
0 0.34611111111111115 0.24962673611111105 0.08258680555555545 0.14684027777777764
0 0.33987847222222217 0.7730902777777777 0.05233506944444441 0.08240451388888895
0 0.7817534722222221 0.9271267361111113 0.06576388888888908 0.10577256944444476
0 0.8702343750000002 0.7358159722222225 0.051840277777778 0.09522569444444448
0 0.8739496527777777 0.6376128472222222 0.03663194444444429 0.07676215277777763
0 0.8396614583333333 0.4979947916666667 0.06511284722222241 0.1372309027777779
0 0.7737499999999999 0.5045399305555556 0.022256944444444333 0.03870659722222235
0 0.7798958333333333 0.5482986111111112 0.04956597222222234 0.05010416666666649
0 0.7954166666666668 0.6904253472222222 0.07207465277777775 0.0845312500000001
0 0.7565190972222222 0.6387326388888889 0.0411805555555556 0.11188368055555545
0 0.805451388888889 0.6119618055555556 0.05668402777777794 0.06999131944444453
0 0.7784375000000002 0.6191666666666666 0.04781249999999994 0.07222222222222206
0 0.8035243055555554 0.7550694444444443 0.040824652777777554 0.06533854166666665
0 0.8845659722222222 0.8655381944444444 0.031684027777777776 0.09314236111111127
0 0.01953125 0.9800347222222222 0.03211805555555555 0.03993055555555555