0 0.13295138888888877 0.9334895833333334 0.015052083333333459 0.03483506944444454
0 0.14548611111111104 0.9490972222222221 0.011605902777777684 0.027430555555555475
0 0.13806423611111127 0.9877777777777779 0.015060763888889205 0.021927083333333524
0 0.14539930555555555 0.9973958333333334 0.013020833333333334 0.005208333333333333
0 0.15299479166666666 0.9827256944444444 0.006006944444444507 0.01427083333333338
0 0.1491319444444446 0.9741232638888889 0.008480902777778156 0.01225694444444435
0 0.1382899305555555 0.96140625 0.007612847222222601 0.013984375000000111
0 0.13088541666666684 0.9596440972222222 0.008315972222222159 0.011866319444444507
0 0.12777777777777763 0.9643663194444445 0.0077517361111113636 0.01254340277777762
0 0.1596614583333332 0.9686458333333334 0.004045138888888762 0.013376736111110985
0 0.1586979166666668 0.9827604166666668 0.00584201388888851 0.01421006944444435