0 0.16888020833333328 0.9435156249999999 0.034565972222222366 0.06949652777777812
0 0.15156249999999993 0.9077864583333333 0.02993055555555557 0.04825520833333346
0 0.15961805555555564 0.8759201388888889 0.022196180555555698 0.01870659722222238
0 0.19025173611111118 0.8164409722222222 0.017586805555555744 0.025008680555555902
0 0.18579861111111107 0.7856336805555557 0.03660590277777784 0.0633767361111113
0 0.16205729166666671 0.7850607638888888 0.016154513888889 0.042907986111111164
0 0.23048611111111109 0.3413628472222222 0.03688368055555537 0.02198784722222216
0 0.23180555555555551 0.36620659722222215 0.016875000000000046 0.028741319444444555
0 0.26407986111111115 0.38735243055555557 0.016050347222222032 0.030859375000000158
0 0.26446180555555565 0.42330729166666675 0.012708333333333223 0.025902777777777903
0 0.5488020833333334 0.8631163194444444 0.02617187500000008 0.07541666666666676
0 0.8193923611111111 0.9534027777777779 0.027881944444444348 0.03842013888888908
0 0.8439756944444446 0.8915972222222222 0.0358506944444446 0.04612847222222251
0 0.8916840277777776 0.548359375 0.027734374999999842 0.04716145833333327