0 0.19923611111111109 0.29235243055555554 0.04073784722222208 0.10607638888888873
0 0.22350694444444447 0.3646440972222222 0.03329861111111122 0.07340277777777773
0 0.39434027777777775 0.19424479166666664 0.026293402777777745 0.06601562500000016
0 0.4144878472222222 0.4296701388888889 0.01956597222222219 0.058333333333333175
0 0.37512152777777785 0.6859201388888889 0.03655381944444455 0.08557291666666661
0 0.2807204861111112 0.8723177083333332 0.050902777777777665 0.10073784722222238
0 0.3372395833333333 0.984375 0.042534722222222224 0.03125
0 0.3302256944444445 0.9266232638888887 0.045824652777777745 0.0834201388888892
0 0.4251388888888889 0.9669097222222223 0.015694444444444382 0.06325520833333324
0 0.39048611111111103 0.9340104166666667 0.021935763888888873 0.044470486111110735
0 0.38890625 0.8896006944444446 0.012517361111111173 0.03101562499999962
0 0.8041840277777779 0.8995746527777777 0.05732638888888886 0.11015624999999968
0 0.8267621527777776 0.3452777777777778 0.04500000000000012 0.0822135416666667
0 0.7251475694444444 0.38213541666666667 0.042135416666666634 0.09516493055555565
0 0.8498263888888888 0.010850694444444444 0.043402777777777776 0.021701388888888888
0 0.8352343750000001 0.5027777777777778 0.017586805555555744 0.019227430555555633
0 0.8451996527777779 0.5149392361111111 0.01205729166666695 0.016059027777777776
0 0.42859375 0.7039496527777778 0.00835069444444435 0.04921006944444449