0 0.18484375000000006 0.8562239583333332 0.04627604166666662 0.1070399305555559
0 0.10809027777777776 0.814027777777778 0.07028645833333316 0.10575520833333327
0 0.17772569444444444 0.7513368055555555 0.044739583333333305 0.11844618055555539
0 0.11428819444444452 0.6987239583333333 0.07703993055555555 0.11323784722222206
0 0.053532986111111173 0.6330729166666667 0.027387152777777937 0.05941840277777762
0 0.05570312500000006 0.44083333333333324 0.0669531250000001 0.08067708333333339
0 0.6354166666666666 0.03515625 0.034722222222222224 0.0703125
0 0.6400347222222221 0.13596354166666677 0.0309027777777777 0.09656249999999982
0 0.5453125000000001 0.4735850694444444 0.05718750000000009 0.10250868055555568
0 0.5529513888888888 0.5689583333333333 0.06842013888888904 0.10401909722222216
0 0.61375 0.45287326388888893 0.07008680555555537 0.11462673611111127
0 0.6124479166666666 0.5647309027777777 0.07481770833333339 0.1293836805555557
0 0.6177951388888889 0.6968663194444444 0.058480902777777684 0.13279513888888891
0 0.5314496527777778 0.7142100694444444 0.036501736111111266 0.06813368055555537
0 0.5919965277777778 0.7910677083333333 0.06743055555555541 0.07111111111111118
0 0.5626996527777778 0.8880555555555555 0.07646701388888902 0.08898437500000018
0 0.5085677083333332 0.9209548611111111 0.031597222222222304 0.0660243055555559
0 0.5406249999999999 0.9437673611111109 0.060668402777777665 0.07430555555555587
0 0.5130208333333334 0.9756944444444444 0.04513888888888889 0.04861111111111111
0 0.5655381944444444 0.9739583333333334 0.07378472222222222 0.052083333333333336