0 0.3528645833333333 0.0026041666666666665 0.035590277777777776 0.005208333333333333
0 0.3368055555555556 0.013020833333333334 0.027777777777777776 0.026041666666666668
0 0.3528038194444445 0.03736111111111108 0.054166666666666745 0.050052083333333205
0 0.33905381944444435 0.055850694444444376 0.02795138888888873 0.023506944444444382
0 0.3472135416666667 0.21563368055555562 0.04931423611111106 0.036293402777777733
0 0.3247048611111111 0.23759548611111114 0.01656249999999994 0.032022569444444336
0 0.35564236111111114 0.25559895833333335 0.03805555555555568 0.0481336805555554
0 0.3533593749999999 0.2999739583333333 0.029001736111110985 0.03233506944444445
0 0.3300260416666667 0.29148437499999996 0.02215277777777776 0.043680555555555695
0 0.6497743055555555 0.538185763888889 0.01338541666666673 0.01785590277777792
0 0.6773090277777778 0.5073697916666666 0.009618055555555493 0.02054687500000006
0 0.6615277777777777 0.5161805555555556 0.013237847222222222 0.01743923611111124
0 0.6719184027777777 0.48000868055555557 0.014843749999999921 0.02282986111111127
0 0.6465277777777777 0.5221961805555555 0.01174479166666684 0.017039930555555652
0 0.9145572916666668 0.5157465277777779 0.012569444444444066 0.045590277777777764
0 0.887673611111111 0.32152777777777786 0.01365451388888851 0.023368055555555618
0 0.6753559027777778 0.5266145833333334 0.01083333333333335 0.01760416666666684