0 0.029513888888888888 0.005642361111111111 0.050347222222222224 0.011284722222222222
0 0.021684027777777795 0.2237152777777778 0.043081597222222316 0.0779253472222222
0 0.015190972222222222 0.3055555555555556 0.030381944444444444 0.08680555555555555
0 0.001736111111111111 0.4049479166666667 0.003472222222222222 0.0720486111111111
0 0.4414670138888888 0.03960937500000009 0.04506944444444451 0.07397569444444427
0 0.3722395833333333 0.3684982638888889 0.033003472222222205 0.06515624999999996
0 0.399626736111111 0.3722222222222222 0.043559027777777634 0.021553819444444382
0 0.37644965277777787 0.5468663194444444 0.03646701388888908 0.05515624999999997
0 0.41138888888888897 0.5915885416666666 0.037378472222222174 0.0628125000000001
0 0.8758680555555556 0.9930555555555556 0.03125 0.013888888888888888
0 0.8263888888888888 0.9782986111111112 0.034722222222222224 0.043402777777777776
0 0.8646440972222224 0.9447222222222224 0.03697916666666698 0.046814236111111365
0 0.853090277777778 0.7322916666666666 0.03408854166666705 0.05181423611111116
0 0.8355642361111113 0.7429687500000001 0.022769097222221844 0.03538194444444463
0 0.8159201388888889 0.6747569444444443 0.045894097222222124 0.0747656250000001
0 0.8548871527777777 0.5738281249999999 0.033289930555555874 0.06807291666666673
0 0.8579166666666668 0.41104166666666664 0.041987847222222124 0.0800607638888889
0 0.8846440972222224 0.41626736111111107 0.03465277777777784 0.07381944444444441
0 0.8138975694444446 0.5244791666666667 0.026041666666666668 0.05640625000000002
0 0.8589409722222222 0.1988194444444444 0.052821180555555874 0.08019965277777767
0 0.9223090277777778 0.01171875 0.03732638888888889 0.0234375