0 0.24026041666666664 0.158203125 0.029600694444444367 0.03502604166666698
0 0.20652777777777784 0.2155381944444446 0.026788194444444555 0.04933159722222216
0 0.2347222222222223 0.5290625 0.03721354166666657 0.05460937499999988
0 0.2602083333333333 0.43756076388888904 0.016371527777777888 0.04039062499999978
0 0.5926128472222223 0.3131076388888887 0.011701388888888905 0.032274305555555806
0 0.5797916666666667 0.3454600694444443 0.02848090277777773 0.03727430555555521
0 0.5790624999999999 0.2503645833333334 0.027543402777777795 0.046223958333333336
0 0.5844357638888888 0.1733159722222221 0.023732638888889015 0.05755208333333349
0 0.5758072916666666 0.21484375 0.03782986111111105 0.02828124999999994
0 0.5704947916666667 0.10995659722222229 0.03256076388888908 0.05901909722222203
0 0.5551215277777778 0.09605902777777765 0.01896701388888881 0.04593750000000006
0 0.5267274305555555 0.17353298611111098 0.013567708333333428 0.03901909722222206
0 0.5334722222222221 0.033958333333333236 0.013784722222222316 0.030868055555555902
0 0.5663802083333334 0.02862847222222224 0.024331597222222397 0.019340277777777557
0 0.5941840277777778 0.016493055555555556 0.019965277777777776 0.03298611111111111
0 0.6015364583333334 0.0706423611111112 0.016388888888888984 0.04967013888888911
0 0.8858593750000002 0.049175347222222304 0.02454861111111089 0.05090277777777806
0 0.9419184027777779 0.09993055555555547 0.012213541666666414 0.04156250000000009
0 0.9017013888888891 0.18111979166666675 0.025772569444444098 0.04544270833333365
0 0.9234809027777777 0.17483506944444432 0.01599826388888914 0.03721354166666657
0 0.8827777777777778 0.2320399305555555 0.013463541666666856 0.024305555555555556
0 0.8819184027777776 0.2786892361111113 0.022907986111111396 0.05091145833333302
0 0.9041666666666666 0.3214670138888888 0.00946180555555524 0.01781250000000038
0 0.5382465277777777 0.12458333333333332 0.025876736111111062 0.056649305555555744
0 0.5359982638888889 0.19088541666666675 0.013289930555555508 0.03913194444444438
0 0.5853038194444444 0.07460069444444449 0.013237847222222222 0.025173611111111112
0 0.937560763888889 0.21671874999999988 0.013758680555555871 0.041449652777777776
0 0.6128472222222222 0.006510416666666667 0.008680555555555556 0.013020833333333334