0 0.11869791666666668 0.7914496527777778 0.056762152777777665 0.12540798611111115
0 0.030815972222222224 0.8012152777777778 0.06163194444444445 0.1267361111111111
0 0.07639756944444444 0.7743055555555556 0.04540798611111106 0.10981770833333332
0 0.04749131944444448 0.9243229166666667 0.06085069444444437 0.07789930555555537
0 0.048177083333333336 0.9756944444444444 0.07552083333333333 0.04861111111111111
0 0.5057552083333334 0.5286197916666667 0.03916666666666657 0.08599826388888883
0 0.49368055555555557 0.4375173611111111 0.03216145833333349 0.06742187500000006
0 0.44257812499999993 0.40072916666666664 0.029696180555555587 0.04372395833333334
0 0.36927083333333344 0.7220833333333334 0.02802083333333351 0.08019097222222211
0 0.023871527777777776 0.6966145833333334 0.04774305555555555 0.0703125
0 0.07927951388888882 0.8722222222222222 0.05820312500000016 0.0817013888888888