0 0.04178819444444453 0.3379427083333333 0.02765625000000011 0.06974826388888881
0 0.08407118055555547 0.3832899305555555 0.012560763888888715 0.03309895833333343
0 0.037230902777777866 0.4514670138888888 0.024618055555555667 0.04609374999999992
0 0.024652777777777857 0.4733159722222222 0.015269097222222349 0.041788194444444336
0 0.4431423611111111 0.037456597222222304 0.03248263888888895 0.05749999999999981
0 0.4231770833333333 0.013888888888888888 0.021701388888888888 0.027777777777777776
0 0.8435416666666669 0.48263020833333337 0.02342013888888851 0.04905381944444463
0 0.84421875 0.05607638888888881 0.006692708333333365 0.014175347222222159
0 0.8517274305555556 0.05703125000000004 0.004097222222222443 0.011032986111111143
0 0.8461892361111111 0.07421006944444446 0.005668402777777557 0.01338541666666673
0 0.8413628472222222 0.07546875000000004 0.006597222222222538 0.013255208333333317
0 0.8444184027777778 0.0857204861111111 0.0034982638888886677 0.009904513888888763
0 0.8519965277777778 0.11057291666666676 0.005694444444444792 0.011345486111111254
0 0.8474479166666669 0.10109375000000004 0.006857638888888573 0.01256944444444446