0 0.347109375 0.16730034722222223 0.07677951388888893 0.1052517361111111
0 0.3219444444444444 0.2760416666666667 0.05716145833333335 0.08171006944444453
0 0.40258680555555554 0.2510763888888889 0.02961805555555556 0.05328125000000009
0 0.38001736111111106 0.6015798611111111 0.07966145833333332 0.11259548611111114
0 0.9065017361111111 0.6732725694444444 0.07490451388888886 0.11629340277777761
0 0.9630729166666667 0.7931249999999999 0.07138020833333335 0.14446180555555563
0 0.9658333333333334 0.668732638888889 0.0658593749999999 0.09185763888888904
0 0.9476996527777778 0.5678038194444444 0.08207465277777794 0.12179687499999996
0 0.9683159722222222 0.3155381944444444 0.06336805555555555 0.13975694444444445
0 0.8940711805555556 0.17718749999999991 0.07767361111111112 0.08205729166666684
0 0.9431336805555556 0.1594097222222223 0.09284722222222225 0.10701388888888906
0 0.8948697916666668 0.24320312500000008 0.07730902777777773 0.09294270833333347
0 0.8334635416666667 0.0770833333333333 0.0639236111111112 0.14588541666666663
0 0.9140625 0.034722222222222224 0.0798611111111111 0.06944444444444445
0 0.8825954861111112 0.07894965277777782 0.05888020833333327 0.05302083333333327
0 0.9175347222222222 0.01171875 0.06944444444444445 0.0234375
0 0.9435590277777778 0.07090277777777783 0.05944444444444446 0.0628125000000001
0 0.9973958333333334 0.0954861111111111 0.005208333333333333 0.050347222222222224
0 0.98046875 0.09809027777777778 0.0390625 0.057291666666666664
0 0.7901996527777777 0.5395225694444444 0.019765624999999985 0.07658854166666668
0 0.7890451388888889 0.8173958333333332 0.02091145833333326 0.046961805555555874
0 0.7935243055555555 0.39802951388888885 0.015416666666666658 0.0623350694444444