0 0.3911197916666668 0.9423784722222222 0.05243923611111098 0.0843315972222223
0 0.3871527777777778 0.98828125 0.0642361111111111 0.0234375
0 0.22924479166666678 0.7204947916666666 0.019739583333333144 0.06373263888888896
0 0.3937847222222221 0.508671875 0.03712673611111149 0.07771701388888887
0 0.39349826388888887 0.5812326388888889 0.03983506944444473 0.08061631944444454
0 0.4244270833333334 0.4821440972222222 0.022031250000000096 0.08452256944444454
0 0.2954687500000001 0.17985243055555555 0.04897569444444451 0.08269097222222221
0 0.24120659722222212 0.025390625 0.03540798611111108 0.05078125
0 0.2191319444444445 0.2876128472222222 0.020156250000000223 0.04843749999999996
0 0.21470486111111123 0.34737847222222223 0.023784722222221905 0.06942708333333335
0 0.40689236111111093 0.7997569444444445 0.032369791666666634 0.08394965277777781