0 0.02649305555555554 0.41685763888888894 0.0275260416666667 0.04203125000000006
0 0.03311631944444452 0.3311024305555556 0.018819444444444302 0.06950520833333347
0 0.030381944444444444 0.00043402777777777775 0.019097222222222224 0.0008680555555555555
0 0.25864583333333335 0.4868576388888888 0.01807291666666681 0.04110243055555548
0 0.26016493055555556 0.42776909722222217 0.018993055555555652 0.06526041666666653
0 0.5889756944444444 0.022135416666666668 0.033854166666666664 0.044270833333333336
0 0.624045138888889 0.24701388888888884 0.02656249999999992 0.05358506944444446
0 0.630234375 0.3023871527777777 0.036119791666666776 0.03820312500000019
0 0.6304166666666666 0.3435243055555556 0.030815972222222224 0.043723958333333236
0 0.6380642361111111 0.4665972222222222 0.035338541666666695 0.04756076388888886
0 0.6623090277777778 0.5015190972222222 0.024383680555555683 0.041467013888888876
0 0.005642361111111111 0.4231770833333333 0.011284722222222222 0.03732638888888889
0 0.009982638888888888 0.3207465277777778 0.019965277777777776 0.05295138888888889