0 0.018689236111111285 0.8982725694444444 0.023828124999999842 0.06296006944444422
0 0.044270833333333336 0.9995659722222222 0.019097222222222224 0.0008680555555555555
0 0.38717013888888885 0.9591319444444445 0.016510416666667044 0.04704861111111095
0 0.3934548611111113 0.43692708333333324 0.031336805555555874 0.06207465277777797
0 0.3726996527777777 0.4455381944444444 0.01646701388888911 0.04358506944444448
0 0.4261197916666666 0.3517795138888889 0.031901041666666664 0.03622395833333335
0 0.4390364583333333 0.3024479166666667 0.011588541666666983 0.04577256944444446
0 0.4280642361111112 0.3045746527777777 0.0158246527777774 0.030590277777777588
0 0.4279340277777778 0.32866319444444436 0.01818576388888873 0.02151041666666684
0 0.4494357638888889 0.1449131944444445 0.015512152777777684 0.055295138888888734
0 0.7102256944444443 0.5860763888888889 0.030824652777777968 0.05714409722222216
0 0.704548611111111 0.6373958333333333 0.039861111111111173 0.04117187499999986
0 0.3926736111111112 0.5020052083333333 0.0301736111111113 0.054019097222222236
0 0.3644097222222224 0.4851909722222223 0.020755208333333205 0.0369444444444444