0 0.08680555555555555 0.012586805555555556 0.04861111111111111 0.025173611111111112
0 0.011284722222222222 0.012152777777777778 0.022569444444444444 0.024305555555555556
0 0.03689236111111111 0.03298611111111111 0.058159722222222224 0.06597222222222222
0 0.05243923611111098 0.1381076388888888 0.07333333333333296 0.11188368055555545
0 0.027777777777777776 0.16145833333333334 0.05555555555555555 0.10243055555555555
0 0.09192708333333341 0.08921006944444443 0.07709201388888924 0.13256944444444427
0 0.04383680555555555 0.4704861111111111 0.0876736111111111 0.10590277777777778
0 0.02734375 0.5373263888888888 0.0546875 0.13020833333333334
0 0.07547743055555539 0.6881163194444445 0.06486979166666629 0.13821180555555537
0 0.1116753472222223 0.6608506944444444 0.03572916666666654 0.1288107638888888
0 0.036458333333333336 0.9709201388888888 0.07291666666666667 0.058159722222222224
0 0.07942708333333333 0.9600694444444444 0.059895833333333336 0.0798611111111111