0 0.015190972222222222 0.5638020833333334 0.030381944444444444 0.08246527777777778
0 0.025173611111111112 0.5130208333333334 0.050347222222222224 0.08159722222222222
0 0.019965277777777776 0.6879340277777778 0.03993055555555555 0.11197916666666667
0 0.024739583333333332 0.6171875 0.049479166666666664 0.0920138888888889
0 0.4871440972222223 0.7249739583333333 0.04870659722222194 0.07975694444444434
0 0.010416666666666666 0.3884548611111111 0.020833333333333332 0.0390625
0 0.013020833333333334 0.4466145833333333 0.026041666666666668 0.0720486111111111
0 0.03289062499999989 0.41140625 0.028914930555555902 0.057795138888888924
0 0.005642361111111111 0.7647569444444444 0.011284722222222222 0.03125
0 0.024019097222222285 0.8231597222222222 0.029895833333332986 0.06795138888888887
0 0.503142361111111 0.6504427083333333 0.04219618055555527 0.09486979166666663