0 0.0030381944444444445 0.23914930555555555 0.006076388888888889 0.044270833333333336
0 0.004340277777777778 0.3129340277777778 0.008680555555555556 0.033854166666666664
0 0.3268229166666667 0.7596006944444444 0.021414930555555618 0.044982638888888836
0 0.34258680555555543 0.7056423611111112 0.02098090277777784 0.02850694444444457
0 0.33165798611111125 0.677638888888889 0.01745659722222194 0.024357638888888842
0 0.324982638888889 0.6295225694444445 0.02874131944444416 0.03512152777777781
0 0.3166232638888889 0.5790190972222222 0.03594618055555543 0.04691840277777794
0 0.30952256944444456 0.6079947916666667 0.024409722222222128 0.028680555555555525
0 0.31771701388888907 0.5371961805555555 0.04015625000000019 0.055355902777777764
0 0.32552951388888907 0.5097309027777778 0.03697916666666698 0.04192708333333349
0 0.30689236111111107 0.3696875000000001 0.017213541666666603 0.030911458333333443
0 0.35133680555555535 0.22432291666666673 0.01877604166666676 0.037760416666666664
0 0.3270486111111113 0.4741666666666667 0.045850694444444194 0.04406250000000019
0 0.3327430555555557 0.4407552083333333 0.02454861111111089 0.029366319444444382
0 0.3555642361111112 0.41967881944444446 0.013576388888889172 0.0632118055555557