0 0.6421788194444444 0.8864149305555556 0.05674479166666657 0.08897569444444445
0 0.7269965277777778 0.9839409722222222 0.044270833333333336 0.03211805555555555
0 0.7738715277777778 0.9822048611111112 0.035590277777777776 0.035590277777777776
0 0.7634548611111112 0.9982638888888888 0.0390625 0.003472222222222222
0 0.15693576388888886 0.7951302083333334 0.02216145833333351 0.05327256944444435
0 0.13045138888888885 0.8352864583333334 0.0325086805555554 0.03831597222222231
0 0.20028645833333336 0.8569444444444445 0.04844618055555551 0.04450520833333332
0 0.3330468750000001 0.9004340277777777 0.041137152777777665 0.06029513888888892
0 0.6014322916666666 0.6451909722222222 0.03749131944444449 0.07755208333333326
0 0.5965972222222222 0.4675694444444444 0.029513888888888888 0.06533854166666665
0 0.5746961805555555 0.8142361111111112 0.02986111111111119 0.08280381944444454
0 0.6457031249999999 0.3999739583333333 0.04187499999999981 0.04133680555555556
0 0.7306770833333331 0.8054513888888889 0.09476562499999987 0.06111111111111119
0 0.2699652777777778 0.98046875 0.059027777777777776 0.0390625
0 0.3328993055555556 0.9756944444444444 0.0546875 0.04861111111111111