0 0.6598784722222222 0.47518229166666676 0.017951388888888944 0.0642708333333333
0 0.5469097222222222 0.6112500000000001 0.02257812499999999 0.04458333333333345
0 0.6010243055555555 0.8715798611111111 0.028697916666666618 0.04088541666666698
0 0.6373871527777778 0.8849826388888888 0.02242187499999994 0.05022569444444416
0 0.5643055555555556 0.8989843750000001 0.02836805555555561 0.04300347222222219
0 0.6200607638888889 0.9618315972222224 0.03382812500000002 0.05011284722222184
0 0.58640625 0.9376215277777776 0.0310677083333333 0.03791666666666692
0 0.5731336805555556 0.9714496527777778 0.03284722222222215 0.045633680555555306
0 0.5394965277777778 0.9952256944444444 0.021701388888888888 0.009548611111111112
0 0.9587239583333333 0.7292881944444445 0.030008680555555698 0.047465277777777634
0 0.936623263888889 0.7236892361111111 0.022039930555555445 0.048116319444444305
0 0.9303993055555555 0.6343315972222222 0.02605902777777776 0.04133680555555546
0 0.9965277777777778 0.5321180555555556 0.006944444444444444 0.034722222222222224
0 0.9869791666666666 0.5846354166666666 0.026041666666666668 0.04774305555555555
0 0.9943576388888888 0.16145833333333334 0.011284722222222222 0.03819444444444445
0 0.9939236111111112 0.012152777777777778 0.012152777777777778 0.024305555555555556
0 0.9956597222222222 0.04296875 0.008680555555555556 0.03732638888888889
0 0.9473350694444443 0.021006944444444484 0.014817708333333476 0.03683159722222208
0 0.921875 0.009548611111111112 0.03125 0.019097222222222224
0 0.9908854166666666 0.1232638888888889 0.018229166666666668 0.043402777777777776
0 0.9869791666666666 0.2230902777777778 0.026041666666666668 0.03993055555555555
0 0.9908854166666666 0.19444444444444445 0.018229166666666668 0.020833333333333332