0 0.3932291666666667 0.2850954861111112 0.031545138888888914 0.08427951388888902
0 0.4292621527777778 0.2105555555555555 0.040182291666666634 0.054887152777777795
0 0.39809895833333336 0.21685763888888884 0.026093749999999954 0.04515624999999998
0 0.42624131944444443 0.28041666666666665 0.05518229166666661 0.076701388888889
0 0.44229166666666664 0.30911458333333325 0.06624999999999995 0.09009548611111108
0 0.486015625 0.3420833333333333 0.020477430555555485 0.06338541666666665
0 0.4453732638888889 0.38227430555555564 0.0465104166666666 0.06345486111111104
0 0.48082465277777775 0.2722309027777777 0.026310763888888842 0.055868055555555664
0 0.4301909722222222 0.46931423611111117 0.06973958333333335 0.07311631944444447
0 0.46351562500000004 0.5216145833333334 0.033324652777777866 0.0536284722222224
0 0.4357725694444444 0.5940885416666668 0.0692881944444444 0.09178819444444425
0 0.41061631944444443 0.6897829861111112 0.07749131944444443 0.12546874999999996
0 0.43689236111111107 0.8320399305555557 0.0742013888888889 0.09651909722222188
0 0.4767274305555556 0.8671788194444443 0.02833333333333342 0.05738715277777749
0 0.4166666666666667 0.9561631944444444 0.09027777777777778 0.0876736111111111
0 0.4545399305555555 0.9104861111111112 0.05394097222222231 0.06366319444444457
0 0.400234375 0.8829513888888888 0.05894965277777775 0.07865451388888861
0 0.9118923611111112 0.009114583333333334 0.05295138888888889 0.018229166666666668