0 0.009982638888888888 0.2582465277777778 0.019965277777777776 0.07552083333333333
0 0.024305555555555556 0.35546875 0.04861111111111111 0.044270833333333336
0 0.017361111111111112 0.3802083333333333 0.034722222222222224 0.04861111111111111
0 0.003472222222222222 0.4144965277777778 0.006944444444444444 0.03732638888888889
0 0.009982638888888888 0.5095486111111112 0.019965277777777776 0.04513888888888889
0 0.04828993055555565 0.5335590277777779 0.03916666666666657 0.06666666666666682
0 0.014756944444444444 0.5481770833333334 0.029513888888888888 0.05642361111111111
0 0.04382812499999981 0.5952951388888889 0.03936631944444476 0.05697916666666655
0 0.00390625 0.6232638888888888 0.0078125 0.059027777777777776
0 0.017361111111111112 0.6623263888888888 0.034722222222222224 0.0642361111111111
0 0.03360243055555559 0.8552430555555554 0.04603298611111089 0.06638020833333355
0 0.04520833333333327 0.9008680555555557 0.025850694444444225 0.03532118055555521
0 0.024913194444444287 0.9619704861111111 0.04632812499999991 0.07390625000000028
0 0.024305555555555556 0.9991319444444444 0.024305555555555556 0.001736111111111111