0 0.010477430555555698 0.7842881944444444 0.01336805555555524 0.021041666666666476
0 0.016736111111111285 0.8047395833333333 0.008628472222221874 0.0173958333333333
0 0.009470486111110985 0.8056770833333332 0.006718749999999811 0.01743923611111124
0 0.005069444444444571 0.8194270833333334 0.006727430555555556 0.015842013888888888
0 0.0026041666666666665 0.8016493055555556 0.005208333333333333 0.018229166666666668
0 0.07874131944444447 0.2709895833333334 0.025225694444444793 0.04279513888888905
0 0.07972222222222235 0.3230642361111112 0.022031250000000096 0.04417534722222211
0 0.09110243055555539 0.30406249999999996 0.02422743055555543 0.017751736111110954
0 0.06877604166666668 0.20581597222222214 0.025381944444444256 0.059791666666666764
0 0.08409722222222232 0.22494791666666675 0.02793402777777803 0.04566840277777789
0 0.08894097222222225 0.16776909722222222 0.02089409722222197 0.05531249999999983
0 0.08291666666666665 0.0898263888888889 0.02429687499999981 0.04521701388888902
0 0.2621354166666667 0.34318576388888883 0.02160590277777806 0.03521701388888903
0 0.24131944444444445 0.9986979166666666 0.017361111111111112 0.0026041666666666665
0 0.2907986111111111 0.984375 0.017361111111111112 0.03125
0 0.3431250000000002 0.14641493055555563 0.007395833333333712 0.01619791666666654