0 0.3776041666666667 0.01171875 0.08159722222222222 0.0234375
0 0.43749131944444425 0.058854166666666825 0.05572916666666651 0.07712673611111143
0 0.4477604166666668 0.14824652777777794 0.04721354166666695 0.060460069444444126
0 0.5119791666666669 0.08034722222222218 0.023732638888889015 0.08172743055555524
0 0.32917534722222225 0.12018229166666651 0.045651041666666795 0.07514756944444419
0 0.3396788194444444 0.17387152777777792 0.02474826388888908 0.04664930555555537
0 0.3149392361111111 0.25644965277777765 0.04293402777777781 0.18159722222222208
0 0.45740451388888875 0.3348003472222223 0.07164930555555553 0.12972222222222188
0 0.4008506944444446 0.3675000000000001 0.06539930555555568 0.08697916666666651
0 0.40003472222222236 0.4281423611111109 0.058532986111111365 0.051805555555555806
0 0.46361111111111103 0.45596354166666664 0.07557291666666702 0.13263888888888906