0 0.3435069444444443 0.06148437499999994 0.04445312500000003 0.05819444444444441
0 0.40551215277777786 0.28633680555555546 0.04632812499999991 0.09587673611111096
0 0.6923958333333337 0.5779861111111111 0.032994791666666856 0.07144965277777773
0 0.7778645833333336 0.30060763888888886 0.053836805555555936 0.09204861111111108
0 0.8125954861111109 0.3451128472222222 0.03562500000000076 0.04995659722222238
0 0.7933854166666663 0.36601562500000007 0.0392621527777774 0.061137152777777634
0 0.803324652777778 0.4464409722222222 0.03355902777777765 0.05478298611111122
0 0.7677951388888888 0.19723958333333336 0.017499999999999873 0.03687500000000002
0 0.7762152777777777 0.12968750000000007 0.010937500000000315 0.03358506944444449
0 0.7877430555555551 0.21147569444444436 0.014947916666666098 0.03963541666666654
0 0.7682899305555553 0.23098958333333325 0.009887152777777273 0.01626736111111092
0 0.7784114583333329 0.2237673611111111 0.009513888888888131 0.020902777777777715