0 0.3067100694444444 0.13394965277777773 0.04917534722222191 0.10052951388888924
0 0.2348090277777778 0.005642361111111111 0.04079861111111111 0.011284722222222222
0 0.7531163194444446 0.8927430555555556 0.051684027777778536 0.09843749999999968
0 0.7388454861111108 0.7198263888888887 0.05764756944444432 0.09292534722222238
0 0.7731076388888888 0.6697048611111112 0.03678819444444375 0.07894965277777762
0 0.7190798611111112 0.5056510416666669 0.055763888888888696 0.08333333333333333
0 0.7770312500000003 0.3566753472222221 0.054036458333333336 0.07394097222222247
0 0.8284635416666669 0.27793402777777765 0.031440972222221655 0.10466145833333308
0 0.7764756944444444 0.015190972222222222 0.04600694444444445 0.030381944444444444
0 0.7300347222222222 0.005208333333333333 0.050347222222222224 0.010416666666666666
0 0.6721180555555554 0.36608506944444447 0.03973090277777816 0.08178819444444467
0 0.8068489583333331 0.6661111111111112 0.03348090277777752 0.08792534722222219
0 0.8197916666666664 0.5862586805555554 0.022100694444443687 0.04945312500000022
0 0.6881944444444446 0.6091145833333331 0.04802083333333308 0.059227430555555176
0 0.6620746527777778 0.6250781250000002 0.05309027777777765 0.07528645833333296
0 0.6732812499999999 0.4777864583333332 0.049609374999999685 0.07187500000000016
0 0.7805989583333334 0.04450520833333332 0.046423611111110735 0.0406510416666666