0 0.3346354166666667 0.9717881944444444 0.059895833333333336 0.05642361111111111
0 0.42965277777777783 0.6584722222222221 0.037057291666666714 0.08599826388888904
0 0.41310763888888896 0.5211979166666667 0.05935763888888898 0.09138888888888906
0 0.5101909722222222 0.4265798611111112 0.024470486111111158 0.09828124999999982
0 0.45554687499999996 0.2884027777777778 0.025972222222222285 0.064453125
0 0.42322048611111107 0.2616059027777777 0.027178819444444398 0.055763888888888696
0 0.46887152777777785 0.20651909722222228 0.02566840277777792 0.044392361111111
0 0.4913194444444444 0.041666666666666664 0.029513888888888888 0.08333333333333333
0 0.9056597222222224 0.12380208333333324 0.02046874999999994 0.05412326388888881
0 0.9800347222222222 0.7864583333333334 0.03993055555555555 0.12152777777777778
0 0.9748263888888888 0.8736979166666666 0.050347222222222224 0.07899305555555555
0 0.9982638888888888 0.859375 0.003472222222222222 0.06770833333333333
0 0.9761284722222222 0.9609375 0.04774305555555555 0.078125