0 0.013888888888888888 0.029513888888888888 0.027777777777777776 0.059027777777777776
0 0.016059027777777776 0.10633680555555555 0.03211805555555555 0.08246527777777778
0 0.005642361111111111 0.3962673611111111 0.011284722222222222 0.10503472222222222
0 0.027777777777777776 0.4782986111111111 0.05555555555555555 0.07118055555555555
0 0.08403645833333329 0.6912499999999999 0.037222222222222316 0.051979166666666764
0 0.3949652777777778 0.003472222222222222 0.024305555555555556 0.006944444444444444
0 0.6953038194444444 0.20756944444444436 0.032239583333333224 0.08940104166666647
0 0.7784027777777776 0.16084201388888886 0.027743055555555587 0.07340277777777773
0 0.7190277777777777 0.29631076388888883 0.046206597222222236 0.10356770833333329
0 0.9825260416666666 0.9162586805555557 0.031657986111111334 0.04318576388888889
0 0.9887152777777778 0.7222222222222222 0.022569444444444444 0.034722222222222224
0 0.9995659722222222 0.4947916666666667 0.0008680555555555555 0.08506944444444445
0 0.09326388888888894 0.4944270833333333 0.02960937500000011 0.065876736111111
0 0.4544270833333333 0.010850694444444444 0.042534722222222224 0.021701388888888888
0 0.7547482638888889 0.31881076388888885 0.017968749999999842 0.034192708333333224
0 0.7430815972222222 0.2816840277777778 0.012708333333333223 0.02017361111111092
0 0.07649305555555547 0.7408767361111112 0.02579861111111094 0.028151041666666526
0 0.0935503472222222 0.7645920138888889 0.02848090277777773 0.029574652777777724