0 0.2131076388888889 0.01171875 0.019965277777777776 0.0234375
0 0.21769965277777775 0.02926215277777781 0.022196180555555698 0.03226562500000006
0 0.20700520833333336 0.15312500000000007 0.03936631944444437 0.05060763888888905
0 0.22195312500000006 0.1800868055555556 0.036527777777777715 0.03738715277777792
0 0.21513888888888882 0.21158854166666666 0.023975694444444348 0.03224826388888897
0 0.2275868055555556 0.22138888888888886 0.023637152777777795 0.04539930555555571
0 0.1753993055555555 0.28788194444444454 0.031840277777777634 0.04886284722222219
0 0.14674479166666662 0.3444965277777777 0.01928819444444427 0.041536458333333255
0 0.137578125 0.41693576388888887 0.02524305555555549 0.05276041666666684
0 0.11792534722222214 0.45021701388888896 0.018420138888888715 0.053888888888888827
0 0.484375 0.9678819444444444 0.04861111111111111 0.0642361111111111
0 0.49454861111111115 0.946736111111111 0.04164062499999983 0.06252604166666645
0 0.5087934027777778 0.9011458333333332 0.02069444444444457 0.035763888888888734
0 0.4797569444444445 0.8423611111111112 0.01938368055555549 0.02407986111111092
0 0.13610243055555551 0.37194444444444447 0.01310763888888881 0.031197916666666714
0 0.15301215277777777 0.4519965277777778 0.006979166666666635 0.01842881944444446
0 0.20038194444444438 0.3552517361111111 0.006024305555555603 0.01473958333333335
0 0.4939583333333333 0.7025173611111111 0.009435763888888794 0.016597222222222128