0 0.29940104166666653 0.15713541666666664 0.007855902777777935 0.013177083333333192
0 0.32223958333333313 0.1771701388888888 0.010598958333333365 0.014843749999999921
0 0.35671875000000003 0.26131076388888885 0.010538194444444728 0.031059027777777953
0 0.3520399305555557 0.6513281249999999 0.02286458333333346 0.046666666666666856
0 0.35848958333333336 0.8395052083333334 0.033394097222222446 0.07067708333333339
0 0.35184027777777793 0.8826215277777779 0.02960069444444476 0.04526909722222191
0 0.7202430555555553 0.7946527777777779 0.01816840277777803 0.05935763888888898
0 0.7953732638888888 0.7783767361111111 0.03269965277777784 0.04818576388888908
0 0.8081076388888889 0.665546875 0.016527777777777745 0.041848958333333366
0 0.7802864583333332 0.6370833333333334 0.02976562499999997 0.05380208333333335
0 0.7320399305555555 0.5916406249999999 0.02116319444444454 0.042092013888888696
0 0.7616927083333331 0.5784461805555554 0.024843749999999904 0.03733506944444463
0 0.7378993055555555 0.48125868055555565 0.026545138888888827 0.05095486111111095
0 0.7302604166666669 0.43926215277777775 0.021562500000000127 0.038220486111111285
0 0.7354861111111113 0.401484375 0.028845486111110732 0.04026909722222211
0 0.7745833333333335 0.34733506944444453 0.03420138888888857 0.045972222222222255
0 0.7189062499999999 0.2759895833333334 0.011440972222222475 0.03551215277777765