0 0.16310763888888896 0.4990711805555555 0.01892361111111127 0.027855902777777705
0 0.12338541666666675 0.45061631944444447 0.009861111111111221 0.024227430555555627
0 0.13603298611111114 0.6064149305555556 0.025659722222222174 0.06305555555555564
0 0.239140625 0.6790798611111111 0.025520833333333413 0.061336805555555624
0 0.2432986111111111 0.6393836805555556 0.014062499999999842 0.03570312500000009
0 0.18978298611111122 0.779375 0.02879340277777784 0.04370659722222214
0 0.2536111111111112 0.7324392361111111 0.016692708333333348 0.05095486111111115
0 0.18851562500000008 0.84484375 0.016779513888888827 0.04259548611111105
0 0.17219618055555547 0.8578559027777778 0.02287326388888881 0.04568576388888898
0 0.24009548611111103 0.9008680555555555 0.03058159722222224 0.04632812499999991
0 0.21618055555555551 0.9179774305555556 0.024670138888888953 0.03863715277777797
0 0.6386197916666667 0.45503472222222224 0.04141493055555559 0.06517361111111104
0 0.6769444444444443 0.4846006944444444 0.019045138888888938 0.05923611111111112
0 0.6685416666666667 0.5576736111111111 0.03314236111111097 0.09596354166666662
0 0.5698784722222222 0.4429340277777778 0.0340972222222224 0.09049479166666667
0 0.5978211805555556 0.4285677083333333 0.03309895833333343 0.07167534722222227