0 0.05327256944444435 0.1922656249999998 0.03355902777777765 0.03856770833333359
0 0.06519965277777769 0.17604166666666682 0.02205729166666654 0.03493923611111111
0 0.04385416666666665 0.1572916666666665 0.022508680555555414 0.039696180555555176
0 0.03381076388888893 0.14939236111111104 0.018541666666666776 0.041449652777777776
0 0.061206597222222214 0.1514496527777776 0.020295138888888984 0.02399305555555584
0 0.06296006944444442 0.13786458333333348 0.02588541666666681 0.022942708333333586
0 0.10215277777777783 0.16341145833333334 0.01640625000000008 0.046875
0 0.09532986111111105 0.13811631944444455 0.018350694444444333 0.039053819444444256
0 0.09236979166666674 0.0992795138888888 0.017118055555555383 0.036137152777777876
0 0.08245659722222223 0.06230902777777795 0.018090277777777903 0.026102430555555303
0 0.1505555555555556 0.1315538194444446 0.02296875000000003 0.042170138888888827
0 0.16660590277777784 0.1113107638888889 0.028567708333333205 0.042638888888888796
0 0.17359375000000002 0.07611979166666671 0.030260416666666776 0.047013888888888765
0 0.19163194444444442 0.03804687499999994 0.024019097222222285 0.045633680555555306
0 0.1644965277777778 0.020833333333333332 0.035590277777777776 0.041666666666666664
0 0.4996267361111111 0.23244791666666684 0.012170138888888873 0.039956597222222
0 0.037543402777777776 0.021935763888888873 0.02791666666666654 0.03315104166666632
0 0.06875868055555559 0.10650173611111116 0.024331597222222397 0.020416666666667044
0 0.0467100694444444 0.10751736111111122 0.03315972222222206 0.040095486111110766
0 0.050338541666666674 0.054175347222222094 0.022100694444444475 0.02569444444444476
0 0.05736979166666659 0.07005208333333318 0.022881944444444555 0.022170138888888857
0 0.07395833333333338 0.044192708333333205 0.022960069444444287 0.026102430555555303
0 0.06987847222222222 0.026953125000000158 0.023177083333333175 0.018767361111111016
0 0.04904513888888889 0.0013020833333333333 0.019965277777777776 0.0026041666666666665
0 0.43810763888888893 0.25649305555555557 0.012170138888888873 0.044001736111110766
0 0.20091145833333338 0.09622395833333325 0.03265624999999991 0.04284722222222194
0 0.17512152777777779 0.15847222222222218 0.02536458333333316 0.045434027777777906
0 0.024739583333333332 0.006076388888888889 0.025173611111111112 0.012152777777777778
0 0.17973958333333329 0.1304253472222222 0.01200520833333327 0.024340277777777745