0 0.4565972222222222 0.0013020833333333333 0.04861111111111111 0.0026041666666666665
0 0.3841145833333333 0.037760416666666664 0.07552083333333333 0.07552083333333333
0 0.4490190972222222 0.06825520833333343 0.07485243055555557 0.08656249999999982
0 0.34210069444444446 0.06666666666666662 0.06634548611111117 0.09703993055555553
0 0.49418402777777776 0.0918142361111111 0.04678819444444452 0.046163194444444305
0 0.3811458333333333 0.13236979166666668 0.08440104166666668 0.10303819444444429
0 0.3472222222222222 0.19422743055555555 0.10183159722222218 0.11658854166666661
0 0.4283333333333334 0.2222222222222222 0.09940104166666666 0.08654513888888873
0 0.4888802083333334 0.24022569444444444 0.05906249999999997 0.07745659722222224
0 0.4169791666666667 0.33151041666666675 0.09686631944444438 0.11531250000000012
0 0.412265625 0.44019097222222214 0.06591145833333328 0.07294270833333351
0 0.4687673611111111 0.4594618055555555 0.060546875 0.09665798611111104
0 0.4358767361111111 0.41125868055555553 0.07385416666666661 0.07783854166666673
0 0.3776736111111111 0.5744010416666667 0.0651475694444444 0.09284722222222225
0 0.30493055555555554 0.49287326388888886 0.04247395833333329 0.0795312499999999
0 0.3717795138888889 0.6788802083333333 0.08196180555555552 0.09867187500000006
0 0.5013107638888888 0.6378298611111111 0.03142361111111115 0.08844618055555545
0 0.4094010416666667 0.8196440972222222 0.0632291666666667 0.06506944444444447
0 0.3542881944444444 0.8033072916666666 0.06044270833333333 0.08537326388888901
0 0.3896354166666667 0.7534201388888889 0.07078993055555552 0.05210069444444462
0 0.31080729166666665 0.9099131944444443 0.06938368055555551 0.10091145833333333
0 0.34942708333333333 0.8843315972222222 0.05360243055555555 0.06993923611111086
0 0.3836805555555556 0.9691840277777778 0.0954861111111111 0.06163194444444445
0 0.3194444444444444 0.9913194444444444 0.0763888888888889 0.017361111111111112
0 0.4314236111111111 0.9908854166666666 0.07118055555555555 0.018229166666666668
0 0.7544791666666666 0.8662413194444443 0.04474826388888885 0.06740451388888857
0 0.7942795138888888 0.891814236111111 0.038871527777777755 0.06471354166666682
0 0.8015017361111112 0.8232552083333332 0.03277777777777777 0.06052083333333355
0 0.7328645833333334 0.5934722222222223 0.06377604166666669 0.08607638888888876
0 0.7181423611111111 0.5061545138888888 0.06630208333333343 0.09769097222222219
0 0.6545659722222221 0.47956597222222225 0.026640625000000046 0.05796875000000017
0 0.7262413194444445 0.33004340277777783 0.058854166666666624 0.08459201388888873
0 0.6938020833333334 0.4014670138888889 0.049496527777777764 0.09044270833333339
0 0.7347048611111111 0.27231770833333335 0.04092881944444452 0.04118923611111095