0 0.12123263888888876 0.30022569444444436 0.02827256944444419 0.06576388888888908
0 0.0987326388888887 0.3249479166666666 0.025833333333333524 0.053697916666666776
0 0.13907986111111093 0.3373090277777777 0.01250868055555543 0.03664930555555538
0 0.12600694444444432 0.3751822916666667 0.022291666666666918 0.03380208333333338
0 0.4991319444444444 0.9722222222222222 0.029513888888888888 0.05555555555555555
0 0.4915798611111113 0.9201736111111111 0.016571180555555683 0.044539930555555905
0 0.508810763888889 0.6224045138888888 0.043671875000000346 0.03733506944444463
0 0.5245138888888887 0.5840277777777777 0.021484375 0.021822916666666557
0 0.4874045138888887 0.5282552083333333 0.04374131944444473 0.057717013888888696
0 0.5202083333333335 0.5434288194444444 0.04099826388888851 0.059565972222222124
0 0.5073003472222221 0.46313368055555554 0.03328125000000012 0.04061631944444441
0 0.5303385416666665 0.35916666666666663 0.029105902777777557 0.04832465277777784
0 0.5017621527777779 0.38988715277777786 0.029392361111110828 0.04806423611111102
0 0.47759548611111113 0.40145833333333336 0.025468750000000127 0.03877604166666673
0 0.46029513888888907 0.3487413194444444 0.021874999999999842 0.07247395833333314
0 0.5027777777777777 0.3262326388888888 0.03562499999999997 0.048819444444444256
0 0.4631076388888889 0.262578125 0.028645833333333332 0.07111111111111118
0 0.5289149305555555 0.3069097222222222 0.030277777777777872 0.05980034722222211
0 0.4934288194444443 0.2775434027777778 0.0386979166666666 0.059965277777777715
0 0.47026041666666646 0.30792534722222226 0.030078124999999685 0.03273437500000003
0 0.48802951388888893 0.35951388888888897 0.041649305555555176 0.03953124999999997