0 0.3312152777777777 0.4353298611111111 0.029878472222222285 0.10417534722222241
0 0.29065972222222236 0.782013888888889 0.07468749999999996 0.10602430555555564
0 0.29585069444444456 0.8944097222222224 0.0676822916666669 0.0758246527777781
0 0.2680729166666668 0.8349652777777778 0.03571180555555584 0.06949652777777812
0 0.734375 0.9865451388888888 0.06076388888888889 0.026909722222222224
0 0.8058940972222222 0.9265104166666668 0.05033854166666648 0.1018923611111112
0 0.8035243055555554 0.8382725694444445 0.0435329861111108 0.08023437500000025
0 0.8069270833333333 0.7284375000000001 0.04002604166666638 0.10002604166666668
0 0.7374913194444446 0.6848871527777778 0.0848611111111113 0.12232638888888896
0 0.6863281250000001 0.7162673611111112 0.04033854166666689 0.07774305555555551
0 0.7790798611111112 0.5725 0.037986111111111304 0.0730121527777779
0 0.8141666666666667 0.568984375 0.03219618055555568 0.07852430555555559
0 0.6785937499999998 0.4261284722222223 0.0475694444444446 0.06513020833333351
0 0.7007725694444444 0.3550347222222222 0.06096354166666629 0.10664930555555567
0 0.8005381944444443 0.24922743055555546 0.03961805555555584 0.10352430555555575
0 0.8051909722222221 0.31775173611111107 0.03569444444444435 0.06491319444444461
0 0.6673697916666667 0.20538194444444435 0.038871527777777554 0.05641493055555537
0 0.6670486111111111 0.27123263888888893 0.01621527777777803 0.03813368055555541
0 0.7838541666666666 0.020399305555555556 0.03993055555555555 0.04079861111111111
0 0.7756076388888888 0.9952256944444444 0.03211805555555555 0.009548611111111112
0 0.7923958333333334 0.9818836805555556 0.021032986111110732 0.034053819444444064