0 0.19923611111111109 0.6747743055555555 0.03896701388888878 0.07485243055555557
0 0.1632552083333333 0.6132899305555556 0.024340277777777745 0.04319444444444463
0 0.11677083333333332 0.6726475694444445 0.020538194444444317 0.13006944444444457
0 0.1785416666666667 0.7983680555555553 0.05490451388888889 0.07573784722222222
0 0.1390711805555556 0.8560156250000001 0.058012152777777715 0.09562499999999988
0 0.15755208333333334 0.9644097222222222 0.06684027777777778 0.07118055555555555
0 0.15538194444444445 0.9947916666666666 0.052083333333333336 0.010416666666666666
0 0.20399305555555555 0.9500868055555556 0.043402777777777776 0.0998263888888889
0 0.6161631944444443 0.7198090277777778 0.02133680555555549 0.04176215277777789
0 0.640625 0.6370572916666668 0.03680555555555563 0.05756076388888884
0 0.6558072916666666 0.6569010416666666 0.03948784722222203 0.08653645833333339
0 0.674296875 0.5351909722222222 0.024661458333333205 0.052621527777777684
0 0.6273263888888889 0.4437934027777778 0.04959201388888898 0.09687499999999992
0 0.5875347222222221 0.35210069444444436 0.033194444444444256 0.08907986111111102
0 0.6873784722222221 0.3432725694444445 0.030225694444444586 0.07717881944444432
0 0.6490711805555556 0.27710069444444446 0.047135416666666825 0.07857638888888888
0 0.6819357638888888 0.2776302083333333 0.03564236111111106 0.05903645833333352
0 0.6124305555555556 0.20826388888888894 0.04196180555555568 0.059045138888888876
0 0.6278645833333333 0.07976562500000009 0.03507812499999988 0.06954861111111102
0 0.6774652777777779 0.12283854166666666 0.06016493055555551 0.06584201388888881