0 0.06203125000000003 0.9603645833333334 0.0639409722222221 0.07466145833333353
0 0.058081597222222094 0.6292968750000001 0.04894965277777806 0.09910590277777784
0 0.10582465277777765 0.6500694444444446 0.05718750000000009 0.07250868055555573
0 0.16221354166666657 0.5791927083333334 0.043151041666666695 0.10193576388888875
0 0.1837586805555556 0.4546614583333333 0.037222222222222316 0.10805555555555557
0 0.11812499999999994 0.5012065972222223 0.06367187500000032 0.06914062500000008
0 0.05946180555555555 0.5174305555555555 0.05791666666666689 0.08676215277777762
0 0.036137152777777876 0.46177951388888894 0.059244791666666664 0.0767187500000001
0 0.10794270833333325 0.44099826388888885 0.06960937499999965 0.08844618055555545
0 0.16309027777777788 0.3351302083333333 0.05555555555555555 0.10407986111111119
0 0.18364583333333329 0.24282986111111113 0.022960069444444287 0.077595486111111
0 0.0703298611111111 0.3150000000000001 0.08942708333333371 0.09847222222222227
0 0.09905381944444455 0.2939062499999999 0.0696006944444447 0.0909201388888887
0 0.10506076388888906 0.23307291666666666 0.038090277777777876 0.06339409722222239
0 0.15068576388888902 0.2491059027777778 0.05473958333333368 0.12300347222222206
0 0.0795659722222221 0.16841145833333332 0.08125868055555527 0.08684027777777775
0 0.1256597222222224 0.11871527777777777 0.07485243055555518 0.09848090277777762
0 0.19140625 0.029079861111111112 0.026909722222222224 0.058159722222222224