0 0.048888888888888836 0.10923611111111112 0.04703124999999986 0.08711805555555557
0 0.05118923611111113 0.2620138888888889 0.041623263888888734 0.072265625
0 0.032074652777777816 0.35256076388888885 0.05846354166666659 0.09016493055555556
0 0.03693576388888885 0.49499131944444447 0.04715277777777792 0.09065972222222227
0 0.08549479166666668 0.49484374999999997 0.04196180555555568 0.053324652777777835
0 0.10138888888888885 0.4553038194444444 0.01586805555555573 0.06435763888888897
0 0.07020833333333343 0.6106944444444444 0.03712673611111109 0.05490451388888889
0 0.06470486111111108 0.6480121527777778 0.036779513888888796 0.06555555555555553
0 0.08390625000000007 0.6885503472222223 0.03146701388888889 0.05958333333333342
0 0.03600694444444446 0.6920833333333333 0.041605902777777634 0.0754774305555556
0 0.06221354166666673 0.842734375 0.03180555555555545 0.04968750000000001
0 0.05368923611111103 0.7594704861111111 0.02186631944444449 0.0413802083333334
0 0.07990451388888885 0.79234375 0.02346354166666684 0.05380208333333335
0 0.1488715277777778 0.9856770833333334 0.026909722222222224 0.028645833333333332
0 0.2696440972222223 0.9208680555555555 0.050894097222222316 0.09215277777777765
0 0.27623263888888894 0.8469531250000001 0.07091145833333339 0.07930555555555546
0 0.14546874999999992 0.902578125 0.019626736111111223 0.06286458333333339
0 0.1661805555555556 0.8674131944444444 0.028333333333333224 0.049088541666666825
0 0.2892447916666667 0.7500086805555556 0.036675347222222224 0.0942795138888888
0 0.2535416666666666 0.7705295138888889 0.03328125000000012 0.06418402777777782
0 0.15414062499999995 0.7467534722222222 0.02328993055555549 0.08139756944444443
0 0.1608854166666666 0.66203125 0.018541666666666776 0.0578819444444445
0 0.16773437500000002 0.7075260416666667 0.0243142361111113 0.059496527777777745
0 0.2672916666666667 0.6927083333333334 0.0589583333333334 0.08914062500000004
0 0.18078993055555553 0.5518489583333334 0.03282118055555551 0.06919270833333337
0 0.3022222222222223 0.4381510416666667 0.03305555555555549 0.07621527777777774
0 0.26953125 0.46546006944444446 0.04885416666666684 0.06243055555555562
0 0.2860329861111111 0.3610416666666667 0.05085069444444438 0.08434027777777775
0 0.20403645833333328 0.3552951388888889 0.03186631944444448 0.056440972222222205
0 0.18548611111111116 0.39796875 0.026692708333333332 0.06151909722222223
0 0.32717013888888896 0.12434027777777779 0.03279513888888906 0.06151041666666668
0 0.32919270833333336 0.18309895833333334 0.02154513888888903 0.07087673611111109
0 0.6899913194444444 0.8948697916666668 0.023107638888888796 0.04726562499999984
0 0.07900173611111111 0.8859548611111111 0.021067708333333317 0.04670138888888885
0 0.23276041666666675 0.033671875 0.03375000000000009 0.05814236111111112
0 0.00390625 0.3359375 0.0078125 0.03125
0 0.10199652777777778 0.18028645833333334 0.016875000000000046 0.08673611111111107
0 0.07856770833333332 0.42194444444444446 0.029210069444444525 0.07276041666666672
0 0.056310763888888796 0.4543836805555556 0.02677083333333346 0.029027777777777826
0 0.045251736111111204 0.5689409722222222 0.010512152777777888 0.026276041666666652
0 0.04314236111111115 0.6020138888888888 0.013151041666666745 0.029809027777777705
0 0.034878472222222276 0.6360677083333334 0.01717013888888906 0.03138020833333341
0 0.05642361111111111 0.9982638888888888 0.013888888888888888 0.003472222222222222
0 0.28978298611111103 0.6497135416666667 0.04035590277777759 0.045720486111111173
0 0.33041666666666675 0.05980902777777778 0.02758680555555573 0.071015625
0 0.06923611111111111 0.07027777777777777 0.014565972222222397 0.03869791666666668
0 0.007378472222222222 0.86328125 0.014756944444444444 0.07725694444444445
0 0.0788541666666666 0.9550086805555557 0.02375000000000011 0.07632812499999986
0 0.0694184027777778 0.708923611111111 0.02407118055555557 0.06542534722222232
0 0.7510677083333334 0.6281944444444444 0.028350694444444317 0.06729166666666665
0 0.18513888888888885 0.6851822916666667 0.0188368055555554 0.05809027777777784
0 0.15420138888888898 0.8026649305555555 0.021276041666666856 0.04820312499999998
0 0.055477430555555624 0.9074305555555555 0.03648437500000017 0.0733420138888887
0 0.06655381944444451 0.5654427083333333 0.03732638888888889 0.06485243055555559
0 0.09256944444444454 0.5544965277777778 0.022213541666666795 0.04470486111111111
0 0.03536458333333334 0.30266493055555554 0.03225694444444432 0.029314236111111096