0 0.6472743055555554 0.2247916666666667 0.047578125000000346 0.034036458333333366
0 0.49528645833333346 0.2546354166666666 0.06235243055555549 0.029670138888888746
0 0.3798003472222224 0.2198090277777778 0.020590277777778 0.016458333333333366
0 0.4080555555555555 0.20981770833333335 0.021206597222222474 0.01867187500000019
0 0.39213541666666646 0.21390625000000008 0.02178819444444476 0.021145833333333443
0 0.04820312500000017 0.23024305555555558 0.04017361111111089 0.018932291666666618
0 0.8904340277777779 0.4795746527777778 0.022786458333333332 0.02488715277777784
0 0.5671180555555557 0.4783680555555555 0.02044270833333349 0.01676215277777773
0 0.5836371527777777 0.4763975694444444 0.018177083333332986 0.013810763888888763
0 0.5365277777777777 0.48087673611111115 0.02488715277777784 0.01733506944444427
0 0.4507899305555555 0.4943229166666667 0.024331597222222 0.0163194444444446
0 0.8128906249999999 0.7681423611111112 0.024557291666666634 0.016848958333333205
0 0.27361111111111097 0.7540364583333334 0.03150173611111108 0.018020833333333524
0 0.19914062499999988 0.7600520833333333 0.027690972222221905 0.018828125000000046
0 0.21295138888888904 0.9844965277777776 0.04318576388888889 0.015243055555555904