0 0.41509548611111113 0.07002604166666673 0.04847222222222235 0.03146701388888889
0 0.3352256944444443 0.09801215277777785 0.03203993055555543 0.014644097222222128
0 0.2620833333333334 0.07964409722222222 0.02734375 0.02453125000000019
0 0.28625868055555553 0.08572916666666666 0.03236111111111089 0.03329861111111122
0 0.30373263888888896 0.0971267361111112 0.028671874999999777 0.019140625000000158
0 0.5933767361111113 0.3725694444444445 0.04967013888888911 0.028315972222222128
0 0.6859548611111109 0.5399131944444444 0.04524305555555546 0.024652777777777857
0 0.6396961805555554 0.5400086805555555 0.042638888888888796 0.02282986111111127
0 0.6516232638888889 0.49835937499999994 0.030668402777777715 0.00983506944444438
0 0.6886197916666666 0.49987847222222215 0.044071180555555936 0.012135416666666683
0 0.5270920138888889 0.6739670138888889 0.029340277777777937 0.03297743055555537
0 0.5552083333333333 0.6762934027777777 0.025546875000000253 0.024661458333333205
0 0.5651649305555557 0.6725868055555555 0.020781249999999654 0.02084201388888908
0 0.5030555555555556 0.6689149305555555 0.02938368055555587 0.017534722222222063
0 0.519470486111111 0.6609114583333332 0.028550347222222508 0.01950520833333316
0 0.7596354166666666 0.6718576388888889 0.02417534722222254 0.014166666666666808
0 0.6714409722222222 0.6740972222222221 0.015008680555555523 0.011927083333333144
0 0.7463802083333333 0.7258506944444445 0.030199652777777745 0.009921874999999858
0 0.9363020833333332 0.7301996527777779 0.05651041666666698 0.023671874999999985
0 0.9637152777777777 0.8948003472222221 0.018854166666666887 0.012890625000000315
0 0.9695225694444444 0.8930295138888888 0.017335069444444667 0.019097222222222224
0 0.9805208333333333 0.9173958333333334 0.028003472222222412 0.018246527777778156
0 0.9646267361111112 0.9122135416666666 0.00929687500000003 0.01585937500000038
0 0.9396875 0.8941753472222224 0.015199652777777968 0.008229166666666288
0 0.924296875 0.8864322916666667 0.012300347222222285 0.006406250000000095
0 0.8894444444444444 0.9086024305555556 0.024965277777777968 0.01926215277777743
0 0.8243576388888888 0.9183072916666666 0.043480902777777906 0.031458333333333144
0 0.8706510416666665 0.9198090277777777 0.02044270833333349 0.011631944444444129
0 0.8258680555555556 0.879201388888889 0.02316840277777743 0.011293402777777968
0 0.7679947916666667 0.8786892361111112 0.043428819444444225 0.02506944444444454
0 0.7951996527777779 0.8877951388888887 0.013706597222222191 0.009079861111111143
0 0.7804600694444446 0.8943142361111112 0.021553819444444382 0.010269097222222159
0 0.7228645833333331 0.8968142361111112 0.04365451388888886 0.030303819444444317