0 0.10370659722222204 0.9566840277777777 0.012734375000000063 0.026024305555555176
0 0.1324999999999999 0.9473003472222222 0.013541666666666983 0.02143229166666632
0 0.10254340277777788 0.8781944444444443 0.018142361111110797 0.017465277777777684
0 0.12124999999999986 0.8861371527777777 0.011770833333333681 0.015199652777777968
0 0.11534722222222232 0.9029427083333333 0.007022569444444571 0.013038194444444824
0 0.10196180555555559 0.76109375 0.028567708333333205 0.049791666666666776
0 0.09264756944444447 0.7113020833333334 0.013237847222222222 0.018611111111111158
0 0.1187934027777777 0.68859375 0.008142361111111206 0.01678819444444457
0 0.016866319444444302 0.21693576388888897 0.014991319444444824 0.062317708333333305
0 0.41894097222222215 0.5562413194444444 0.023055555555555902 0.05187500000000019
0 0.4379947916666668 0.6241493055555556 0.02764756944444476 0.041605902777777634
0 0.4859461805555555 0.5851041666666666 0.02175347222222257 0.044739583333333305
0 0.4751215277777779 0.6696267361111112 0.034626736111111396 0.045251736111111204
0 0.46936631944444446 0.7438368055555556 0.030703124999999904 0.04388020833333349
0 0.4649131944444444 0.854513888888889 0.026493055555555936 0.03985243055555543
0 0.4644270833333333 0.9641232638888889 0.028880208333333712 0.041024305555555744
0 0.5069444444444444 0.9939236111111112 0.019097222222222224 0.012152777777777778
0 0.4565972222222222 0.9926215277777778 0.012152777777777778 0.014756944444444444
0 0.9294357638888889 0.6551128472222223 0.03856770833333359 0.07113715277777762
0 0.8956163194444444 0.6789670138888889 0.036996527777777684 0.06993923611111125
0 0.931875 0.7094444444444444 0.03439236111111102 0.059088541666666806
0 0.9129774305555556 0.7352951388888889 0.041944444444444194 0.04578124999999981
0 0.8837499999999999 0.7601475694444445 0.03239583333333308 0.04373263888888898
0 0.8876562499999999 0.8158940972222221 0.054774305555555874 0.07871527777777783
0 0.9092621527777776 0.9055729166666665 0.03237847222222238 0.0836371527777781
0 0.8323003472222221 0.9523177083333335 0.020234375000000346 0.0374739583333334
0 0.0779079861111111 0.7383246527777777 0.017413194444444793 0.032473958333333205
0 0.06203993055555538 0.7136805555555557 0.008472222222222412 0.026640625000000046
0 0.061510416666666776 0.6558159722222222 0.015781250000000253 0.067829861111111
0 0.09316840277777771 0.8403211805555557 0.01205729166666695 0.032595486111111266