0 0.2764756944444444 0.9982638888888888 0.028645833333333332 0.003472222222222222
0 0.27222222222222214 0.7980295138888889 0.03804687499999994 0.0961979166666666
0 0.2730208333333333 0.8849739583333331 0.03166666666666668 0.05537326388888886
0 0.25387152777777783 0.6599479166666666 0.04007812500000006 0.07730902777777773
0 0.29158854166666676 0.5515190972222221 0.030286458333333224 0.1006857638888887
0 0.19484375000000004 0.35842013888888896 0.05531249999999983 0.1298350694444446
0 0.28546874999999994 0.35299479166666675 0.047482638888888734 0.12828125000000018
0 0.14837673611111116 0.34144097222222214 0.030564236111111143 0.08813368055555573
0 0.18818576388888886 0.18986111111111115 0.04509548611111095 0.10115451388888906
0 0.1870659722222222 0.014756944444444444 0.0720486111111111 0.029513888888888888
0 0.7097135416666666 0.3710416666666667 0.062152777777777696 0.10703993055555551
0 0.7200954861111111 0.7765624999999999 0.048828125 0.0873611111111112
0 0.7410329861111111 0.8720312499999999 0.06737847222222212 0.14326388888888886
0 0.7034027777777777 0.9595225694444444 0.01556423611111097 0.03336805555555521