0 0.4180815972222223 0.2366059027777777 0.009626736111111237 0.027152777777777953
0 0.6650868055555557 0.5495052083333333 0.01139756944444454 0.02145833333333316
0 0.6587065972222221 0.5954253472222223 0.0076388888888890465 0.015737847222222316
0 0.7080468750000001 0.3919184027777778 0.01619791666666654 0.051388888888888734
0 0.6408159722222222 0.5020138888888889 0.011623263888888779 0.02294270833333319
0 0.709079861111111 0.31382812499999996 0.012439236111111049 0.045251736111111204
0 0.63734375 0.20337673611111107 0.018993055555555652 0.06026041666666673
0 0.9809027777777778 0.013020833333333334 0.036458333333333336 0.026041666666666668
0 0.9995659722222222 0.1328125 0.0008680555555555555 0.03819444444444445
0 0.9659982638888889 0.1605555555555556 0.031137152777777684 0.052005208333333205
0 0.9567881944444443 0.21460937500000002 0.025460069444444382 0.03708333333333316
0 0.9650520833333331 0.260954861111111 0.018628472222222255 0.034383680555555664