0 0.6176215277777778 0.002170138888888889 0.028645833333333332 0.004340277777777778
0 0.6393229166666666 0.00390625 0.019965277777777776 0.0078125
0 0.6134375000000001 0.0280555555555555 0.02693576388888906 0.04306423611111122
0 0.6065017361111111 0.0663888888888889 0.0296440972222223 0.039114583333333286
0 0.6065885416666666 0.11527777777777774 0.029079861111111112 0.04143229166666668
0 0.9018836805555553 0.8785937499999998 0.026423611111110763 0.0427690972222226
0 0.8781163194444446 0.8789409722222222 0.021562500000000127 0.04114583333333302
0 0.8896961805555554 0.8586892361111111 0.026189236111111173 0.03537326388888889
0 0.9095746527777777 0.8241927083333331 0.03764756944444435 0.05668402777777794
0 0.9052604166666668 0.6560329861111112 0.02375868055555546 0.038715277777777696
0 0.8844878472222221 0.49 0.028211805555555556 0.04295138888888891
0 0.8868229166666666 0.5399999999999999 0.01288194444444457 0.024505208333333348
0 0.868715277777778 0.6177170138888888 0.003993055555555871 0.00863715277777762
0 0.887013888888889 0.8314670138888888 0.01304687499999978 0.01684027777777746
0 0.9090798611111113 0.8555902777777776 0.009071180555555398 0.012586805555555556