0 0.5494791666666666 0.015625 0.03993055555555555 0.03125
0 0.5620659722222222 0.005208333333333333 0.013020833333333334 0.010416666666666666
0 0.5705381944444444 0.1105815972222221 0.012977430555555398 0.03877604166666673
0 0.5621354166666666 0.17719618055555564 0.02048611111111103 0.03829861111111102
0 0.5467621527777777 0.21250000000000016 0.02250000000000006 0.03281250000000016
0 0.5383593750000001 0.2739322916666668 0.027899305555555445 0.029895833333332986
0 0.48946180555555546 0.29922743055555556 0.02204861111111119 0.0376736111111108
0 0.5730815972222223 0.2832552083333333 0.013307291666666603 0.027925347222222285
0 0.5847569444444445 0.391388888888889 0.025034722222222347 0.04390624999999994
0 0.5499392361111111 0.37537326388888875 0.036779513888888796 0.07211805555555549
0 0.5014062499999999 0.4042795138888889 0.01959201388888903 0.03850694444444416
0 0.49223090277777776 0.36210937500000007 0.024947916666666476 0.0667361111111112
0 0.515529513888889 0.4827517361111112 0.03666666666666648 0.06651041666666657
0 0.5249999999999999 0.5297829861111111 0.021562500000000127 0.036006944444444064
0 0.5462934027777777 0.5055295138888888 0.03288194444444454 0.04965277777777762
0 0.5330555555555555 0.4600000000000001 0.03768229166666654 0.04267361111111098
0 0.5124218749999999 0.5827690972222221 0.020937499999999904 0.045112847222222446
0 0.5228038194444444 0.4245746527777779 0.026831597222222097 0.03855902777777784
0 0.5734895833333334 0.49416666666666687 0.011362847222222349 0.014079861111111333
0 0.4691840277777778 0.4283593749999998 0.013081597222222364 0.05196180555555527
0 0.47115451388888885 0.4820833333333334 0.01448784722222227 0.05234375000000016
0 0.46233506944444436 0.21565104166666652 0.009236111111111 0.030381944444444444
0 0.5287152777777777 0.04516493055555573 0.023480902777777937 0.028906250000000158
0 0.5492447916666667 0.04496527777777794 0.010989583333333207 0.021414930555555618