0 0.0719184027777777 0.012170138888888873 0.008489583333333507 0.014374999999999952
0 0.07046875000000005 0.3861371527777777 0.015677083333333286 0.0236197916666667
0 0.37858506944444453 0.07622395833333329 0.03188368055555557 0.03254340277777759
0 0.3793402777777778 0.008680555555555556 0.022569444444444444 0.017361111111111112
0 0.68359375 0.017361111111111112 0.028645833333333332 0.034722222222222224
0 0.6859201388888889 0.06507812500000003 0.021657986111110954 0.036779513888888796
0 0.6731163194444445 0.10960937499999998 0.013489583333333301 0.015711805555555475
0 0.6927864583333333 0.11736111111111115 0.02722222222222233 0.028411458333333348
0 0.6808159722222222 0.16178819444444453 0.027326388888888904 0.03149305555555573
0 0.7087586805555556 0.3652864583333333 0.012100694444444492 0.028585069444444302
0 0.7012934027777779 0.4705555555555555 0.01023437499999997 0.02507812499999989
0 0.6645486111111111 0.49345486111111114 0.008836805555555414 0.014114583333333522
0 0.6625954861111111 0.5073090277777779 0.00813368055555546 0.017222222222222347
0 0.6633246527777779 0.5252604166666666 0.00809895833333327 0.014123263888888873
0 0.6852343750000001 0.5639149305555556 0.013932291666666825 0.028428819444444444