0 0.9414583333333333 0.9500868055555556 0.035017361111111235 0.03644965277777759
0 0.9165017361111111 0.9739062500000001 0.025928819444444348 0.04258680555555551
0 0.9939236111111112 0.9839409722222222 0.012152777777777778 0.03211805555555555
0 0.9926215277777778 0.9097222222222222 0.014756944444444444 0.03993055555555555
0 0.9917534722222222 0.9479166666666666 0.016493055555555556 0.034722222222222224
0 0.9616232638888889 0.5241493055555556 0.019991319444444617 0.03632812499999992
0 0.9312499999999999 0.48195312500000004 0.01591145833333327 0.036927083333333305
0 0.9670225694444444 0.46719618055555556 0.022890624999999904 0.03902777777777781
0 0.6412413194444445 0.20536458333333335 0.011527777777777755 0.03243055555555557
0 0.9636111111111111 0.3531857638888889 0.031024305555555368 0.04430555555555552
0 0.9289756944444445 0.42859375 0.0073350694444442865 0.01886284722222224
0 0.9831684027777777 0.4624565972222222 0.011605902777777684 0.03186631944444448
0 0.9718055555555556 0.4998177083333333 0.021701388888888888 0.026015625000000025
0 0.9525781249999999 0.48971354166666664 0.012977430555555398 0.014817708333333278
0 0.9745659722222223 0.5367013888888889 0.02038194444444446 0.026440972222222255
0 0.9188107638888889 0.6150520833333333 0.009322916666666478 0.020616319444444444
0 0.9615017361111112 0.7286631944444444 0.014097222222222032 0.021979166666666612
0 0.9192708333333334 0.7445399305555556 0.018055555555555713 0.03050347222222231
0 0.9978298611111112 0.8328993055555556 0.004340277777777778 0.035590277777777776
0 0.9634027777777777 0.8490538194444445 0.009522569444444271 0.018168402777777832
0 0.9605642361111111 0.9355642361111111 0.03997395833333349 0.03437499999999992
0 0.9252083333333333 0.9289149305555555 0.015729166666666572 0.009461805555555635
0 0.921875 0.9969618055555556 0.03125 0.006076388888888889