0 0.21796006944444457 0.4422135416666667 0.029835069444444348 0.0408506944444444
0 0.2603906249999998 0.21625868055555564 0.02813368055555543 0.07066840277777765
0 0.2311631944444446 0.15981770833333325 0.01993923611111133 0.05634548611111098
0 0.21033854166666663 0.41626736111111107 0.020833333333333332 0.034001736111111173
0 0.46174479166666654 0.9308159722222223 0.02035590277777762 0.050642361111111235
0 0.20335937499999998 0.4997048611111112 0.016284722222222412 0.034644097222222094
0 0.20128472222222232 0.5325173611111111 0.018107638888888604 0.02790798611111119
0 0.22105902777777764 0.5478906250000001 0.006440972222222285 0.016961805555555525
0 0.22988715277777771 0.5396006944444444 0.015347222222222475 0.022065972222222285
0 0.2069965277777778 0.5473177083333334 0.009557291666666856 0.020451388888888842
0 0.1917534722222223 0.5119357638888888 0.0063368055555557135 0.032595486111111266
0 0.23288194444444463 0.40124131944444447 0.020338541666666918 0.022170138888888857
0 0.20105902777777768 0.4666145833333333 0.0077517361111113636 0.021093750000000158
0 0.22230034722222236 0.6925260416666666 0.014288194444444477 0.03263888888888881