0 0.21351562500000001 0.7831944444444443 0.01700520833333346 0.03643229166666669
0 0.21511284722222218 0.8778645833333335 0.015642361111111096 0.029609374999999716
0 0.1706510416666666 0.956796875 0.008819444444444317 0.02781249999999997
0 0.5764149305555555 0.7561284722222221 0.018611111111111158 0.050720486111111164
0 0.5987586805555556 0.6920225694444445 0.022248263888888984 0.041128472222222316
0 0.6024045138888889 0.6219878472222222 0.02498263888888906 0.03791666666666652
0 0.6022482638888889 0.6555729166666667 0.02666666666666649 0.03290798611111098
0 0.6077083333333333 0.5777430555555555 0.034444444444444305 0.04179687500000008
0 0.5855902777777777 0.5270486111111112 0.013020833333333334 0.020251736111111047
0 0.6092534722222221 0.4515451388888889 0.011293402777777968 0.024331597222222397
0 0.8935850694444443 0.8116493055555556 0.015434027777777557 0.030624999999999777
0 0.8697135416666666 0.9510069444444444 0.017126736111110732 0.044713541666666856
0 0.9032118055555556 0.9861111111111112 0.009548611111111112 0.027777777777777776
0 0.8939583333333334 0.9645572916666667 0.012664930555555683 0.03793402777777762
0 0.8628472222222222 0.9956597222222222 0.015625 0.008680555555555556
0 0.9056597222222224 0.9338020833333331 0.008020833333333144 0.013480902777777557
0 0.9069270833333335 0.9097135416666665 0.008446180555555176 0.025651041666666825