0 0.7786197916666667 0.042213541666666764 0.025885416666666612 0.056640625
0 0.8087760416666667 0.030008680555555698 0.019661458333333413 0.021510416666666445
0 0.795703125 0.08813368055555573 0.017751736111111152 0.03741319444444476
0 0.7687847222222222 0.135295138888889 0.027074652777777826 0.03758680555555571
0 0.7749652777777778 0.16918402777777786 0.029913194444444475 0.04010416666666651
0 0.8289756944444444 0.1617447916666666 0.0301909722222222 0.06680555555555559
0 0.8140451388888889 0.12181423611111104 0.01498263888888888 0.025286458333333428
0 0.8045225694444444 0.22685763888888902 0.014201388888888802 0.02506944444444454
0 0.7805642361111111 0.2291927083333335 0.020190972222222214 0.014522569444444066
0 0.7413454861111111 0.2736805555555557 0.03570312500000009 0.07474826388888861
0 0.7455555555555555 0.32912326388888896 0.03474826388888887 0.030590277777777588
0 0.7619965277777778 0.36400173611111103 0.02652777777777773 0.03888888888888905
0 0.7445746527777778 0.3520399305555557 0.03447048611111114 0.03689236111111111
0 0.7489409722222222 0.3838194444444443 0.016710069444444444 0.02046006944444419