0 0.7235243055555556 0.1968836805555555 0.042439236111111 0.05901041666666629
0 0.7546961805555557 0.2607031249999999 0.013689236111111095 0.019774305555555333
0 0.7431076388888889 0.22717881944444449 0.014869791666666762 0.01664062500000006
0 0.74890625 0.24378472222222236 0.01906250000000003 0.0173958333333333
0 0.7225173611111111 0.2475347222222221 0.03577256944444448 0.04546875000000009
0 0.7236631944444445 0.28301215277777797 0.03023437499999994 0.03515625
0 0.7318315972222221 0.34070312499999983 0.03163194444444449 0.05434895833333305
0 0.7536892361111112 0.31785590277777787 0.018289930555555698 0.03918402777777806
0 0.7360503472222223 0.3801649305555554 0.024027777777777634 0.021545138888888635
0 0.7567621527777777 0.3872309027777779 0.030243055555555683 0.03308159722222194
0 0.7670312499999999 0.4652777777777778 0.016675347222222255 0.042256944444444694
0 0.7561371527777777 0.41175347222222236 0.008168402777777651 0.020026041666666414
0 0.7500694444444443 0.3639322916666667 0.005868055555555745 0.016519097222222
0 0.7045572916666667 0.26144097222222207 0.008550347222222143 0.015442708333333301