0 0.24233506944444447 0.2900868055555556 0.027934027777777735 0.04542534722222216
0 0.24721354166666668 0.26673611111111106 0.025399305555555547 0.035685763888889
0 0.2377170138888889 0.2265625 0.028003472222222214 0.030911458333333443
0 0.5900954861111111 0.13026909722222216 0.0319618055555555 0.04890625000000012
0 0.8506944444444444 0.0030381944444444445 0.020833333333333332 0.006076388888888889
0 0.8358854166666667 0.0209548611111112 0.02134548611111104 0.03577256944444448
0 0.8503732638888889 0.07077256944444442 0.030442708333333277 0.04107638888888903
0 0.8358159722222223 0.056119791666666745 0.022569444444444444 0.04092881944444452
0 0.9739583333333334 0.0008680555555555555 0.019097222222222224 0.001736111111111111
0 0.8494878472222223 0.04132812499999991 0.01395833333333327 0.013593749999999873
0 0.8586718750000001 0.02046874999999994 0.010208333333333326 0.0193489583333333
0 0.8459114583333334 0.013003472222222237 0.014904513888888951 0.013810763888888763
0 0.20012152777777778 0.015286458333333246 0.01068576388888889 0.02052951388888897