0 0.24078993055555553 0.15243923611111102 0.04061631944444441 0.04486111111111097
0 0.5102864583333333 0.20214409722222212 0.03979166666666659 0.03941840277777765
0 0.49277777777777776 0.41984375000000007 0.019305555555555562 0.048940972222222316
0 0.5221614583333333 0.47564236111111113 0.029296875 0.056753472222222316
0 0.7380034722222222 0.9002343750000001 0.02225694444444453 0.06703125000000022
0 0.7541059027777778 0.8612847222222221 0.03647569444444443 0.05546006944444473
0 0.7505902777777778 0.7943489583333334 0.04584201388888884 0.045190972222222375
0 0.7580295138888888 0.7594357638888888 0.02967881944444449 0.03314236111111097
0 0.7673350694444445 0.7256770833333334 0.026892361111111127 0.04373263888888898
0 0.731484375 0.6358246527777778 0.022881944444444358 0.04647569444444441
0 0.7336631944444444 0.5033854166666667 0.0296440972222223 0.06032986111111111
0 0.7498090277777778 0.23124131944444454 0.050972222222222245 0.04524305555555546
0 0.7731163194444445 0.2892100694444445 0.0149131944444445 0.03860243055555538
0 0.7243923611111112 0.2829340277777778 0.01697048611111107 0.03994791666666665
0 0.7342361111111111 0.36101562500000006 0.0232552083333333 0.043637152777777764
0 0.7641840277777778 0.382578125 0.028072916666666597 0.015069444444444555
0 0.7466927083333333 0.06935763888888896 0.032682291666666745 0.041345486111111204
0 0.7391232638888889 0.11999131944444447 0.03199652777777769 0.05006076388888895
0 0.7681510416666666 0.1049739583333334 0.02819444444444446 0.0564756944444444
0 0.9671093749999999 0.25110243055555553 0.01914930555555551 0.04187499999999981
0 0.9904513888888888 0.2994791666666667 0.019097222222222224 0.04861111111111111
0 0.9608680555555557 0.5185937500000001 0.01906250000000003 0.025407986111111096
0 0.9709375 0.5549305555555555 0.03075520833333319 0.049800347222222124
0 0.9839409722222222 0.5690104166666666 0.03211805555555555 0.042534722222222224
0 0.9692361111111111 0.742092013888889 0.026102430555555698 0.04781249999999994
0 0.9810503472222223 0.7933159722222223 0.025989583333333382 0.04441840277777784
0 0.9939236111111112 0.8177083333333334 0.012152777777777778 0.03298611111111111
0 0.9583420138888888 0.8598784722222221 0.02312499999999989 0.033958333333333236
0 0.9734722222222223 0.8896180555555557 0.03210937499999981 0.04578993055555555
0 0.9839409722222222 0.9518229166666666 0.03211805555555555 0.0546875
0 0.9548611111111112 0.9826388888888888 0.036458333333333336 0.034722222222222224
0 0.9331597222222222 0.9839409722222222 0.010416666666666666 0.03211805555555555
0 0.7668489583333333 0.6818923611111111 0.022352430555555556 0.03461805555555565