0 0.2545138888888887 0.5828993055555556 0.032170138888889234 0.0523697916666666
0 0.24367187500000004 0.5553038194444445 0.03087673611111086 0.049800347222222124
0 0.2249913194444445 0.5880381944444445 0.021640625000000253 0.036336805555555664
0 0.002170138888888889 0.5447048611111112 0.004340277777777778 0.04774305555555555
0 0.5058420138888889 0.20317708333333329 0.023211805555555368 0.0426041666666666
0 0.5123437499999999 0.33177951388888893 0.02623263888888911 0.034722222222222224
0 0.5157552083333334 0.6933159722222223 0.0236197916666667 0.046380208333333194
0 0.5193402777777779 0.6579861111111112 0.028012152777778156 0.03934895833333327
0 0.5279600694444445 0.835876736111111 0.011935763888888888 0.023046875000000158
0 0.49109374999999983 0.1611805555555556 0.020477430555555683 0.029036458333333175
0 0.5001736111111109 0.5978993055555555 0.013185763888888542 0.03316840277777781
0 0.5362239583333334 0.27064236111111106 0.009895833333333017 0.030711805555555652
0 0.5363020833333335 0.29309895833333344 0.008229166666666288 0.025928819444444348