0 0.1578038194444444 0.9137413194444446 0.010347222222222285 0.034131944444444194
0 0.1251649305555556 0.4761979166666666 0.027699652777777653 0.03805555555555568
0 0.15118923611111118 0.33200520833333336 0.012473958333333238 0.03779513888888886
0 0.08960069444444427 0.014470486111111173 0.030989583333333175 0.028324652777777872
0 0.07855902777777778 0.003472222222222222 0.025173611111111112 0.006944444444444444
0 0.5230034722222222 0.014322916666666666 0.021701388888888888 0.028645833333333332
0 0.5001388888888888 0.056831597222222245 0.0280381944444446 0.047404513888889
0 0.13671875 0.004340277777777778 0.018229166666666668 0.008680555555555556
0 0.13002604166666665 0.8277170138888891 0.029913194444444475 0.030894097222222347
0 0.10014756944444435 0.8462586805555554 0.012361111111110922 0.027335069444444256
0 0.11215277777777762 0.69875 0.02087673611111127 0.019626736111111223