0 0.6940104166666666 0.0030381944444444445 0.014756944444444444 0.006076388888888889
0 0.7486631944444445 0.02819444444444446 0.014539930555555556 0.02924479166666632
0 0.6922569444444444 0.025616319444444632 0.01745659722222233 0.030815972222222224
0 0.6973350694444443 0.054548611111111235 0.014201388888889 0.024071180555555176
0 0.9659461805555556 0.38262152777777797 0.037760416666666664 0.07203993055555537
0 0.6736892361111111 0.11552951388888902 0.013932291666666825 0.024704861111111143
0 0.7178993055555556 0.15637152777777766 0.020121527777777634 0.033211805555555744
0 0.7228211805555556 0.10453993055555541 0.0106423611111113 0.025130208333333175
0 0.7399565972222223 0.10408854166666653 0.020043402777777903 0.02057291666666651
0 0.7387673611111111 0.08852430555555557 0.0223611111111113 0.020720486111111016
0 0.7470138888888889 0.08164930555555551 0.018628472222222255 0.024895833333333586
0 0.7338020833333333 0.14232638888888893 0.019157986111111254 0.029019097222222474
0 0.7419357638888889 0.12933159722222204 0.016831597222222112 0.020868055555555525