0 0.13440972222222236 0.13502604166666662 0.032569444444444824 0.056059027777777715
0 0.13985243055555566 0.18769965277777778 0.034748263888888666 0.05103298611111108
0 0.12601562500000008 0.4604427083333334 0.016657986111110763 0.046692708333333305
0 0.1388888888888889 0.9982638888888888 0.027777777777777776 0.003472222222222222
0 0.4600694444444444 0.9752604166666666 0.034722222222222224 0.049479166666666664
0 0.4277517361111111 0.9205729166666666 0.025468750000000127 0.049626736111111173
0 0.4406076388888888 0.8664756944444443 0.034626736111111396 0.05583333333333308
0 0.5172743055555556 0.7562065972222223 0.014123263888889268 0.04447048611111093
0 0.5094357638888888 0.5667621527777779 0.027690972222221905 0.04143229166666668
0 0.5284982638888889 0.5042881944444445 0.013550347222221938 0.045043402777777665
0 0.45579861111111103 0.4069965277777777 0.033654513888889265 0.05475694444444438
0 0.4593315972222223 0.6613541666666668 0.02436631944444419 0.038532986111111
0 0.5097309027777778 0.3715885416666666 0.02046874999999994 0.035807291666666664
0 0.46104166666666657 0.22299479166666675 0.021388888888889172 0.035529513888888746
0 0.5383680555555554 0.15051215277777785 0.016015624999999842 0.03144097222222205
0 0.4872743055555557 0.036319444444444376 0.01759548611111149 0.028090277777777888
0 0.18026909722222229 0.3890972222222222 0.01481770833333308 0.03755208333333352
0 0.18133680555555565 0.2165798611111111 0.013151041666666351 0.03281250000000016
0 0.46297743055555546 0.8365451388888887 0.017230902777778095 0.01759548611111149
0 0.45045138888888897 0.5695052083333333 0.01684027777777746 0.030659722222222366
0 0.5381770833333334 0.27016493055555557 0.009010416666666762 0.051432291666666664