0 0.13943576388888898 0.6137239583333334 0.05361979166666705 0.11262152777777798
0 0.1473784722222224 0.43454861111111104 0.06015625000000016 0.09264756944444447
0 0.17867187499999992 0.22855902777777773 0.0648003472222219 0.11997395833333337
0 0.2104427083333332 0.09736111111111118 0.038611111111110735 0.11929687499999986
0 0.11384548611111119 0.3499565972222223 0.036076388888889234 0.0730121527777779
0 0.14954861111111128 0.3544444444444444 0.045798611111111304 0.059557291666666776
0 0.11241319444444445 0.009982638888888888 0.059895833333333336 0.019965277777777776
0 0.7574913194444446 0.05068576388888898 0.03348090277777752 0.0745486111111112
0 0.14618923611111098 0.29364583333333333 0.04640625000000003 0.06901041666666667
0 0.18201388888888875 0.6834895833333334 0.039001736111111365 0.11348958333333314
0 0.1723177083333335 0.5059895833333334 0.033784722222222285 0.054487847222222205
0 0.1935763888888889 0.5842100694444444 0.026710069444444824 0.07538194444444457
0 0.18776909722222218 0.3510503472222223 0.028480902777778126 0.028394097222222255
0 0.18574652777777778 0.393342013888889 0.015781250000000253 0.0509461805555556
0 0.205078125 0.30552951388888894 0.029296875 0.047604166666666795