0 0.5746527777777778 0 0.050347222222222224 0
0 0.6423611111111112 0.0008680555555555555 0.07465277777777778 0.001736111111111111
0 0.72265625 0.023871527777777776 0.04774305555555555 0.04774305555555555
0 0.61328125 0.0546875 0.07378472222222222 0.109375
0 0.5386284722222222 0.04123263888888889 0.06684027777777778 0.08246527777777778
0 0.5057899305555555 0.07532986111111109 0.0220138888888888 0.0843142361111112
0 0.5490451388888888 0.11993055555555562 0.05694444444444437 0.07944444444444443
0 0.5479861111111111 0.2100607638888889 0.06143229166666665 0.06820312500000014
0 0.5184809027777777 0.23863715277777786 0.03440972222222231 0.07406250000000014
0 0.6824479166666666 0.34005208333333337 0.07274305555555552 0.09012152777777792
0 0.74328125 0.17128472222222216 0.039574652777777705 0.06937500000000006
0 0.5591059027777778 0.3023524305555555 0.05181423611111116 0.08919270833333333
0 0.6848350694444444 0.6049479166666667 0.02972222222222223 0.030503472222222112
0 0.7097569444444445 0.5975434027777777 0.023098958333333246 0.043697916666666795
0 0.7511111111111111 0.5161979166666667 0.02372395833333327 0.07689236111111104
0 0.685390625 0.4631770833333333 0.019704861111111152 0.029001736111110985
0 0.7016579861111111 0.48699652777777774 0.025685763888888817 0.01861979166666651
0 0.7590190972222222 0.6520138888888888 0.029652777777777847 0.09123263888888881
0 0.5323611111111111 0.8909982638888887 0.04516493055555553 0.09047743055555518
0 0.5577256944444444 0.8543576388888887 0.03522569444444438 0.0706423611111112
0 0.5776909722222222 0.9839409722222222 0.07899305555555555 0.03211805555555555
0 0.6837760416666667 0.9368315972222222 0.047404513888888805 0.07328125000000006
0 0.6201302083333333 0.8170920138888889 0.02525173611111104 0.041623263888888734
0 0.5292708333333334 0.8159201388888889 0.02781249999999997 0.06278645833333327
0 0.7690538194444445 0.07174479166666675 0.01800347222222223 0.07389756944444453
0 0.5154947916666667 0.4915364583333333 0.03099826388888892 0.11342013888888876
0 0.5988975694444444 0.2311805555555555 0.06490451388888888 0.05671006944444438
0 0.5877256944444444 0.18698784722222228 0.03437499999999992 0.03315972222222206
0 0.6866145833333334 0.027656249999999914 0.027647569444444367 0.04156250000000009
0 0.6620659722222223 0.0399392361111111 0.028984375000000086 0.051111111111111204
0 0.7705902777777778 0.36374131944444443 0.018342013888888984 0.08813368055555573
0 0.7581336805555555 0.40741319444444435 0.014748263888888898 0.03217881944444459
0 0.5058333333333334 0.3775000000000001 0.015390625000000015 0.027803819444444617