0 0.2992621527777778 0.7686111111111111 0.03256944444444443 0.04717013888888882
0 0.2619444444444444 0.7743576388888889 0.013333333333333443 0.03185763888888893
0 0.2637326388888888 0.8001822916666667 0.02643229166666651 0.022135416666666668
0 0.3107638888888889 0.8122222222222222 0.029027777777777826 0.0390625
0 0.2897048611111111 0.821484375 0.021189236111110985 0.029592013888888817
0 0.26950520833333336 0.8205295138888888 0.02488715277777784 0.032447916666666764
0 0.3161805555555556 0.8941059027777778 0.02891493055555551 0.03304687500000014
0 0.32329861111111113 0.8500434027777778 0.02123263888888892 0.04441840277777784
0 0.30986979166666667 0.8494184027777778 0.02279513888888908 0.03184895833333338
0 0.3336979166666667 0.8745572916666666 0.02248263888888897 0.02986979166666654
0 0.28246527777777786 0.8713715277777778 0.029626736111111204 0.03446180555555559
0 0.28061631944444443 0.8459895833333334 0.027361111111111096 0.02677951388888881
0 0.2936979166666666 0.9681857638888888 0.02797743055555557 0.04060763888888906
0 0.3211805555555556 0.9952256944444444 0.026041666666666668 0.009548611111111112
0 0.3611111111111111 0.9986979166666666 0.015625 0.0026041666666666665
0 0.3233940972222222 0.9581336805555556 0.03474826388888906 0.046206597222222236
0 0.34653645833333335 0.9705989583333334 0.017656250000000127 0.04662326388888892
0 0.5545659722222221 0.8289496527777778 0.032621527777777715 0.04690972222222219
0 0.5237152777777777 0.9246093750000001 0.014791666666666635 0.04580729166666665
0 0.7549392361111111 0.4396701388888889 0.03302951388888905 0.07378472222222222
0 0.7617013888888889 0.5172309027777778 0.038628472222222224 0.07610243055555561
0 0.7880902777777778 0.7858420138888889 0.027552083333333144 0.04407986111111109
0 0.7721354166666666 0.9965277777777778 0.014756944444444444 0.006944444444444444
0 0.2827690972222222 0.9141406249999999 0.037543402777777776 0.04538194444444462
0 0.7541145833333334 0.6632725694444445 0.008142361111111206 0.02340277777777781