0 0.012152777777777778 0.10199652777777778 0.024305555555555556 0.09809027777777778
0 0.005642361111111111 0.03428819444444445 0.011284722222222222 0.042534722222222224
0 0.009114583333333334 0.013020833333333334 0.018229166666666668 0.026041666666666668
0 0.3528645833333333 0.03388888888888886 0.02737847222222219 0.04026909722222211
0 0.4137326388888888 0.07375000000000004 0.018914930555555525 0.05622395833333332
0 0.311970486111111 0.11019097222222227 0.016440972222221874 0.034340277777777733
0 0.3701302083333332 0.12484374999999995 0.014079861111111333 0.022022569444444348
0 0.4085503472222223 0.20291666666666666 0.012986111111111143 0.03999999999999994
0 0.3941232638888891 0.20571180555555557 0.0177777777777774 0.028758680555555652
0 0.3326388888888887 0.19096354166666668 0.012612847222222001 0.021397569444444525
0 0.3225520833333333 0.1566840277777778 0.017222222222222347 0.025468750000000127
0 0.409921875 0.28635416666666674 0.016614583333333616 0.048333333333333194
0 0.30931423611111103 0.26531250000000006 0.01112847222222197 0.023081597222222347
0 0.32852430555555556 0.29396701388888896 0.022977430555555775 0.05913194444444435
0 0.3404427083333334 0.31446180555555553 0.024930555555555775 0.03715277777777794
0 0.3136284722222224 0.07886284722222214 0.0032725694444448233 0.017039930555555652
0 0.4006597222222222 0.13871527777777773 0.004809027777777746 0.013671875
0 0.3069791666666666 0.3049739583333333 0.011293402777777968 0.031961805555555695
0 0.39505208333333325 0.27481770833333324 0.00447916666666654 0.013498263888889047
0 0.39678819444444435 0.22484374999999998 0.0072222222222219695 0.009782986111111095
0 0.4081857638888889 0.2523263888888889 0.008342013888888604 0.01836805555555543