0 0.2165798611111111 0.9583333333333334 0.044270833333333336 0.08333333333333333
0 0.1284722222222222 0.9587673611111112 0.06770833333333333 0.08246527777777778
0 0.11944444444444437 0.8194965277777777 0.03447048611111114 0.07550347222222184
0 0.11899305555555549 0.8941753472222224 0.04681423611111097 0.06488715277777778
0 0.15728298611111116 0.705078125 0.04097222222222206 0.07660590277777778
0 0.2682725694444444 0.47382812499999993 0.053576388888888715 0.0683767361111111
0 0.6254427083333334 0.2269618055555556 0.050069444444444305 0.08686631944444459
0 0.5702256944444445 0.29875000000000007 0.04993055555555554 0.07527777777777761
0 0.5523177083333333 0.8186631944444444 0.07561631944444455 0.12431423611111114
0 0.5568576388888888 0.9678819444444444 0.08072916666666667 0.0642361111111111
0 0.47145833333333326 0.9260677083333333 0.014184027777777905 0.06331597222222188