0 0.006076388888888889 0.6410590277777778 0.012152777777777778 0.04079861111111111
0 0.6775173611111112 0.8567968750000001 0.01842881944444446 0.053532986111111173
0 0.5789149305555557 0.6040277777777777 0.02248263888888897 0.06886284722222216
0 0.6152256944444444 0.5596006944444445 0.02337673611111097 0.06598090277777796
0 0.6446875000000001 0.46427083333333324 0.02551215277777767 0.052282986111111124
0 0.6409895833333334 0.40687500000000004 0.02305555555555551 0.056848958333333144
0 0.6289236111111111 0.37798611111111113 0.02063368055555554 0.020755208333333205
0 0.6428211805555555 0.3623350694444445 0.01284722222222238 0.037821180555555695
0 0.585703125 0.3553993055555556 0.039670138888888734 0.09120659722222237
0 0.5709982638888889 0.4686371527777777 0.012934027777777857 0.027534722222222047
0 0.6316059027777777 0.29115451388888897 0.016545138888888842 0.041666666666666664
0 0.6171788194444444 0.3233420138888889 0.013828124999999858 0.02265624999999992
0 0.5672222222222223 0.2829253472222223 0.01285590277777773 0.03132812500000012
0 0.9455642361111111 0.7100347222222223 0.021935763888889268 0.035486111111111204
0 0.9433420138888889 0.6485243055555555 0.018020833333333524 0.03205729166666652
0 0.9537673611111109 0.6333593750000001 0.007404513888888668 0.015425347222222207
0 0.9345052083333335 0.5443489583333333 0.02530381944444413 0.04730034722222203
0 0.9311284722222221 0.49666666666666676 0.013342013888888794 0.028368055555555414
0 0.9234895833333334 0.457795138888889 0.017821180555555333 0.0369444444444444
0 0.9091927083333332 0.4376475694444445 0.011067708333333334 0.03148437499999998
0 0.9083246527777776 0.2709722222222223 0.01967881944444451 0.04593750000000006
0 0.8961979166666667 0.3014409722222222 0.017482638888889172 0.02710069444444427