0 0.3140711805555555 0.06967881944444443 0.018064236111111062 0.03842881944444443
0 0.3235677083333333 0.42980902777777785 0.016649305555555414 0.02585937499999997
0 0.33276909722222214 0.40887152777777774 0.014982638888889078 0.029340277777777937
0 0.28750868055555556 0.5821440972222223 0.02144965277777781 0.040876736111111235
0 0.3176475694444445 0.6801649305555555 0.026605902777777857 0.046736111111111235
0 0.2904687499999999 0.6775 0.029835069444444348 0.04577256944444446
0 0.27709201388888893 0.7683593750000001 0.018732638888888827 0.04603298611111109
0 0.27751736111111114 0.728046875 0.018767361111111016 0.03171874999999997
0 0.31193576388888883 0.732890625 0.03890625000000014 0.058940972222222304
0 0.739140625 0.7701475694444445 0.04342881944444462 0.06967013888888908
0 0.7314322916666666 0.8270225694444444 0.026944444444444413 0.06433159722222194
0 0.7610763888888888 0.612326388888889 0.021874999999999842 0.045416666666666806
0 0.7377083333333333 0.6402083333333333 0.027473958333333413 0.035737847222222285
0 0.7232725694444445 0.5890277777777777 0.015182291666666478 0.03546875000000011
0 0.7431163194444443 0.4820746527777777 0.024331597222222397 0.06059027777777794
0 0.7236631944444445 0.4955989583333334 0.015095486111111 0.04750868055555557
0 0.7600434027777777 0.44895833333333335 0.022083333333333382 0.049322916666666806
0 0.737404513888889 0.43159722222222224 0.02250000000000006 0.03728298611111095
0 0.7292447916666666 0.38810763888888883 0.015789930555555602 0.04976562499999994