0 0.3836805555555556 0.013454861111111112 0.0954861111111111 0.026909722222222224
0 0.3194444444444444 0.046440972222222224 0.0763888888888889 0.09288194444444445
0 0.44143229166666664 0.08902777777777773 0.06141493055555555 0.08267361111111092
0 0.4314236111111111 0.026909722222222224 0.07118055555555555 0.05381944444444445
0 0.3909548611111111 0.059409722222222267 0.052994791666666624 0.047673611111111173
0 0.34654513888888894 0.11560763888888875 0.07185763888888887 0.10353298611111149
0 0.3008767361111111 0.27672743055555554 0.05288194444444441 0.08072916666666667
0 0.3120659722222222 0.36792534722222214 0.03319444444444445 0.05616319444444429
0 0.38699652777777777 0.3757465277777779 0.07704861111111111 0.0701302083333333
0 0.4207378472222223 0.45398437499999983 0.05905381944444442 0.09142361111111086
0 0.32274305555555555 0.4235156249999999 0.042777777777777755 0.05139756944444448
0 0.37187499999999996 0.42923611111111115 0.06760416666666666 0.08707465277777812
0 0.3944010416666667 0.5450000000000002 0.10798611111111119 0.08034722222222257
0 0.355703125 0.6321006944444443 0.08177951388888892 0.11169270833333339
0 0.3306510416666667 0.7068055555555554 0.04848958333333334 0.05522569444444435
0 0.25411458333333337 0.6939149305555554 0.02666666666666669 0.09952256944444413
0 0.2853125 0.8660416666666665 0.057092013888888876 0.11181423611111146
0 0.314765625 0.8723350694444443 0.055625000000000036 0.09601562499999972
0 0.8176475694444444 0.05042534722222235 0.038151041666666705 0.050451388888888796