0 0.0578819444444445 0.6851909722222221 0.013758680555555477 0.04421875000000005
0 0.1304600694444444 0.22906250000000009 0.024157986111111047 0.057152777777777906
0 0.4484722222222223 0.7661718750000001 0.028272569444444586 0.030651041666666816
0 0.47327256944444446 0.7952777777777776 0.019513888888888904 0.04929687499999997
0 0.41971354166666663 0.8300347222222221 0.016067708333333524 0.034947916666666856
0 0.39498263888888885 0.6510937499999999 0.008498263888888857 0.025842013888888873
0 0.3940190972222223 0.7497916666666666 0.012230902777777905 0.029600694444444367
0 0.4309809027777778 0.9162152777777778 0.026137152777777888 0.05441840277777743
0 0.4476302083333334 0.9386284722222223 0.03342013888888889 0.05022569444444416
0 0.4105902777777778 0.9947916666666666 0.03125 0.010416666666666666
0 0.7446614583333333 0.9383940972222224 0.019340277777777953 0.03990451388888911
0 0.7396788194444444 0.9187413194444444 0.013906249999999985 0.013055555555555523
0 0.6715798611111112 0.9094097222222222 0.03511284722222206 0.04647569444444441
0 0.6661458333333334 0.7527343750000001 0.019722222222222047 0.036614583333333194
0 0.7101302083333333 0.29173611111111103 0.03407118055555555 0.06245659722222206
0 0.6842621527777778 0.28527777777777785 0.0197135416666667 0.05181423611111116
0 0.7012413194444443 0.20261284722222228 0.04007812500000006 0.049539930555555695
0 0.70265625 0.16483506944444454 0.037248263888888765 0.03628472222222238
0 0.6826909722222223 0.08970486111111103 0.03779513888888886 0.06267361111111096
0 0.9823524305555557 0.08013888888888883 0.02347222222222219 0.04982638888888897
0 0.9646267361111112 0.06728298611111111 0.010425347222222412 0.020156249999999827
0 0.9797482638888889 0.13422743055555564 0.022873263888889203 0.036032986111111304
0 0.9926215277777778 0.2144097222222222 0.014756944444444444 0.027777777777777776
0 0.9384288194444446 0.23457465277777778 0.02151909722222219 0.06004340277777784
0 0.9325607638888889 0.35396701388888885 0.015520833333333428 0.03907986111111109
0 0.18045138888888898 0.2259982638888888 0.021883680555555587 0.04261284722222235
0 0.1558680555555555 0.3158767361111112 0.009982638888888888 0.015590277777777809
0 0.21088541666666671 0.24737847222222223 0.013255208333333317 0.026918402777777968
0 0.2058854166666667 0.31023437500000006 0.008958333333333476 0.023880208333333524
0 0.15304687499999994 0.43199652777777786 0.00973958333333316 0.019140625000000158
0 0.3925086805555556 0.5713020833333334 0.00813368055555546 0.02542534722222219
0 0.3912239583333334 0.5391406249999999 0.006128472222222175 0.03329861111111122
0 0.39171875 0.47588541666666667 0.008194444444444492 0.03216145833333349