0 0.21561631944444434 0.06051215277777781 0.03384548611111092 0.06064236111111083
0 0.25796874999999986 0.11573784722222216 0.04539930555555571 0.06862847222222257
0 0.6698090277777777 0.14818576388888893 0.01965277777777806 0.04418402777777746
0 0.7488368055555554 0.18350694444444451 0.03336805555555521 0.05531250000000022
0 0.7477690972222221 0.26052083333333326 0.02764756944444476 0.04665798611111111
0 0.6759809027777778 0.2771440972222222 0.015147569444444287 0.03150173611111108
0 0.6677864583333333 0.3193663194444443 0.011319444444444413 0.02163194444444451
0 0.6610503472222224 0.34249999999999997 0.02460069444444457 0.03197048611111105
0 0.6552170138888889 0.3880729166666666 0.026102430555555303 0.04635416666666635
0 0.9973958333333334 0.5104166666666666 0.005208333333333333 0.034722222222222224
0 0.7717013888888888 0.00043402777777777775 0.020833333333333332 0.0008680555555555555