0 0.15612847222222234 0.8931944444444445 0.01451388888888911 0.02195312499999997
0 0.16896701388888896 0.3656510416666667 0.027769097222222032 0.041015625
0 0.14390625000000018 0.3353472222222222 0.023107638888888796 0.050260416666666745
0 0.12508680555555549 0.35347222222222224 0.014722222222222255 0.03742187500000011
0 0.1958072916666668 0.3223263888888888 0.03628472222222238 0.043081597222222316
0 0.15005208333333345 0.19234374999999992 0.026909722222222224 0.04647569444444441
0 0.13598090277777786 0.23085937500000003 0.02612847222222254 0.07065104166666655
0 0.12007812499999994 0.2644704861111112 0.017934027777777653 0.05102430555555573
0 0.1267361111111111 0.006076388888888889 0.010416666666666666 0.012152777777777778
0 0.5304600694444446 0.43181423611111114 0.023098958333333048 0.024210069444444333
0 0.5293229166666669 0.46074652777777775 0.021588541666666572 0.0321440972222224
0 0.5071701388888891 0.8657204861111111 0.015868055555555333 0.022690972222222508
0 0.5025868055555556 0.9192013888888889 0.009887152777778062 0.01921006944444454
0 0.48038194444444454 0.9843229166666667 0.007387152777777967 0.01360243055555562
0 0.48248263888888904 0.9704340277777779 0.011579861111111237 0.014123263888889268
0 0.48405381944444453 0.9485503472222222 0.006345486111111459 0.013854166666666699
0 0.4808333333333334 0.9304166666666668 0.007022569444444571 0.013220486111110732
0 0.5019704861111111 0.7590451388888889 0.016909722222221844 0.03736111111111108