0 0.307829861111111 0.17173611111111123 0.022890624999999904 0.036328125000000315
0 0.28991319444444447 0.1015798611111111 0.02786458333333365 0.05124999999999997
0 0.33984375 0.004340277777777778 0.009548611111111112 0.008680555555555556
0 0.32707465277777775 0.11098958333333345 0.008263888888889268 0.015329861111110985
0 0.3346788194444446 0.15753472222222223 0.0068836805555558085 0.03510416666666632
0 0.9578645833333334 0.018125000000000096 0.028307291666666384 0.022291666666666918
0 0.9505208333333334 0.00390625 0.017361111111111112 0.0078125
0 0.9621875000000001 0.044548611111111254 0.028142361111111173 0.04749131944444448
0 0.9802951388888891 0.08535590277777771 0.01901041666666635 0.023307291666666983
0 0.9952256944444444 0.07942708333333333 0.009548611111111112 0.033854166666666664
0 0.9836458333333332 0.03848958333333346 0.014861111111111016 0.027743055555555587
0 0.9828732638888888 0.06185763888888908 0.019175347222222347 0.020347222222221874
0 0.9891493055555556 0.001736111111111111 0.0078125 0.003472222222222222
0 0.9672135416666667 0.10999131944444447 0.03695312499999975 0.02510416666666673
0 0.9281944444444447 0.1326822916666666 0.011406250000000284 0.0264670138888887
0 0.9298437499999999 0.18840277777777775 0.01555555555555562 0.02614583333333324
0 0.9339930555555556 0.22328124999999982 0.015095486111111396 0.031953125000000346
0 0.9296788194444443 0.2552517361111113 0.008489583333333113 0.017977430555555587
0 0.9806336805555556 0.23264756944444465 0.01833333333333324 0.013012152777777588
0 0.9702170138888889 0.18644965277777775 0.02010416666666654 0.028159722222221874
0 0.9769531249999999 0.1756510416666666 0.02315104166666673 0.021380208333333428
0 0.984800347222222 0.1305121527777777 0.014939236111111143 0.028194444444444064
0 0.9943576388888888 0.10850694444444445 0.011284722222222222 0.020833333333333332
0 0.9605208333333333 0.13397569444444457 0.025954861111110797 0.011744791666666445
0 0.9621180555555556 0.14454861111111109 0.02621527777777762 0.010243055555555713
0 0.9809114583333335 0.154296875 0.013124999999999906 0.021640625000000253