0 0.26879340277777786 0.34018229166666675 0.03394965277777749 0.05111979166666655
0 0.25840277777777765 0.4121788194444444 0.031171874999999873 0.02567708333333327
0 0.27432291666666664 0.3936371527777778 0.01308159722222197 0.028697916666666618
0 0.26045138888888886 0.49526041666666665 0.036901041666666856 0.0690711805555557
0 0.2642534722222223 0.21585069444444452 0.02732638888888851 0.035746527777777634
0 0.19663194444444443 0.19747395833333334 0.01870659722222238 0.03909722222222219
0 0.26657986111111104 0.8480381944444445 0.017282986111110985 0.029973958333333113
0 0.463654513888889 0.9145486111111111 0.032447916666666764 0.05120659722222203
0 0.4530034722222223 0.8857552083333332 0.035937499999999685 0.05760416666666638
0 0.525390625 0.8979861111111112 0.0165017361111113 0.03788194444444473
0 0.49311631944444456 0.9389149305555556 0.043619791666666664 0.03202256944444473
0 0.4861111111111111 0.9739583333333334 0.03993055555555555 0.052083333333333336
0 0.470703125 0.9438020833333335 0.019895833333333397 0.018038194444444225
0 0.48672743055555556 0.8916666666666665 0.014366319444444602 0.03051215277777746
0 0.5102777777777779 0.8196527777777776 0.026918402777777968 0.023663194444444632
0 0.4509548611111111 0.9969618055555556 0.016493055555555556 0.006076388888888889