0 0.15741319444444457 0.10554687499999993 0.05624131944444441 0.0626996527777778
0 0.2565104166666667 0.96875 0.042534722222222224 0.0625
0 0.27109375000000013 0.8221701388888888 0.05285590277777806 0.07994791666666698
0 0.2574045138888891 0.8923958333333333 0.04042534722222197 0.07764756944444429
0 0.30552083333333335 0.5802083333333334 0.05033854166666648 0.07245659722222204
0 0.30370659722222215 0.657326388888889 0.030095486111111173 0.03910590277777794
0 0.38409722222222226 0.6725954861111111 0.016579861111111427 0.029809027777777903
0 0.3938020833333332 0.5246093749999999 0.027690972222221905 0.07247395833333314
0 0.2718489583333334 0.5123177083333333 0.03277777777777797 0.05453993055555549
0 0.3379600694444444 0.47463541666666664 0.04383680555555555 0.06881076388888888
0 0.2956510416666668 0.4601909722222223 0.042213541666666764 0.06315972222222241
0 0.25292534722222215 0.43729166666666663 0.03478298611111086 0.06052083333333316
0 0.3017968750000001 0.35554687499999993 0.02461805555555527 0.039791666666666795
0 0.35690104166666675 0.3478125000000001 0.037821180555555306 0.06032118055555537
0 0.26288194444444457 0.2326041666666667 0.0546875 0.07445312499999998
0 0.3775347222222223 0.24779513888888893 0.06818576388888904 0.11314236111111124
0 0.33107638888888896 0.2212326388888888 0.04832465277777784 0.06000868055555565
0 0.3475868055555556 0.16720486111111102 0.043159722222222446 0.06649305555555547
0 0.2958159722222224 0.16413194444444437 0.04586805555555568 0.09521701388888894
0 0.6100868055555553 0.3909722222222223 0.06849826388888876 0.06084201388888902
0 0.5606423611111109 0.43156250000000007 0.055928819444444694 0.07396701388888892
0 0.6212326388888888 0.45604166666666657 0.06525173611111118 0.06797743055555551
0 0.5852864583333334 0.4862673611111112 0.05043402777777809 0.07215277777777768
0 0.6272048611111111 0.5103298611111112 0.05330729166666654 0.06895833333333339
0 0.586362847222222 0.5536631944444443 0.06420138888888853 0.06916666666666653
0 0.5408246527777779 0.5360677083333333 0.034548611111111266 0.047248263888888746
0 0.561145833333333 0.6353472222222223 0.04697048611111122 0.06652777777777767