0 0.25106770833333336 0.7464149305555554 0.02567708333333327 0.04498263888888903
0 0.22723090277777777 0.774921875 0.016423611111111173 0.0442274305555554
0 0.24771701388888878 0.7064756944444444 0.020520833333333224 0.03469618055555538
0 0.26660590277777785 0.5964496527777777 0.06454861111111122 0.06796875000000016
0 0.27812500000000007 0.6496180555555555 0.020269097222222143 0.03447916666666649
0 0.26355034722222215 0.6425260416666667 0.016684027777777603 0.04041666666666662
0 0.3019270833333333 0.47948784722222215 0.01967881944444451 0.05882812499999998
0 0.6193055555555556 0.855407986111111 0.014904513888888951 0.02372395833333327
0 0.6309027777777777 0.9333767361111112 0.027968749999999827 0.040095486111110766
0 0.6156423611111111 0.9551649305555555 0.007508680555555635 0.01508680555555565
0 0.24547743055555551 0.9382291666666668 0.029279513888888904 0.037170138888888635
0 0.2626649305555555 0.49329861111111106 0.025616319444444632 0.047309027777777776
0 0.5933767361111111 0.967222222222222 0.017248263888888796 0.022118055555555176