0 0.002170138888888889 0.5434027777777778 0.004340277777777778 0.06076388888888889
0 0.009114583333333334 0.7786458333333334 0.018229166666666668 0.0625
0 0.2903645833333333 0.9986979166666666 0.033854166666666664 0.0026041666666666665
0 0.5391145833333333 0.4973958333333333 0.039730902777777764 0.06118923611111112
0 0.5844444444444444 0.7388715277777778 0.03648437500000017 0.09007812499999998
0 0.6036458333333334 0.7535763888888889 0.023203125000000015 0.06269097222222225
0 0.9058506944444444 0.22572916666666668 0.03746527777777765 0.05738715277777779
0 0.9435416666666667 0.7867881944444445 0.02596354166666654 0.08220486111111115
0 0.5364583333333334 0.6351822916666667 0.045512152777777634 0.048871527777777736
0 0.521579861111111 0.6548784722222222 0.030564236111111143 0.028923611111111056
0 0.9469878472222221 0.3401649305555556 0.009904513888888763 0.026822916666666648