0 0.1644097222222223 0.8670833333333334 0.024973958333333712 0.06444444444444425
0 0.11969618055555545 0.7884635416666667 0.02655381944444457 0.042378472222222165
0 0.1577083333333332 0.8113888888888887 0.019166666666666603 0.03643229166666689
0 0.1281597222222221 0.559470486111111 0.020685763888888827 0.04103298611111109
0 0.11979166666666667 0.6404253472222222 0.04088541666666698 0.053888888888888827
0 0.5192708333333331 0.11850694444444443 0.029522569444444632 0.04460937499999989
0 0.5356336805555557 0.15743055555555546 0.028394097222222255 0.04414062499999992
0 0.5148524305555556 0.20589409722222227 0.030789930555555775 0.04821180555555552
0 0.5363281249999999 0.19473090277777771 0.023211805555555368 0.03600694444444446
0 0.5240104166666666 0.3069184027777777 0.028897569444444413 0.04406250000000019
0 0.5125520833333334 0.26217013888888885 0.03476562500000016 0.028767361111111
0 0.511189236111111 0.29026041666666674 0.033064236111111235 0.04832465277777784
0 0.5053472222222221 0.31073784722222225 0.024097222222222412 0.04716145833333327
0 0.5325086805555554 0.5651996527777777 0.02264756944444457 0.028498263888888827
0 0.5247656250000001 0.5816232638888889 0.028194444444444064 0.031015625000000015
0 0.5201909722222224 0.634670138888889 0.023272569444444793 0.032152777777777745
0 0.8894965277777777 0.3395659722222223 0.015026041666667014 0.031597222222222304
0 0.8761718749999999 0.23111111111111113 0.025876736111111458 0.04177951388888898
0 0.8965711805555555 0.23944444444444438 0.021032986111110732 0.03561631944444462
0 0.8819097222222223 0.2659201388888888 0.019539930555555744 0.03239583333333348
0 0.8433940972222224 0.026467013888888898 0.017821180555555333 0.03473090277777797
0 0.8454861111111112 0.006510416666666667 0.019097222222222224 0.013020833333333334