0 0.020399305555555556 0.0008680555555555555 0.03211805555555555 0.001736111111111111
0 0.0241493055555555 0.20057291666666663 0.0243142361111113 0.05532118055555557
0 0.006076388888888889 0.2994791666666667 0.012152777777777778 0.04861111111111111
0 0 0.5690104166666666 0 0.042534722222222224
0 0.004774305555555556 0.8177083333333334 0.009548611111111112 0.03298611111111111
0 0.00390625 0.9518229166666666 0.0078125 0.0546875
0 0.3116232638888889 0.7173350694444444 0.032612847222222366 0.041996527777777876
0 0.30109374999999994 0.5336631944444444 0.03146701388888889 0.03243923611111102
0 0.3082986111111112 0.3871614583333333 0.029626736111111204 0.03753472222222203
0 0.33238715277777786 0.2866927083333333 0.02542534722222219 0.06289930555555559
0 0.30586805555555546 0.2224392361111111 0.01690104166666649 0.02816840277777762
0 0.32525173611111113 0.22160590277777775 0.01977430555555573 0.04116319444444451
0 0.6601475694444444 0.8347656250000001 0.024322916666666652 0.04114583333333302
0 0.6222743055555555 0.8119270833333334 0.031171874999999873 0.07039062500000012
0 0.6802777777777779 0.8628993055555555 0.014175347222222159 0.0470746527777774
0 0.6114756944444445 0.8773524305555556 0.014574652777777745 0.04281249999999975
0 0.6257812500000001 0.8812065972222223 0.019192708333333443 0.022751736111111143
0 0.6061024305555556 0.8514062500000001 0.022144097222222412 0.030520833333333205
0 0.5990711805555556 0.8829513888888888 0.014036458333333397 0.04508680555555521
0 0.6540972222222222 0.9702604166666665 0.012083333333333397 0.018932291666667014
0 0.6278819444444443 0.9667708333333331 0.018177083333333382 0.03202256944444473
0 0.6250173611111111 0.9048524305555554 0.013298611111111254 0.019036458333333586
0 0.6713628472222223 0.9470833333333333 0.011571180555555493 0.015416666666666856
0 0.5859114583333334 0.44865451388888883 0.01199652777777792 0.037543402777777776
0 0.6666232638888889 0.4322916666666667 0.012690972222222128 0.03201388888888898