0 0.03812500000000006 0.9746354166666669 0.027473958333333017 0.04719618055555546
0 0.2568663194444443 0.5719184027777777 0.028836805555555775 0.040217013888888827
0 0.24439236111111107 0.6124999999999999 0.03199652777777749 0.04303819444444438
0 0.26768229166666657 0.6653819444444444 0.019340277777777557 0.03156250000000011
0 0.27882812500000004 0.7867013888888891 0.034305555555555936 0.05085937500000012
0 0.2999565972222224 0.7942100694444443 0.017335069444444667 0.05953993055555568
0 0.017560763888888904 0.8541145833333333 0.0099652777777774 0.023914930555555713
0 0.04437499999999991 0.9491753472222221 0.017387152777777557 0.013836805555555208
0 0.016848958333333205 0.9502690972222223 0.009600694444444792 0.009105902777777588
0 0.2359461805555555 0.5485850694444445 0.01875868055555527 0.04188368055555555
0 0.26327256944444444 0.7063454861111111 0.020972222222222097 0.03901909722222206