0 0.4104947916666666 0.4229340277777778 0.019592013888888635 0.034722222222222224
0 0.34530381944444444 0.10358506944444439 0.041996527777777876 0.07239583333333341
0 0.3349479166666668 0.12960069444444441 0.02655381944444457 0.08172743055555563
0 0.45906250000000015 0.23002604166666668 0.016657986111110763 0.024583333333333474
0 0.6451475694444445 0.06884548611111106 0.03685763888888892 0.06670138888888902
0 0.7023090277777777 0.13588541666666665 0.03728298611111095 0.07663194444444461
0 0.7252083333333333 0.15085937499999996 0.042213541666666764 0.06541666666666678
0 0.6996354166666667 0.5367013888888889 0.044461805555555775 0.06727430555555555
0 0.7116493055555557 0.6850086805555556 0.03773437500000022 0.07116319444444447
0 0.9500868055555556 0.9952256944444444 0.04079861111111111 0.009548611111111112
0 0.9549652777777777 0.9265277777777778 0.041423611111111334 0.054157986111111396
0 0.9455729166666669 0.8905902777777778 0.028333333333333616 0.04608506944444457
0 0.9921875 0.7039930555555556 0.015625 0.09895833333333333
0 0.928203125 0.6471961805555555 0.026631944444444697 0.1060156250000001
0 0.02463541666666676 0.5460590277777777 0.04888020833333368 0.08785590277777781
0 0.03950520833333352 0.40568576388888883 0.07067708333333339 0.05152777777777789
0 0.041154513888888765 0.3495399305555556 0.06077256944444463 0.0805902777777779
0 0.06196180555555565 0.28480034722222214 0.060112847222222224 0.0568055555555556
0 0.07616319444444425 0.24219618055555556 0.04756076388888886 0.053506944444444336
0 0.07021701388888878 0.20091145833333338 0.04888020833333368 0.052847222222222316
0 0.0665885416666667 0.14476562499999998 0.06803819444444453 0.07134548611111116
0 0.05899305555555559 0.09488715277777773 0.058133680555555775 0.056145833333333194
0 0.06163194444444445 0.03732638888888889 0.06770833333333333 0.07465277777777778
0 0.058159722222222224 0.013454861111111112 0.07118055555555555 0.026909722222222224
0 0.02915798611111124 0.2324565972222222 0.03296006944444466 0.06475694444444437
0 0.4507638888888891 0.33597222222222217 0.028263888888889237 0.038012152777777745
0 0.3460416666666666 0.23212673611111118 0.020677083333333082 0.03615451388888897
0 0.3452430555555554 0.266388888888889 0.024409722222222128 0.040642361111111254
0 0.46072916666666686 0.26390625 0.017786458333333144 0.038802083333333175
0 0.4191493055555557 0.3522048611111111 0.026284722222222 0.05345486111111105
0 0.4638541666666668 0.04151909722222216 0.010998263888888951 0.03296006944444427
0 0.6587934027777776 0.4619444444444445 0.027881944444444348 0.059348958333333236
0 0.6255642361111112 0.6844097222222223 0.013298611111110858 0.02868923611111127
0 0.6286197916666667 0.7196006944444444 0.02230902777777762 0.033550347222222304
0 0.9489930555555554 0.14373263888888882 0.022430555555555683 0.055277777777777634
0 0.7137586805555556 0.6069270833333333 0.027369791666666445 0.014227430555555445
0 0.6998958333333335 0.6265277777777778 0.004739583333333365 0.010729166666666777
0 0.9403385416666666 0.9681857638888888 0.013411458333333175 0.035043402777777684