0 0.03298611111111111 0.9778645833333334 0.041666666666666664 0.044270833333333336
0 0.04125868055555573 0.5618315972222222 0.06625868055555549 0.11600694444444433
0 0.04609374999999992 0.4602864583333333 0.0651822916666668 0.10019965277777763
0 0.09597222222222218 0.34655381944444447 0.020633680555555936 0.06615451388888892
0 0.59765625 0.009982638888888888 0.025173611111111112 0.019965277777777776
0 0.5768229166666666 0.008680555555555556 0.0234375 0.017361111111111112
0 0.5781597222222222 0.04086805555555549 0.03042534722222238 0.04490451388888891
0 0.5369965277777777 0.07459201388888895 0.026961805555555902 0.045434027777777906
0 0.5299218749999999 0.15536458333333336 0.019661458333333017 0.04967881944444446
0 0.5887413194444444 0.14228298611111118 0.020720486111111016 0.033532986111111204
0 0.5777256944444444 0.13385416666666672 0.02302951388888867 0.04239583333333346
0 0.6226736111111113 0.1981076388888889 0.025703124999999716 0.04078993055555537
0 0.5962413194444444 0.07754340277777771 0.03572916666666654 0.05304687500000011
0 0.5455729166666666 0.11492187500000009 0.02124999999999962 0.040286458333333205
0 0.5114062499999998 0.29874131944444454 0.021944444444444225 0.05757812499999994
0 0.6640625 0.28215277777777775 0.021640625000000253 0.08160590277777796
0 0.5178472222222221 0.3491753472222222 0.019505208333333555 0.04690972222222219
0 0.5838107638888891 0.17191840277777773 0.01626736111111092 0.0330381944444444
0 0.5679427083333333 0.16491319444444447 0.017769097222222443 0.02443576388888897
0 0.5774479166666665 0.26247395833333326 0.01818576388888873 0.04082465277777795
0 0.6314756944444445 0.2869965277777777 0.023281249999999747 0.02265624999999992
0 0.5973350694444446 0.17015624999999998 0.014956597222221844 0.03349826388888902
0 0.6085069444444444 0.006944444444444444 0.017361111111111112 0.013888888888888888
0 0.62109375 0.0078125 0.014756944444444444 0.015625
0 0.537638888888889 0.033324652777777866 0.0193315972222226 0.033914930555555695
0 0.5809114583333334 0.21355902777777777 0.017239583333333048 0.021918402777777776
0 0.5929427083333335 0.22784722222222223 0.022673611111111016 0.02979166666666681
0 0.6166059027777777 0.23249131944444437 0.018289930555555303 0.02815972222222227
0 0.6530555555555557 0.2428645833333333 0.018394097222221874 0.02294270833333319
0 0.6543229166666669 0.22271701388888884 0.012135416666666288 0.014869791666666762
0 0.6622656249999999 0.20590277777777782 0.019053819444444287 0.05420138888888894
0 0.6396614583333332 0.16268229166666673 0.007361111111110732 0.019487847222222063
0 0.6291319444444446 0.17157986111111118 0.022803819444444824 0.031076388888889046
0 0.6544965277777778 0.08182291666666666 0.016111111111111458 0.037291666666666695
0 0.5645659722222223 0.0813194444444445 0.031310763888888635 0.05784722222222211
0 0.5317013888888888 0.22772569444444438 0.009010416666666762 0.016866319444444302