0 0.9702604166666666 0.10732638888888897 0.05164062499999981 0.08901041666666663
0 0.9544965277777777 0.26309895833333324 0.03383680555555557 0.06907986111111104
0 0.9789496527777778 0.2944444444444445 0.03424479166666651 0.03921874999999986
0 0.9510503472222221 0.317170138888889 0.029947916666666668 0.04973958333333349
0 0.9566840277777777 0.37499131944444447 0.03528645833333341 0.04088541666666659
0 0.9800347222222222 0.3884548611111111 0.03993055555555555 0.04600694444444445
0 0.9755815972222222 0.44406249999999997 0.04549479166666654 0.03953124999999997
0 0.926545138888889 0.7803559027777776 0.04456597222222235 0.04467013888888892
0 0.9183940972222222 0.6162586805555557 0.014644097222222128 0.023854166666666683
0 0.9887934027777777 0.6680208333333333 0.017213541666666603 0.03622395833333335
0 0.9798263888888888 0.5003906250000001 0.023385416666666714 0.043559027777777634
0 0.9279513888888888 0.024739583333333332 0.022569444444444444 0.049479166666666664
0 0.9327517361111111 0.5254947916666666 0.017673611111111223 0.03600694444444446
0 0.9319097222222221 0.602326388888889 0.028967013888888796 0.03725694444444451
0 0.9766319444444443 0.17150173611111105 0.021032986111111127 0.026397569444444317
0 0.9908854166666666 0.1519097222222222 0.018229166666666668 0.017361111111111112
0 0.9349392361111111 0.12701388888888884 0.012916666666666762 0.03720486111111122
0 0.9098177083333332 0.8236458333333334 0.013906249999999985 0.015833333333333144