0 0.01590277777777792 0.16215277777777773 0.014861111111111016 0.039895833333333366
0 0.009114583333333334 0.5980902777777778 0.018229166666666668 0.03125
0 0.043480902777777906 0.7102083333333334 0.020494791666666384 0.053255208333333255
0 0.04872395833333343 0.7566579861111111 0.018645833333332956 0.05876736111111095
0 0.016840277777777857 0.9052170138888889 0.02234374999999981 0.0435329861111108
0 0.029375000000000127 0.8846788194444445 0.017100694444444287 0.04932291666666641
0 0.017803819444444632 0.8689583333333333 0.0049826388888887 0.016050347222222032
0 0.5411718749999999 0.06448784722222219 0.03864583333333371 0.055798611111111285
0 0.5130815972222224 0.060347222222222205 0.014097222222222032 0.025286458333333428
0 0.5496267361111111 0.3324565972222222 0.029288194444444256 0.05108506944444437
0 0.5699565972222224 0.3230902777777778 0.01892361111111127 0.04709201388888889
0 0.5195746527777779 0.27743923611111104 0.012942708333333207 0.017803819444444632
0 0.5091059027777776 0.25575520833333343 0.010190972222222032 0.0202256944444446
0 0.5411111111111112 0.5930815972222222 0.028784722222222097 0.05117187499999984