0 0.10807291666666667 0 0.009548611111111112 0
0 0.11357638888888902 0.027942708333333382 0.01786458333333327 0.046614583333333175
0 0.1188281249999999 0.08128472222222231 0.022717013888888953 0.04481770833333343
0 0.1213107638888889 0.18547743055555563 0.0186545138888887 0.03625868055555554
0 0.12275173611111098 0.22241319444444446 0.017361111111111112 0.023776041666666557
0 0.13882812499999986 0.3062586805555555 0.031779513888888604 0.040746527777777826
0 0.12557291666666653 0.3240538194444444 0.01055555555555543 0.05056423611111111
0 0.21978298611111116 0.28251736111111114 0.03614583333333362 0.05599826388888908
0 0.15914930555555568 0.27662326388888897 0.03728298611111095 0.05827256944444454
0 0.14720486111111106 0.21567708333333335 0.02818576388888911 0.048376736111111124
0 0.1307291666666666 0.2632986111111111 0.028932291666666603 0.07915798611111116
0 0.18844618055555568 0.23780381944444448 0.04547743055555584 0.06333333333333337
0 0.22562500000000008 0.22943576388888884 0.03180555555555584 0.06473090277777792
0 0.18110243055555564 0.18193576388888882 0.04759548611111105 0.060755208333333144
0 0.21829861111111112 0.16184027777777782 0.03473090277777797 0.06597222222222222
0 0.17274305555555555 0.028645833333333332 0.057291666666666664 0.057291666666666664
0 0.23374131944444443 0.055885416666666764 0.015208333333333712 0.05988715277777759
0 0.2293923611111113 0.10257812500000006 0.023532986111110828 0.04522569444444437
0 0.20576388888888886 0.09496527777777786 0.04714409722222257 0.07725694444444445
0 0.16980902777777768 0.10354166666666664 0.05288194444444451 0.09586805555555561
0 0.5842274305555557 0.44723958333333336 0.035416666666666825 0.049027777777777795
0 0.567829861111111 0.08651041666666674 0.042977430555555744 0.06227430555555537
0 0.6176215277777778 0.018229166666666668 0.0234375 0.036458333333333336
0 0.6413281249999999 0.23243055555555556 0.01257812499999981 0.022751736111111143
0 0.5665190972222223 0.022022569444444348 0.025737847222221905 0.03843750000000017
0 0.59375 0.015190972222222222 0.022569444444444444 0.030381944444444444
0 0.9952256944444444 0.009548611111111112 0.009548611111111112 0.019097222222222224
0 0.9648958333333333 0.06741319444444452 0.028862847222222224 0.06086805555555546
0 0.9908854166666666 0.062065972222222224 0.018229166666666668 0.05295138888888889
0 0.9965277777777778 0.09244791666666667 0.006944444444444444 0.04774305555555555
0 0.9952256944444444 0.1449652777777778 0.009548611111111112 0.052083333333333336
0 0.9787326388888888 0.1970486111111111 0.042534722222222224 0.08680555555555555
0 0.9154166666666667 0.17921006944444448 0.027447916666666572 0.08684027777777775
0 0.9359895833333335 0.16503472222222212 0.030651041666667014 0.05516493055555571
0 0.9303819444444446 0.3657291666666666 0.03617187500000006 0.07480034722222229
0 0.9835069444444444 0.4461805555555556 0.03298611111111111 0.06076388888888889
0 0.9172395833333332 0.4794618055555555 0.0319444444444446 0.061388888888888715
0 0.9250520833333332 0.5449305555555556 0.03725694444444451 0.06298611111111106
0 0.9029166666666666 0.548923611111111 0.008376736111110795 0.04169270833333351
0 0.9130555555555557 0.5875954861111112 0.02478298611111127 0.043802083333333366
0 0.9116927083333333 0.6275520833333333 0.017317708333333175 0.04022569444444457
0 0.9973958333333334 0.6822916666666666 0.005208333333333333 0.03993055555555555
0 0.9952256944444444 0.74609375 0.009548611111111112 0.042534722222222224
0 0.9861371527777779 0.7670659722222225 0.022994791666666476 0.03092013888888899
0 0.99609375 0.8046875 0.0078125 0.036458333333333336