0 0.6426649305555555 0.6371527777777778 0.02967881944444449 0.046875
0 0.670685763888889 0.7325694444444445 0.01694444444444443 0.03239583333333348
0 0.6617968750000001 0.7065885416666666 0.016649305555555414 0.031961805555555695
0 0.5859548611111111 0.35201388888888885 0.004800347222222396 0.010920138888888827
0 0.5906857638888889 0.37283854166666663 0.006215277777777651 0.01730034722222208
0 0.5946440972222222 0.44836805555555553 0.005659722222222207 0.011093750000000173
0 0.5973958333333333 0.5534288194444444 0.005720486111111238 0.015694444444444382
0 0.6399565972222222 0.7091145833333334 0.02151041666666684 0.04418402777777786
0 0.8926736111111112 0.2017361111111112 0.02899305555555524 0.03078125000000003
0 0.8425868055555554 0.2123958333333334 0.02065972222222238 0.023003472222222224
0 0.8558420138888887 0.24440104166666662 0.022204861111111047 0.04836805555555538
0 0.8398350694444443 0.24669270833333337 0.009817708333333681 0.0481336805555554
0 0.8625260416666668 0.35936631944444447 0.0245138888888887 0.03538194444444463
0 0.8767968750000001 0.34549479166666663 0.026866319444444287 0.03046874999999992
0 0.9048611111111112 0.37154513888888885 0.02207465277777803 0.038567708333333194
0 0.8512065972222224 0.39760416666666665 0.012456597222222539 0.0266493055555554
0 0.8785416666666666 0.450078125 0.007309027777777841 0.015173611111111127
0 0.9002517361111112 0.40286458333333325 0.022690972222222508 0.013888888888888888
0 0.8934288194444444 0.4933940972222223 0.018567708333333616 0.033532986111111204
0 0.8822656249999999 0.5291232638888889 0.02269965277777746 0.03618923611111116
0 0.8773697916666667 0.49818576388888897 0.013446180555555366 0.019296875000000015
0 0.9250434027777779 0.5539930555555556 0.006579861111111048 0.01818576388888873
0 0.876527777777778 0.6171093750000001 0.011753472222222191 0.017387152777777953
0 0.8820052083333335 0.6389930555555554 0.014861111111111016 0.027230902777777684
0 0.8909722222222223 0.5663454861111111 0.00782986111111149 0.02065972222222238