0 0.11756944444444449 0.7305902777777779 0.024401041666666776 0.02834201388888897
0 0.2286805555555556 0.5347309027777778 0.03343749999999998 0.05158854166666652
0 0.212890625 0.4566493055555555 0.016692708333333348 0.032230902777777876
0 0.3745659722222222 0.9939236111111112 0.016493055555555556 0.012152777777777778
0 0.42960069444444454 0.8523003472222221 0.019166666666666603 0.03919270833333302
0 0.3432031249999999 0.6849826388888888 0.019088541666666476 0.04577256944444446
0 0.34030381944444443 0.5054253472222222 0.030598958333333332 0.049201388888888746
0 0.33625868055555547 0.3846961805555556 0.03982638888888898 0.055807291666666634
0 0.45129340277777785 0.23182291666666663 0.03178819444444435 0.03859375000000003
0 0.46611979166666667 0.2534288194444445 0.020642361111111285 0.026501736111111285
0 0.4625260416666666 0.20985243055555555 0.02031250000000008 0.02677951388888881
0 0.4636892361111112 0.22633680555555558 0.02186631944444449 0.032534722222222236
0 0.4320225694444445 0.26306423611111107 0.021406249999999873 0.026423611111111158
0 0.43348958333333343 0.2885850694444445 0.02173611111111108 0.026423611111111158
0 0.43491319444444443 0.32343749999999993 0.016710069444444444 0.024583333333333474
0 0.47168402777777785 0.3632204861111112 0.02765625000000011 0.02643229166666651
0 0.4774305555555556 0.34384548611111104 0.0168836805555554 0.027430555555555475
0 0.4295399305555555 0.370859375 0.017534722222222063 0.020937499999999904
0 0.4822656249999999 0.45603298611111104 0.015572916666666714 0.02542534722222219
0 0.49098958333333326 0.4830121527777778 0.014444444444444334 0.022387152777777745
0 0.4340798611111111 0.4561631944444444 0.013272569444444413 0.024791666666666618
0 0.44289062500000004 0.41925347222222226 0.006493055555555571 0.019357638888889046
0 0.5024131944444444 0.5901996527777779 0.019982638888888873 0.02434895833333349
0 0.49681423611111103 0.6074652777777777 0.015546874999999873 0.021814236111111204
0 0.48120659722222214 0.5997829861111111 0.01257812499999981 0.025121527777777826
0 0.4670920138888888 0.5968749999999999 0.005711805555555493 0.01455729166666665
0 0.45429687499999993 0.5627777777777777 0.00947916666666673 0.018767361111111016
0 0.5092795138888889 0.5553906249999999 0.01502604166666662 0.028324652777777872
0 0.4926736111111111 0.5143229166666666 0.012664930555555683 0.023628472222222047
0 0.4510590277777777 0.574453125 0.007968749999999858 0.016631944444444317
0 0.5005381944444444 0.6325347222222223 0.0158072916666667 0.023307291666666587
0 0.4829513888888888 0.6306076388888889 0.012500000000000079 0.023281250000000142
0 0.45997395833333343 0.6345572916666666 0.011059027777777588 0.02346354166666684
0 0.48345486111111113 0.6667708333333332 0.016458333333333366 0.03701388888888878
0 0.4722135416666667 0.6584201388888888 0.005564236111110985 0.014826388888888827
0 0.4655034722222222 0.6684375 0.011137152777777715 0.024470486111111158
0 0.5060677083333334 0.6523350694444444 0.009496527777777826 0.016927083333333332
0 0.5194618055555557 0.6435069444444443 0.009713541666666714 0.020642361111111285
0 0.493376736111111 0.6978472222222223 0.013524305555555493 0.019947916666666683
0 0.4787326388888889 0.7159982638888889 0.011484375000000015 0.024947916666666476
0 0.4925694444444445 0.7613281249999999 0.01306423611111127 0.022951388888888938
0 0.48445312499999993 0.7848871527777779 0.010598958333333365 0.026866319444444287
0 0.49612847222222217 0.8176562500000001 0.016631944444444317 0.03312499999999988
0 0.5077517361111111 0.8767447916666669 0.018194444444444475 0.02630208333333349
0 0.5208333333333334 0.9934895833333334 0.015625 0.013020833333333334
0 0.5707465277777778 0.9930555555555556 0.009548611111111112 0.013888888888888888
0 0.5552517361111112 0.9579079861111113 0.00668402777777762 0.01535590277777743
0 0.5703559027777777 0.5989583333333334 0.019904513888888746 0.04269097222222208
0 0.619609375 0.5457118055555557 0.027335069444444256 0.037482638888888746
0 0.5660503472222221 0.5131163194444444 0.026501736111111285 0.04261284722222235
0 0.5708333333333333 0.45249999999999996 0.022204861111111047 0.05071180555555562
0 0.5484374999999999 0.4292534722222222 0.02328993055555549 0.029184027777777684
0 0.5508072916666666 0.3796006944444444 0.02460069444444457 0.044574652777777696
0 0.5371354166666666 0.35435763888888894 0.016215277777777634 0.03998263888888884
0 0.5810850694444445 0.3365798611111111 0.018420138888888715 0.028029513888888857
0 0.5228038194444444 0.33000000000000007 0.012517361111111173 0.030407986111111285
0 0.5222656250000001 0.3032812500000001 0.008741319444444586 0.022838541666666618
0 0.5920833333333333 0.3229253472222222 0.017465277777777684 0.031085069444444398
0 0.5917708333333334 0.5144444444444445 0.012178819444444619 0.03187499999999983
0 0.6219878472222222 0.12278645833333338 0.011840277777777667 0.03701388888888878
0 0.7285243055555556 0.13025173611111107 0.023836805555555587 0.0708246527777779
0 0.7236718750000001 0.25007812499999993 0.02634548611111103 0.04375000000000008
0 0.7273784722222223 0.2157725694444444 0.017491319444444525 0.03134548611111122
0 0.7489409722222222 0.30226562500000004 0.022387152777777745 0.06014756944444441
0 0.7065798611111112 0.34379340277777776 0.03962673611111119 0.057395833333333236
0 0.7638020833333334 0.3518489583333333 0.015590277777777809 0.037907986111111173
0 0.6938541666666667 0.5705729166666667 0.023984375000000096 0.07210069444444439
0 0.6806336805555555 0.5500347222222223 0.01373263888888903 0.03323784722222219
0 0.713888888888889 0.5549565972222221 0.03714409722222219 0.07703124999999982
0 0.7454947916666667 0.5383854166666667 0.04208333333333335 0.04335937499999984
0 0.7683940972222223 0.5226302083333333 0.030703124999999904 0.06205729166666648
0 0.7822222222222222 0.6490885416666666 0.025989583333333184 0.03585937499999995
0 0.7489322916666666 0.677829861111111 0.031163194444444525 0.03099826388888892
0 0.7910937500000002 0.8530555555555553 0.031857638888888734 0.03276041666666648
0 0.7670399305555556 0.8436805555555557 0.02596354166666654 0.04430555555555552
0 0.7833680555555556 0.8805208333333334 0.025043402777777897 0.024392361111111427
0 0.7616753472222223 0.8689149305555554 0.019965277777777776 0.019869791666666952
0 0.7998958333333334 0.9108159722222224 0.03381944444444448 0.04072048611111098
0 0.7961197916666668 0.9651736111111112 0.030581597222221844 0.036597222222222094
0 0.7977430555555556 0.9943576388888888 0.034722222222222224 0.011284722222222222
0 0.842751736111111 0.9416059027777778 0.022335069444444064 0.08304687500000006
0 0.9464670138888889 0.5851475694444443 0.029782986111111458 0.03887152777777795
0 0.9417100694444444 0.5528906250000001 0.028342013888888573 0.026901041666666476
0 0.9048350694444444 0.4667361111111112 0.027187499999999747 0.03825520833333348
0 0.8821006944444443 0.48522569444444447 0.014609374999999937 0.03366319444444462
0 0.9299652777777779 0.47712673611111117 0.015625 0.016657986111111158
0 0.9293402777777777 0.3798437499999999 0.03523437500000012 0.06735243055555568
0 0.9550260416666667 0.4088454861111111 0.015147569444444287 0.0303732638888887
0 0.9606684027777779 0.44967881944444443 0.01254340277777762 0.02813368055555543
0 0.9014236111111111 0.42973090277777776 0.02904513888888892 0.038081597222222124
0 0.8848350694444443 0.3714670138888889 0.022543402777778 0.04006076388888897
0 0.8885590277777777 0.4058680555555555 0.017578125 0.030737847222222097
0 0.8999479166666665 0.3429427083333333 0.03099826388888892 0.034973958333333305
0 0.8884027777777779 0.3080815972222223 0.02533854166666632 0.039244791666666695
0 0.9149218749999998 0.31232638888888886 0.017795138888888888 0.03974826388888886
0 0.8650868055555555 0.32473958333333325 0.023776041666666952 0.03974826388888886
0 0.8633072916666669 0.27910590277777775 0.015486111111111237 0.036519097222222366
0 0.9220833333333331 0.1876475694444445 0.009557291666666856 0.021111111111111254
0 0.7034374999999999 0.45143229166666665 0.02268229166666676 0.038246527777777733
0 0.7580902777777777 0.45184027777777774 0.012934027777777857 0.03099826388888892
0 0.720607638888889 0.6079513888888888 0.02136284722222233 0.03538194444444463
0 0.760390625 0.6420920138888889 0.019626736111111223 0.03819444444444445
0 0.6198003472222222 0.7192013888888888 0.019869791666666557 0.030321180555555414
0 0.48840277777777785 0.5563281250000001 0.02212673611111092 0.02215277777777776
0 0.36411458333333335 0.8351302083333335 0.011701388888888905 0.024270833333333366
0 0.3971788194444444 0.6164756944444445 0.01955729166666684 0.024184027777777888
0 0.24500868055555555 0.7559374999999999 0.007039930555555666 0.016284722222222412