0 0.24020833333333316 0.6955034722222222 0.016154513888888604 0.026762152777777715
0 0.24850694444444463 0.9216579861111112 0.018750000000000315 0.030060763888888984
0 0.22471354166666657 0.9145138888888888 0.01116319444444416 0.023767361111111204
0 0.20331597222222206 0.23306423611111113 0.02037326388888911 0.07088541666666653
0 0.2586545138888887 0.11164930555555547 0.024036458333332986 0.06506944444444447
0 0.243611111111111 0.03375000000000009 0.03094618055555524 0.06526909722222227
0 0.2114149305555557 0.02914930555555549 0.026562500000000315 0.04407118055555554
0 0.581970486111111 0.46545138888888893 0.035668402777777906 0.061666666666666634
0 0.6078298611111109 0.5038541666666667 0.029626736111111204 0.05354166666666652
0 0.5577343750000002 0.4930034722222223 0.024184027777777492 0.03776909722222241
0 0.5734374999999999 0.5458680555555555 0.0424045138888892 0.05048611111111098
0 0.5962847222222223 0.5640711805555555 0.04971354166666705 0.05888888888888902
0 0.6103211805555557 0.6365538194444444 0.026631944444444697 0.04814236111111114
0 0.615173611111111 0.71546875 0.017934027777777653 0.04432291666666662
0 0.6078645833333335 0.6012500000000001 0.03345486111111108 0.027256944444444525
0 0.590373263888889 0.8399565972222223 0.02046874999999994 0.02565972222222257
0 0.6038281250000002 0.8727604166666667 0.009626736111111237 0.016744791666666634
0 0.22830729166666686 0.8534895833333331 0.008203124999999842 0.02062500000000019
0 0.25831597222222213 0.8357638888888891 0.007708333333333428 0.016310763888888857
0 0.2524652777777779 0.7284722222222223 0.007378472222222222 0.013689236111111095
0 0.25825520833333354 0.6889496527777779 0.01109374999999978 0.020946180555555652
0 0.25770833333333343 0.7169184027777779 0.007821180555555744 0.01707465277777784
0 0.24269097222222216 0.7249045138888888 0.010217013888889268 0.014730902777777603
0 0.23668402777777764 0.7164062499999999 0.015685763888888635 0.014678819444444317
0 0.24935763888888907 0.7146527777777778 0.00922743055555565 0.015546874999999873
0 0.24891493055555555 0.6796961805555556 0.007369791666666477 0.01609374999999997
0 0.2170138888888889 0.004774305555555556 0.027777777777777776 0.009548611111111112
0 0.6006336805555554 0.37345486111111115 0.020234375000000346 0.03171874999999997