0 0.5613715277777778 0.8888628472222222 0.03050347222222231 0.03127604166666684
0 0.9001736111111112 0.9856770833333334 0.024305555555555556 0.028645833333333332
0 0.9205729166666666 0.9965277777777778 0.011284722222222222 0.006944444444444444
0 0.8520659722222222 0.9752517361111112 0.025269097222222134 0.02986111111111119
0 0.8871527777777778 0.9917534722222222 0.03298611111111111 0.016493055555555556
0 0.8581510416666667 0.9296354166666667 0.018550347222222128 0.028185763888888715
0 0.8671788194444444 0.9583506944444444 0.02265624999999992 0.025486111111111223
0 0.88875 0.9022829861111111 0.03404513888888891 0.05883680555555573
0 0.9129513888888889 0.9196006944444446 0.01729166666666673 0.025624999999999985
0 0.9037934027777779 0.8733680555555556 0.026336805555555683 0.03350694444444437
0 0.9045746527777777 0.8458246527777777 0.017222222222222347 0.02286458333333326
0 0.8613541666666666 0.8468142361111111 0.01477430555555554 0.026848958333333388
0 0.8678472222222222 0.8207118055555556 0.019088541666666674 0.027855902777777705
0 0.8570052083333333 0.7890972222222222 0.012222222222222159 0.03465277777777784
0 0.8743402777777778 0.7204774305555556 0.017934027777777847 0.03209201388888891
0 0.8619878472222222 0.743203125 0.01679687499999992 0.024348958333333295
0 0.89796875 0.748828125 0.020746527777777857 0.02819444444444446
0 0.912578125 0.7685677083333333 0.016015624999999842 0.031293402777777736
0 0.8882118055555556 0.7018229166666666 0.018732638888888827 0.023072916666666603
0 0.8917447916666666 0.7244184027777778 0.017951388888888746 0.01995659722222223
0 0.8733333333333334 0.6063715277777777 0.017265625000000086 0.02542534722222219
0 0.8740798611111111 0.6297743055555556 0.017604166666666643 0.021380208333333428
0 0.8928559027777777 0.6461805555555555 0.03256076388888908 0.014895833333333405
0 0.8849826388888888 0.7594097222222222 0.02861979166666649 0.035347222222222245
0 0.8692361111111111 0.7739756944444445 0.016927083333333332 0.034097222222222195
0 0.8810069444444443 0.8372743055555555 0.01906250000000003 0.02013888888888893
0 0.8791493055555555 0.8215017361111111 0.009661458333333428 0.014470486111111173
0 0.8599131944444445 0.8678645833333333 0.010954861111111016 0.012543402777777816
0 0.8534375 0.758359375 0.010243055555555516 0.021041666666666674