0 0.5069444444444444 0.025173611111111112 0.019097222222222224 0.050347222222222224
0 0.4705815972222223 0.09263020833333337 0.03198784722222254 0.05947916666666705
0 0.4049218749999998 0.10879340277777771 0.014505208333333365 0.03033854166666651
0 0.4022916666666667 0.14988715277777784 0.008315972222222159 0.02544270833333368
0 0.44899305555555535 0.1558506944444444 0.02874131944444416 0.052743055555555744
0 0.4235416666666667 0.09884548611111102 0.02173611111111108 0.036779513888888796
0 0.5030902777777777 0.15746527777777786 0.023515625000000127 0.05889756944444476
0 0.5151649305555553 0.1253645833333334 0.015260416666666603 0.04848090277777809
0 0.4124913194444445 0.2543142361111109 0.027447916666666572 0.06234374999999975
0 0.5093142361111112 0.2905989583333333 0.019861111111111204 0.05368923611111143
0 0.5160416666666667 0.2565364583333335 0.01282986111111089 0.055069444444444095
0 0.4565972222222222 0.004340277777777778 0.012152777777777778 0.008680555555555556
0 0.8425347222222221 0.027387152777777937 0.025833333333333524 0.04229166666666689