0 0.23378472222222216 0.20021701388888896 0.03046874999999992 0.06391493055555565
0 0.23129340277777782 0.0731944444444444 0.028411458333333348 0.04630208333333346
0 0.2165798611111111 0.012152777777777778 0.04079861111111111 0.024305555555555556
0 0.23524305555555555 0.025607638888888888 0.036458333333333336 0.051215277777777776
0 0.4708854166666667 0.16163194444444448 0.019583333333333286 0.03740451388888902
0 0.47224826388888885 0.19089409722222228 0.026414930555555414 0.025225694444444398
0 0.4627777777777777 0.22809027777777777 0.017447916666666587 0.04256944444444441
0 0.7529687500000001 0.21344618055555564 0.031388888888888765 0.04494791666666684
0 0.7682291666666666 0.28124131944444447 0.030859375000000158 0.03498263888888905
0 0.7669010416666667 0.34903645833333324 0.02368055555555573 0.037951388888888715
0 0.8263715277777778 0.8186979166666666 0.017152777777777968 0.026684027777777588
0 0.8055121527777777 0.8055989583333335 0.01682291666666676 0.022803819444444824
0 0.8364843750000001 0.8093836805555554 0.028298611111111427 0.029730902777777776
0 0.8186024305555557 0.8617621527777778 0.024236111111111173 0.036796875000000284
0 0.8373697916666667 0.8620138888888889 0.021041666666666476 0.03256076388888908
0 0.8199739583333334 0.8915364583333335 0.028663194444444824 0.033663194444444225
0 0.8209461805555556 0.9293576388888888 0.0383680555555554 0.03874131944444454
0 0.8276909722222222 0.9839409722222222 0.044270833333333336 0.03211805555555555
0 0.8244357638888888 0.9605381944444444 0.04948784722222241 0.028637152777777588