0 0.05713541666666661 0.26168402777777783 0.014418402777777888 0.029305555555555744
0 0.05599826388888888 0.30847222222222215 0.01421006944444435 0.025373263888888904
0 0.06895833333333339 0.3187413194444445 0.011727430555555744 0.0230902777777777
0 0.053402777777777764 0.33430555555555547 0.01939236111111124 0.02932291666666684
0 0.06792534722222222 0.36590277777777774 0.022100694444444475 0.04167534722222241
0 0.04717881944444437 0.39053819444444454 0.015251736111111254 0.029748263888888873
0 0.05921006944444448 0.4424131944444445 0.014626736111111031 0.028333333333333224
0 0.045572916666666664 0.44070312500000003 0.010998263888888951 0.03152777777777792
0 0.06180555555555559 0.41056423611111115 0.01565972222222219 0.03453125000000017
0 0.06190104166666662 0.18807291666666673 0.01565972222222219 0.017977430555555587
0 0.07886284722222214 0.2146788194444444 0.019921874999999842 0.025277777777777684
0 0.06102430555555552 0.21213541666666677 0.010781250000000063 0.024618055555555667
0 0.06631944444444453 0.28631944444444435 0.01804687499999997 0.03242187499999992
0 0.07559895833333326 0.1906597222222223 0.015052083333333459 0.01693576388888908
0 0.5346440972222223 0.4812760416666667 0.006814236111111032 0.0173958333333333
0 0.5397395833333333 0.48717013888888894 0.00809027777777792 0.015078124999999906
0 0.5560763888888888 0.3610590277777778 0.027795138888888873 0.037821180555555695
0 0.5616753472222222 0.3705815972222223 0.02472222222222224 0.03500868055555549
0 0.5607899305555555 0.3284027777777777 0.01999999999999997 0.03929687499999998
0 0.5723437499999999 0.27482638888888883 0.012838541666666635 0.02953993055555573
0 0.5780642361111111 0.2991059027777777 0.01925347222222208 0.03235243055555554
0 0.5656684027777779 0.2752343749999999 0.012031250000000111 0.034045138888888715
0 0.5864322916666667 0.24600694444444451 0.012977430555555398 0.03167534722222203
0 0.577361111111111 0.12079861111111118 0.039574652777777906 0.06315972222222241
0 0.5308593749999999 0.11448784722222231 0.018793402777777857 0.09119791666666661
0 0.5495833333333332 0.11396701388888886 0.03148437499999998 0.051597222222222267
0 0.5436111111111112 0.08385416666666659 0.0266493055555554 0.04330729166666655
0 0.5711805555555556 0.005208333333333333 0.019097222222222224 0.010416666666666666
0 0.5902777777777778 0.0013020833333333333 0.019097222222222224 0.0026041666666666665
0 0.53125 0.020399305555555556 0.019097222222222224 0.04079861111111111
0 0.5487500000000001 0.044348958333333265 0.022977430555555383 0.028211805555555556
0 0.5741753472222223 0.05015624999999998 0.02197916666666681 0.03421875000000006
0 0.592795138888889 0.06480902777777785 0.02851562499999992 0.04559895833333351
0 0.5672222222222223 0.07660590277777778 0.01877604166666676 0.027213541666666587
0 0.9926215277777778 0.5082465277777778 0.014756944444444444 0.05642361111111111