0 0.037638888888888805 0.8305555555555557 0.013914930555555729 0.0534288194444446
0 0.06802083333333325 0.7267274305555556 0.023020833333333317 0.05377604166666651
0 0.00390625 0.24088541666666666 0.0078125 0.03732638888888889
0 0.00043402777777777775 0.1909722222222222 0.0008680555555555555 0.05381944444444445
0 0.11622395833333342 0.3492795138888888 0.022734375000000046 0.05039062500000016
0 0.09299479166666676 0.2731076388888888 0.014401041666666793 0.04875868055555562
0 0.3211805555555556 0.016493055555555556 0.026041666666666668 0.03298611111111111
0 0.3611111111111111 0.016059027777777776 0.015625 0.03211805555555555
0 0.3147222222222222 0.1319704861111111 0.028854166666666476 0.05125868055555571
0 0.3188368055555555 0.3361631944444444 0.019444444444444525 0.03899305555555562
0 0.7721354166666666 0.016927083333333332 0.014756944444444444 0.033854166666666664
0 0.3548177083333333 0.030555555555555596 0.029184027777777684 0.05583333333333348
0 0.33591145833333336 0.028854166666666674 0.02009548611111119 0.029487847222222047
0 0.08677083333333337 0.08629340277777785 0.016848958333333205 0.025868055555555713
0 0.32282118055555564 0.2898784722222223 0.011909722222222049 0.022317708333333366
0 0.31608506944444453 0.26434027777777774 0.014730902777777603 0.03211805555555555
0 0.3700694444444444 0.31028645833333335 0.010980902777777857 0.01874131944444457
0 0.370859375 0.2691059027777778 0.01399305555555546 0.02589409722222216
0 0.37741319444444443 0.24815972222222232 0.009427083333333443 0.013359374999999889
0 0.38618055555555564 0.2399218750000001 0.00979166666666684 0.021744791666666825