0 0.027178819444444398 0.4389756944444445 0.014852430555555272 0.03256076388888908
0 0.012152777777777778 0.05555555555555555 0.024305555555555556 0.057291666666666664
0 0.03256076388888908 0.05586805555555547 0.014131944444444223 0.03097222222222208
0 0.01171875 0.008246527777777778 0.0234375 0.016493055555555556
0 0.4103993055555557 0.7443055555555556 0.017465277777777684 0.036909722222222205
0 0.36203124999999997 0.6737934027777778 0.008802083333333618 0.04249131944444429
0 0.40483506944444436 0.6242968750000001 0.029019097222222474 0.05160590277777762
0 0.36007812499999997 0.49557291666666675 0.010173611111111333 0.0525694444444444
0 0.3673090277777777 0.45685763888888886 0.01861979166666651 0.04596354166666651
0 0.4826649305555557 0.44050347222222225 0.026276041666667044 0.05967881944444445
0 0.3664409722222221 0.35334201388888886 0.015616319444444256 0.04339409722222203
0 0.358845486111111 0.300546875 0.01286458333333308 0.061041666666666806
0 0.37988715277777785 0.2693663194444444 0.01954861111111149 0.0342621527777776
0 0.45965277777777774 0.2529947916666667 0.02241319444444419 0.041770833333333236
0 0.47001736111111114 0.286345486111111 0.021145833333333048 0.040034722222222124
0 0.4990538194444443 0.23013888888888878 0.011440972222222475 0.04774305555555555
0 0.3743750000000002 0.19595486111111113 0.03653645833333346 0.048480902777777696
0 0.4665972222222222 0.1148871527777777 0.03737847222222257 0.035998263888888715
0 0.5040277777777776 0.14616319444444453 0.010833333333332954 0.06365451388888882
0 0.43391493055555547 0.18982638888888895 0.01939236111111124 0.0456163194444446
0 0.40071180555555547 0.1279774305555556 0.021510416666666445 0.03936631944444437
0 0.37880208333333343 0.07805555555555561 0.03197048611111105 0.06366319444444457
0 0.375 0.024305555555555556 0.024305555555555556 0.04861111111111111
0 0.40182291666666675 0.029166666666666587 0.02264756944444457 0.05559895833333349
0 0.4737934027777777 0.038394097222222236 0.03138020833333302 0.0386979166666666
0 0.4603819444444446 0.0823611111111112 0.026024305555555176 0.03937500000000011
0 0.4526909722222222 0.009548611111111112 0.026909722222222224 0.019097222222222224
0 0.3845486111111111 0 0.027777777777777776 0
0 0.40016493055555535 0.20973958333333323 0.01449652777777762 0.025850694444444617
0 0.4266232638888887 0.22671875000000005 0.014123263888889268 0.028897569444444413
0 0.8859461805555556 0.9515624999999999 0.027604166666666825 0.058133680555555775
0 0.8384027777777779 0.9126215277777779 0.03733506944444463 0.07266493055555559
0 0.8036371527777777 0.9098003472222224 0.02162326388888876 0.06703125000000022
0 0.8366319444444446 0.8222395833333331 0.026006944444444475 0.04855034722222248
0 0.8959374999999999 0.7363020833333334 0.02434895833333349 0.047395833333333255
0 0.8699305555555554 0.5634201388888889 0.042439236111111396 0.060685763888888765
0 0.8217708333333332 0.43564236111111104 0.03715277777777794 0.05241319444444454
0 0.7992013888888887 0.4588368055555555 0.013619791666666319 0.03279513888888906
0 0.8456163194444445 0.4183420138888889 0.044027777777778 0.037630208333333255
0 0.8410416666666668 0.3736892361111111 0.04613715277777746 0.04818576388888908
0 0.8481076388888888 0.30443576388888893 0.03752604166666629 0.05135416666666654
0 0.8398003472222221 0.3378298611111112 0.046414930555555775 0.03455729166666662
0 0.8094531249999998 0.2621961805555555 0.03362847222222203 0.06984375000000004
0 0.8310503472222222 0.18611979166666673 0.03531250000000025 0.06201388888888894
0 0.9227170138888887 0.15452256944444442 0.021293402777777557 0.053385416666666664
0 0.8471093749999999 0.09107638888888896 0.04279513888888905 0.0866493055555557
0 0.8165711805555556 0.0685416666666667 0.021093750000000158 0.05743055555555543
0 0.8636545138888887 0.7198611111111111 0.0234375 0.0319444444444446
0 0.8714756944444445 0.7405381944444444 0.01717013888888867 0.02847222222222238
0 0.8287239583333333 0.7024565972222222 0.027968750000000223 0.05922743055555557
0 0.9360937500000001 0.5634374999999999 0.008845486111110764 0.03669270833333332