0 0.07097222222222241 0.8831336805555554 0.030850694444444413 0.044288194444444824
0 0.08938368055555539 0.8985590277777776 0.033836805555555176 0.054236111111110735
0 0.0928732638888887 0.8607465277777777 0.03184895833333298 0.049262152777777776
0 0.12546006944444463 0.5293489583333333 0.027369791666666445 0.03632812499999992
0 0.14237847222222222 0.40246527777777785 0.02239583333333349 0.02736979166666684
0 0.1438715277777776 0.36663194444444436 0.02835937500000006 0.040303819444444305
0 0.16352430555555564 0.3315538194444445 0.028862847222222224 0.04975694444444459
0 0.32201388888888893 0.14247395833333343 0.01940972222222194 0.03184895833333338
0 0.3003645833333333 0.4576909722222222 0.022890624999999904 0.03134548611111122
0 0.28892361111111126 0.8771614583333331 0.018906249999999777 0.03831597222222251
0 0.46680555555555575 0.73609375 0.029357638888888635 0.03980902777777789
0 0.4508854166666667 0.7134548611111112 0.02139756944444413 0.04527777777777765
0 0.4543663194444443 0.7943142361111113 0.017413194444444793 0.0378211805555555
0 0.4688020833333333 0.629861111111111 0.030355902777778 0.04627604166666662
0 0.4625781249999999 0.5713975694444444 0.025876736111111458 0.037821180555555695
0 0.44939236111111097 0.5412934027777777 0.02338541666666632 0.03234375000000019
0 0.4374479166666667 0.4977517361111112 0.011440972222222475 0.024878472222222097
0 0.4396875 0.4330642361111112 0.024878472222222097 0.03682291666666673
0 0.4396875 0.1875 0.020902777777777715 0.02835937500000006
0 0.3328038194444443 0.03671874999999996 0.021006944444444287 0.03272569444444429
0 0.33984375 0.984375 0.009548611111111112 0.03125
0 0.32855034722222204 0.9571701388888888 0.01638020833333324 0.026545138888888827
0 0.32745659722222226 0.9141145833333333 0.010720486111111427 0.015512152777777684
0 0.32154513888888897 0.8879513888888889 0.0167013888888887 0.029019097222222474
0 0.2888194444444443 0.9529340277777779 0.009218749999999906 0.022717013888888953
0 0.4461284722222223 0.38842881944444446 0.020998263888888542 0.03144097222222205
0 0.44440972222222225 0.3571961805555556 0.020616319444444444 0.028428819444444444
0 0.4383680555555556 0.32375868055555557 0.009045138888888951 0.026128472222222143
0 0.43747395833333313 0.2157725694444444 0.010833333333332954 0.030095486111111173
0 0.6450434027777779 0.8047829861111112 0.017803819444444632 0.03402777777777762
0 0.6306423611111112 0.6793576388888888 0.016206597222222285 0.023246527777777953
0 0.6381597222222221 0.7149826388888889 0.014253472222222285 0.0127951388888887
0 0.6167534722222222 0.58421875 0.004756944444444066 0.021710069444444632
0 0.9483506944444444 0.007378472222222222 0.013020833333333334 0.014756944444444444
0 0.9378038194444444 0.030329861111111158 0.01940972222222194 0.023975694444444348
0 0.9384461805555557 0.05077256944444445 0.01897569444444416 0.023897569444444617
0 0.9119878472222224 0.08432291666666675 0.013506944444444792 0.0284201388888887
0 0.9327604166666666 0.09589409722222225 0.02427951388888911 0.03272569444444429
0 0.9407986111111113 0.10661458333333328 0.020989583333333586 0.03333333333333341
0 0.9538020833333335 0.11552951388888882 0.01313368055555565 0.026276041666666652
0 0.9363541666666665 0.13861979166666671 0.021223958333333175 0.0193489583333333
0 0.9427430555555555 0.15122395833333335 0.021128472222222347 0.013940972222222174
0 0.9390190972222222 0.1671614583333333 0.023880208333333524 0.019722222222222047
0 0.9542361111111113 0.1775520833333333 0.010243055555555713 0.026510416666666634
0 0.9341059027777779 0.18774305555555554 0.024114583333333113 0.03757812499999997
0 0.9239843749999999 0.20192708333333323 0.018003472222222032 0.02426215277777762
0 0.9529253472222222 0.20202256944444447 0.013532986111111237 0.020598958333333348
0 0.9491666666666667 0.21489583333333329 0.01030381944444435 0.012994791666666493
0 0.9375694444444443 0.21731770833333325 0.011310763888888667 0.02428819444444446
0 0.9564583333333334 0.26874999999999993 0.01252604166666692 0.03505208333333343
0 0.9670138888888888 0.2750086805555555 0.00890625000000019 0.029913194444444475
0 0.9349739583333334 0.282439236111111 0.013767361111110828 0.014505208333333365
0 0.9437239583333334 0.2951475694444444 0.017161458333333712 0.019756944444444632
0 0.9530555555555557 0.23909722222222227 0.016310763888888857 0.014565972222222397
0 0.9708593749999999 0.42955729166666656 0.011640624999999873 0.030017361111111047
0 0.9738628472222222 0.4557204861111111 0.008168402777777651 0.027734374999999842
0 0.9591319444444445 0.42514756944444443 0.00978298611111149 0.02120659722222208
0 0.9279861111111111 0.5484461805555555 0.018645833333332956 0.027326388888888904
0 0.9459722222222224 0.5576302083333334 0.020772569444444697 0.03305555555555549
0 0.9618055555555556 0.5559809027777778 0.01451388888888911 0.03042534722222238
0 0.9714062499999999 0.5877777777777777 0.018159722222222285 0.030633680555555525
0 0.9802170138888889 0.6405729166666667 0.014097222222222032 0.036519097222222366
0 0.9564670138888888 0.6490451388888889 0.016710069444444444 0.0380034722222224
0 0.9342881944444446 0.6573697916666666 0.023593750000000253 0.025026041666666603
0 0.9220572916666667 0.6642708333333334 0.016909722222221844 0.029513888888888888
0 0.9425434027777777 0.6818836805555555 0.020008680555555713 0.02748263888888876
0 0.9311979166666665 0.6942881944444443 0.018984374999999904 0.026449652777777603
0 0.9520225694444444 0.6993229166666666 0.02136284722222194 0.025694444444444367
0 0.9602343750000001 0.7355729166666668 0.023567708333333017 0.044652777777777826
0 0.9791145833333333 0.7470052083333333 0.014600694444444192 0.027335069444444256
0 0.9344965277777777 0.7350694444444444 0.02316840277777743 0.032239583333333224
0 0.912109375 0.7484461805555556 0.009722222222222065 0.025130208333333175
0 0.9228211805555557 0.7673350694444446 0.013732638888888636 0.027343750000000198
0 0.9415277777777776 0.7848958333333331 0.018645833333332956 0.021354166666666785
0 0.9548611111111112 0.7801128472222223 0.02162326388888876 0.023307291666666785
0 0.9432204861111112 0.760763888888889 0.011822916666666572 0.020130208333333382
0 0.9647656249999998 0.7731684027777779 0.027213541666666983 0.033810763888888734
0 0.9717447916666665 0.8186805555555554 0.020868055555555525 0.040164930555555936
0 0.9344097222222223 0.8224913194444446 0.021310763888889046 0.033515624999999716
0 0.9788541666666666 0.8734114583333334 0.02044270833333349 0.04306423611111083
0 0.957265625 0.8718923611111111 0.019609375000000127 0.03323784722222219
0 0.9468576388888891 0.8924652777777777 0.020798611111111143 0.03205729166666692
0 0.9253125 0.881328125 0.0158072916666667 0.02926215277777781
0 0.9212065972222222 0.9035590277777779 0.015217013888888667 0.032230902777777876
0 0.9258593750000002 0.9621614583333332 0.016067708333333524 0.03766493055555584
0 0.9190104166666665 0.987092013888889 0.00949652777777743 0.019149305555555902
0 0.9787760416666669 0.9375520833333333 0.018663194444444444 0.03186631944444448
0 0.9518142361111109 0.9447135416666667 0.020937499999999904 0.025173611111111112
0 0.9317447916666666 0.9271788194444446 0.015130208333333586 0.024670138888888953
0 0.9892708333333332 0.9254079861111113 0.014609374999999937 0.03443576388888895
0 0.9409722222222222 0.8624045138888887 0.028498263888888827 0.03375000000000009
0 0.9569791666666667 0.9784895833333331 0.029236111111111365 0.03720486111111083
0 0.9505208333333334 0.9991319444444444 0.017361111111111112 0.001736111111111111
0 0.9891493055555556 0.9917534722222222 0.0078125 0.016493055555555556