0 0.16102430555555555 0.017795138888888888 0.05295138888888889 0.035590277777777776
0 0.11964409722222216 0.07028645833333336 0.07159722222222184 0.11530381944444439
0 0.09174479166666671 0.12374999999999996 0.039982638888889234 0.05671875000000012
0 0.09081597222222212 0.17256944444444441 0.05300347222222257 0.07439236111111096
0 0.18566840277777766 0.12700520833333329 0.03812500000000006 0.08368923611111098
0 0.19217881944444434 0.21766493055555555 0.049279513888889265 0.07532118055555553
0 0.15172743055555551 0.2999652777777777 0.053932291666666764 0.09671006944444432
0 0.19542534722222232 0.30042534722222214 0.05765625000000006 0.0976388888888889
0 0.11313368055555549 0.3562152777777777 0.04370659722222254 0.07532118055555553
0 0.08710069444444457 0.3283246527777778 0.01766493055555587 0.036267361111111285
0 0.21124131944444435 0.3859722222222223 0.042777777777777554 0.07346354166666676
0 0.22983506944444443 0.43990451388888885 0.0316145833333334 0.05486111111111095
0 0.13499131944444465 0.41387152777777775 0.053932291666666764 0.06044270833333343
0 0.1270833333333334 0.45943576388888885 0.04370659722222254 0.06415798611111098
0 0.1995659722222223 0.5085590277777777 0.04771701388888911 0.06100694444444462
0 0.26026909722222213 0.6411458333333333 0.02899305555555524 0.05315104166666668
0 0.2666145833333332 0.7000347222222223 0.042881944444444126 0.06704861111111092
0 0.21744791666666666 0.9796006944444444 0.028645833333333332 0.04079861111111111
0 0.6059027777777778 0.0234375 0.06944444444444445 0.046875
0 0.6063802083333335 0.08172743055555563 0.07192708333333304 0.10410590277777763
0 0.6986545138888888 0.41107638888888887 0.07287326388888873 0.13249131944444453
0 0.7800434027777778 0.4366319444444444 0.025555555555555207 0.056779513888888765
0 0.7895052083333335 0.5038281250000001 0.025555555555555207 0.07760416666666675
0 0.7686805555555556 0.6207031249999999 0.03123263888888851 0.05394097222222211
0 0.7672656249999998 0.6959461805555556 0.04164062500000022 0.0681423611111111
0 0.7880815972222222 0.7792274305555557 0.03974826388888886 0.06057291666666664
0 0.7999131944444444 0.8875868055555556 0.03312499999999988 0.038802083333333175
0 0.2362326388888888 0.9715277777777777 0.020798611111111143 0.029921875000000223
0 0.23754340277777786 0.8645052083333332 0.019722222222222443 0.018576388888888573
0 0.17519965277777771 0.7380295138888889 0.012378472222222412 0.02737847222222219
0 0.1826041666666668 0.7674045138888889 0.019175347222222347 0.016553819444444586
0 0.16782986111111123 0.5302343749999999 0.016901041666666887 0.029913194444444475
0 0.2232204861111112 0.5602083333333332 0.03523437500000012 0.06709201388888886
0 0.7674045138888891 0.30651909722222215 0.012161458333333522 0.049817708333333224
0 0.7572482638888888 0.32396701388888893 0.007300347222222096 0.01625868055555557
0 0.7645833333333335 0.3674045138888889 0.017265625000000284 0.03878472222222208
0 0.7438020833333334 0.2567968749999999 0.03362847222222203 0.03998263888888884
0 0.7432118055555554 0.23765624999999999 0.022769097222221844 0.027499999999999858
0 0.7497135416666667 0.21461805555555558 0.021796874999999716 0.040026041666666776
0 0.7109375 0.031684027777777776 0.036458333333333336 0.06336805555555555
0 0.7287326388888888 0.024739583333333332 0.0234375 0.049479166666666664