0 0.2903645833333333 0.026041666666666668 0.033854166666666664 0.052083333333333336
0 0.16572916666666673 0.8613802083333333 0.02445312500000006 0.041909722222222
0 0.29185763888888894 0.7509027777777777 0.02960937500000011 0.08960937499999982
0 0.23802083333333338 0.9234895833333334 0.05116319444444449 0.08905381944444457
0 0.1896701388888889 0.9453125 0.059895833333333336 0.109375
0 0.2204861111111111 0.9826388888888888 0.06076388888888889 0.034722222222222224
0 0.4745920138888889 0.9436371527777779 0.02979166666666681 0.0667881944444441
0 0.5162673611111112 0.8306857638888887 0.06409722222222235 0.08192708333333343
0 0.5081423611111112 0.6816493055555556 0.05345486111111105 0.09075520833333349
0 0.48657118055555554 0.5798524305555556 0.020130208333333382 0.03430555555555554
0 0.49336805555555546 0.48433159722222224 0.02671006944444443 0.04367187499999995
0 0.4878385416666667 0.41908854166666665 0.02545138888888903 0.04631944444444455
0 0.5068923611111111 0.37264756944444444 0.02993055555555557 0.04312499999999986
0 0.8503645833333332 0.27369791666666665 0.06103298611111146 0.11429687500000006
0 0.9361197916666666 0.3419531250000001 0.02512152777777743 0.08544270833333319
0 0.8230468750000001 0.46309895833333337 0.03162326388888914 0.08109375000000006
0 0.9382899305555554 0.7138107638888889 0.019661458333333017 0.04296875
0 0.8857465277777778 0.7699392361111111 0.035095486111111365 0.06414930555555563
0 0.8212326388888889 0.8203125 0.01958333333333368 0.05278645833333368
0 0.4971354166666667 0.16213541666666664 0.029956597222222412 0.059123263888889
0 0.48645833333333344 0.2560590277777778 0.010885416666666635 0.029088541666666856
0 0.4824826388888888 0.8745486111111112 0.019088541666666476 0.05018229166666702
0 0.46372395833333335 0.8362500000000002 0.014817708333333476 0.03651909722222197
0 0.940217013888889 0.7570138888888889 0.007361111111110732 0.037986111111111304
0 0.001736111111111111 0.4396701388888889 0.003472222222222222 0.058159722222222224
0 0.0030381944444444445 0.3793402777777778 0.006076388888888889 0.06597222222222222
0 0.010972222222222308 0.21965277777777775 0.02017361111111092 0.06368055555555567