0 0.824951171875 0.7369791666666666 0.00927734375 0.015625
0 0.8076171875 0.7783203125 0.0107421875 0.026692708333333332
0 0.844970703125 0.6708984375 0.01904296875 0.030598958333333332
0 0.829833984375 0.7545572916666666 0.01416015625 0.01953125
0 0.80615234375 0.7509765625 0.0107421875 0.035807291666666664
0 0.81494140625 0.791015625 0.0146484375 0.028645833333333332
0 0.82470703125 0.771484375 0.0224609375 0.03515625
0 0.83203125 0.677734375 0.0126953125 0.022135416666666668
0 0.843505859375 0.7194010416666666 0.01318359375 0.013020833333333334
0 0.846435546875 0.6982421875 0.01416015625 0.027994791666666668
0 0.548583984375 0.826171875 0.00927734375 0.01953125
0 0.858642578125 0.6175130208333334 0.01513671875 0.030598958333333332
0 0.864501953125 0.517578125 0.01318359375 0.03125
0 0.866943359375 0.6549479166666666 0.01708984375 0.036458333333333336
0 0.716796875 0.22819010416666666 0.0126953125 0.035807291666666664
0 0.7138671875 0.3450520833333333 0.017578125 0.04296875
0 0.714599609375 0.3961588541666667 0.02099609375 0.042317708333333336
0 0.6982421875 0.6764322916666666 0.0146484375 0.03125
0 0.71337890625 0.3004557291666667 0.0087890625 0.017578125
0 0.586669921875 0.8603515625 0.00537109375 0.020182291666666668
0 0.832763671875 0.6578776041666666 0.01318359375 0.018880208333333332
0 0.82177734375 0.6748046875 0.017578125 0.041015625
0 0.22900390625 0.5589192708333334 0.0146484375 0.037109375
0 0.362060546875 0.5 0.01025390625 0.01953125
0 0.56787109375 0.58984375 0.0146484375 0.037760416666666664
0 0.1044921875 0.3531901041666667 0.0087890625 0.027994791666666668
0 0.576904296875 0.7347005208333334 0.01611328125 0.051432291666666664
0 0.242919921875 0.5537109375 0.01513671875 0.030598958333333332
0 0.38427734375 0.2763671875 0.0185546875 0.042317708333333336
0 0.38330078125 0.3434244791666667 0.0166015625 0.047526041666666664
0 0.41162109375 0.4251302083333333 0.01171875 0.049479166666666664
0 0.35791015625 0.4534505208333333 0.009765625 0.022786458333333332
0 0.367431640625 0.5328776041666666 0.01416015625 0.027994791666666668
0 0.369384765625 0.6077473958333334 0.01025390625 0.025390625
0 0.22802734375 0.5296223958333334 0.0126953125 0.026692708333333332
0 0.390625 0.3089192708333333 0.0205078125 0.033203125
0 0.564697265625 0.6682942708333334 0.01513671875 0.038411458333333336
0 0.528076171875 0.6865234375 0.01025390625 0.034505208333333336
0 0.5419921875 0.7239583333333334 0.01953125 0.055989583333333336
0 0.529296875 0.7125651041666666 0.009765625 0.027994791666666668
0 0.5380859375 0.7542317708333334 0.017578125 0.034505208333333336
0 0.559814453125 0.7594401041666666 0.02197265625 0.044921875
0 0.568359375 0.8011067708333334 0.021484375 0.042317708333333336
0 0.530029296875 0.7926432291666666 0.01025390625 0.052734375
0 0.40673828125 0.8284505208333334 0.0068359375 0.018880208333333332
0 0.58203125 0.8294270833333334 0.0146484375 0.049479166666666664
