0 0.362060546875 0.552734375 0.00439453125 0.013020833333333334
0 0.44921875 0.36328125 0.0068359375 0.015625
0 0.3671875 0.685546875 0.005859375 0.013020833333333334
0 0.3681640625 0.5504557291666666 0.0068359375 0.012369791666666666
0 0.448974609375 0.478515625 0.00439453125 0.010416666666666666
0 0.4453125 0.349609375 0.0048828125 0.01171875
0 0.45458984375 0.4381510416666667 0.0078125 0.014322916666666666
0 0.451171875 0.4033203125 0.0078125 0.012369791666666666
0 0.447998046875 0.3958333333333333 0.00634765625 0.013020833333333334
0 0.449462890625 0.3792317708333333 0.00634765625 0.016276041666666668
0 0.53759765625 0.5940755208333334 0.0078125 0.017578125
0 0.447509765625 0.4573567708333333 0.00341796875 0.011067708333333334
0 0.456298828125 0.2900390625 0.00439453125 0.008463541666666666
0 0.53515625 0.6087239583333334 0.0078125 0.013020833333333334
0 0.73291015625 0.2373046875 0.0078125 0.012369791666666666
0 0.596435546875 0.7692057291666666 0.00927734375 0.016276041666666668
0 0.59912109375 0.794921875 0.0087890625 0.015625
0 0.596923828125 0.8017578125 0.00634765625 0.017578125
0 0.600830078125 0.82421875 0.00732421875 0.013020833333333334
0 0.537353515625 0.6028645833333334 0.00732421875 0.010416666666666666
0 0.540283203125 0.6240234375 0.00732421875 0.017578125
0 0.53466796875 0.6302083333333334 0.0078125 0.016927083333333332
0 0.531494140625 0.5947265625 0.00927734375 0.020182291666666668
0 0.541748046875 0.6324869791666666 0.00537109375 0.012369791666666666
0 0.529052734375 0.6083984375 0.00634765625 0.018880208333333332
0 0.739990234375 0.2522786458333333 0.00634765625 0.013671875
0 0.542236328125 0.609375 0.00439453125 0.015625
0 0.449462890625 0.3489583333333333 0.00537109375 0.010416666666666666
0 0.444091796875 0.3307291666666667 0.00537109375 0.010416666666666666
0 0.45068359375 0.2802734375 0.0068359375 0.017578125
0 0.45458984375 0.2692057291666667 0.00390625 0.008463541666666666
0 0.453857421875 0.2939453125 0.00244140625 0.007161458333333333
0 0.442626953125 0.24967447916666666 0.00244140625 0.008463541666666666
0 0.44580078125 0.2864583333333333 0.00390625 0.0078125
0 0.443359375 0.3395182291666667 0.00390625 0.011067708333333334
0 0.36328125 0.6012369791666666 0.00390625 0.016276041666666668
0 0.44384765625 0.2679036458333333 0.0078125 0.011067708333333334
0 0.448974609375 0.3382161458333333 0.00732421875 0.011067708333333334
0 0.458984375 0.3512369791666667 0.00390625 0.011067708333333334
0 0.44287109375 0.3772786458333333 0.0029296875 0.009765625
0 0.455322265625 0.349609375 0.00341796875 0.006510416666666667
0 0.441650390625 0.3248697916666667 0.00244140625 0.01171875
0 0.458984375 0.2659505208333333 0.00390625 0.012369791666666666
0 0.44189453125 0.2555338541666667 0.001953125 0.005859375
0 0.44482421875 0.28125 0.005859375 0.006510416666666667
0 0.45166015625 0.3092447916666667 0.005859375 0.018229166666666668
0 0.443603515625 0.3151041666666667 0.00537109375 0.013020833333333334
0 0.443603515625 0.3030598958333333 0.00537109375 0.012369791666666666
0 0.45947265625 0.3014322916666667 0.00390625 0.016927083333333332
0 0.45556640625 0.3802083333333333 0.0068359375 0.016927083333333332
0 0.442626953125 0.2770182291666667 0.00439453125 0.013671875
0 0.741943359375 0.23958333333333334 0.00732421875 0.015625
0 0.456787109375 0.333984375 0.00537109375 0.01171875
0 0.456298828125 0.2571614583333333 0.00341796875 0.01171875
0 0.364013671875 0.5696614583333334 0.00537109375 0.013020833333333334
0 0.451171875 0.2607421875 0.005859375 0.013671875
