0 0.35205078125 0.7425130208333334 0.0048828125 0.025390625
0 0.34423828125 0.2578125 0.001953125 0.0078125
0 0.59130859375 0.5146484375 0.00390625 0.007161458333333333
0 0.344970703125 0.6051432291666666 0.00341796875 0.007161458333333333
0 0.34423828125 0.24739583333333334 0.001953125 0.006510416666666667
0 0.38720703125 0.7366536458333334 0.0009765625 0.0032552083333333335
0 0.35107421875 0.6396484375 0.001953125 0.004557291666666667
0 0.386474609375 0.7278645833333334 0.00244140625 0.005208333333333333
0 0.352294921875 0.7060546875 0.00146484375 0.004557291666666667
0 0.347900390625 0.7093098958333334 0.00537109375 0.013671875
0 0.342529296875 0.6373697916666666 0.00146484375 0.005208333333333333
0 0.345947265625 0.177734375 0.00146484375 0.00390625
0 0.34912109375 0.6949869791666666 0.001953125 0.005859375
0 0.388427734375 0.7366536458333334 0.00146484375 0.004557291666666667
0 0.592041015625 0.4345703125 0.00146484375 0.0032552083333333335
0 0.351806640625 0.7203776041666666 0.00341796875 0.008463541666666666
0 0.594482421875 0.51171875 0.00146484375 0.00390625
0 0.591064453125 0.435546875 0.00146484375 0.0026041666666666665
0 0.591796875 0.5224609375 0.005859375 0.009765625
0 0.435302734375 0.6370442708333334 0.00634765625 0.020182291666666668
0 0.5927734375 0.4700520833333333 0.0048828125 0.010416666666666666
0 0.59228515625 0.4554036458333333 0.00390625 0.012369791666666666
0 0.3505859375 0.7014973958333334 0.0029296875 0.0032552083333333335
0 0.593505859375 0.5328776041666666 0.00341796875 0.011067708333333334
0 0.34423828125 0.625 0.00390625 0.01171875
0 0.3525390625 0.6969401041666666 0.001953125 0.008463541666666666
0 0.52197265625 0.4638671875 0.005859375 0.022786458333333332
0 0.595947265625 0.5725911458333334 0.00244140625 0.011067708333333334
0 0.594482421875 0.5172526041666666 0.00244140625 0.005859375
0 0.34716796875 0.658203125 0.001953125 0.005208333333333333
