0 0.448974609375 0.4378255208333333 0.00537109375 0.013671875
0 0.4609375 0.4309895833333333 0.0048828125 0.01171875
0 0.527587890625 0.3961588541666667 0.00341796875 0.020182291666666668
0 0.548583984375 0.2236328125 0.00146484375 0.005859375
0 0.442626953125 0.4498697916666667 0.00341796875 0.0234375
0 0.542724609375 0.1953125 0.00341796875 0.0078125
0 0.469970703125 0.4417317708333333 0.00341796875 0.011067708333333334
0 0.364990234375 0.1806640625 0.00341796875 0.014973958333333334
0 0.3486328125 0.3271484375 0.0048828125 0.011067708333333334
0 0.3466796875 0.154296875 0.005859375 0.015625
0 0.45166015625 0.4287109375 0.0048828125 0.011067708333333334
0 0.47119140625 0.4560546875 0.001953125 0.016276041666666668
0 0.467529296875 0.4039713541666667 0.00537109375 0.013671875
0 0.45068359375 0.3056640625 0.0078125 0.021484375
0 0.45263671875 0.3873697916666667 0.005859375 0.01171875
0 0.444091796875 0.3909505208333333 0.00537109375 0.018880208333333332
0 0.448486328125 0.3694661458333333 0.00439453125 0.014973958333333334
0 0.455078125 0.3720703125 0.0087890625 0.017578125
0 0.46337890625 0.3723958333333333 0.005859375 0.015625
0 0.458984375 0.3544921875 0.005859375 0.013671875
0 0.45166015625 0.3518880208333333 0.009765625 0.021484375
0 0.447998046875 0.3365885416666667 0.00830078125 0.0234375
0 0.440185546875 0.3167317708333333 0.00634765625 0.030598958333333332
0 0.460693359375 0.3199869791666667 0.00927734375 0.018880208333333332
0 0.46337890625 0.3020833333333333 0.0087890625 0.016927083333333332
0 0.53759765625 0.20638020833333334 0.0078125 0.020833333333333332
0 0.452880859375 0.4013671875 0.00244140625 0.007161458333333333
0 0.536376953125 0.22135416666666666 0.00634765625 0.013020833333333334
0 0.263427734375 0.3932291666666667 0.01025390625 0.018229166666666668
0 0.535888671875 0.2353515625 0.00439453125 0.012369791666666666
0 0.46875 0.3053385416666667 0.00390625 0.022135416666666668
0 0.466064453125 0.4192708333333333 0.00244140625 0.0078125
0 0.264892578125 0.3538411458333333 0.00537109375 0.013671875
0 0.251220703125 0.412109375 0.00439453125 0.013020833333333334
0 0.265380859375 0.4205729166666667 0.00732421875 0.015625
0 0.2626953125 0.4391276041666667 0.013671875 0.013671875
0 0.26513671875 0.4739583333333333 0.009765625 0.014322916666666666
0 0.54931640625 0.2887369791666667 0.001953125 0.007161458333333333
0 0.251953125 0.4798177083333333 0.005859375 0.024739583333333332
0 0.26318359375 0.5517578125 0.0078125 0.013671875
0 0.26904296875 0.5520833333333334 0.005859375 0.014322916666666666
0 0.263671875 0.5660807291666666 0.0087890625 0.011067708333333334
0 0.52978515625 0.22265625 0.00390625 0.016927083333333332
0 0.256591796875 0.564453125 0.00634765625 0.014322916666666666
0 0.54931640625 0.22721354166666666 0.001953125 0.0026041666666666665
0 0.53466796875 0.3310546875 0.001953125 0.005859375
0 0.4677734375 0.3551432291666667 0.0009765625 0.005859375
0 0.5263671875 0.3154296875 0.0009765625 0.012369791666666666
0 0.255126953125 0.5934244791666666 0.00537109375 0.014973958333333334
0 0.25830078125 0.5445963541666666 0.0029296875 0.008463541666666666
0 0.55224609375 0.3587239583333333 0.0029296875 0.01953125
0 0.550048828125 0.3802083333333333 0.00439453125 0.009114583333333334
0 0.53759765625 0.314453125 0.0078125 0.016927083333333332
0 0.5380859375 0.2822265625 0.0087890625 0.018880208333333332
0 0.54345703125 0.2646484375 0.0068359375 0.020182291666666668
0 0.529541015625 0.2516276041666667 0.00537109375 0.021484375
0 0.255859375 0.6194661458333334 0.005859375 0.013671875
0 0.465576171875 0.2926432291666667 0.00634765625 0.018880208333333332
0 0.263671875 0.3313802083333333 0.0029296875 0.009114583333333334
0 0.449462890625 0.22623697916666666 0.00830078125 0.024088541666666668
0 0.774169921875 0.404296875 0.00341796875 0.0078125
0 0.468505859375 0.4274088541666667 0.00244140625 0.007161458333333333
0 0.2578125 0.5986328125 0.005859375 0.014973958333333334
0 0.541259765625 0.17317708333333334 0.00439453125 0.010416666666666666
0 0.544921875 0.171875 0.005859375 0.014322916666666666
0 0.808349609375 0.10546875 0.00537109375 0.016927083333333332
0 0.7822265625 0.6162109375 0.005859375 0.008463541666666666
0 0.785888671875 0.5856119791666666 0.01123046875 0.016276041666666668
0 0.69775390625 0.4537760416666667 0.0107421875 0.016927083333333332
0 0.65087890625 0.3232421875 0.005859375 0.013671875
0 0.642822265625 0.310546875 0.00732421875 0.006510416666666667
0 0.64306640625 0.3040364583333333 0.00390625 0.005208333333333333
0 0.780517578125 0.4085286458333333 0.00732421875 0.013671875
0 0.704345703125 0.4609375 0.00732421875 0.018229166666666668
0 0.547119140625 0.13997395833333334 0.00341796875 0.009114583333333334
0 0.5458984375 0.15201822916666666 0.0029296875 0.009765625
0 0.550048828125 0.14518229166666666 0.00244140625 0.01171875
0 0.542236328125 0.16015625 0.00439453125 0.01171875
0 0.70361328125 0.556640625 0.0048828125 0.014322916666666666
0 0.703857421875 0.548828125 0.00439453125 0.009114583333333334
0 0.70068359375 0.5266927083333334 0.009765625 0.013020833333333334
0 0.69677734375 0.5110677083333334 0.0087890625 0.014322916666666666
0 0.70361328125 0.501953125 0.005859375 0.014322916666666666
0 0.69482421875 0.4697265625 0.0078125 0.012369791666666666
0 0.469482421875 0.23470052083333334 0.00244140625 0.016276041666666668
0 0.647216796875 0.3203125 0.00927734375 0.015625
0 0.650146484375 0.3040364583333333 0.00634765625 0.015625
0 0.79052734375 0.4143880208333333 0.0048828125 0.009765625
0 0.700927734375 0.5377604166666666 0.00634765625 0.013020833333333334
0 0.795654296875 0.5022786458333334 0.00927734375 0.022786458333333332
0 0.783935546875 0.4244791666666667 0.00927734375 0.015625
0 0.441650390625 0.22526041666666666 0.00341796875 0.020833333333333332
0 0.441650390625 0.21061197916666666 0.00244140625 0.009765625
0 0.45751953125 0.21321614583333334 0.0048828125 0.013671875
0 0.544921875 0.18717447916666666 0.00390625 0.012369791666666666
0 0.537353515625 0.17903645833333334 0.00537109375 0.013020833333333334
0 0.686279296875 0.4580078125 0.00341796875 0.026692708333333332
0 0.780029296875 0.6223958333333334 0.00341796875 0.0078125
0 0.776611328125 0.6175130208333334 0.00146484375 0.004557291666666667
0 0.7783203125 0.6520182291666666 0.00390625 0.005859375
0 0.786376953125 0.634765625 0.00146484375 0.00390625
0 0.787841796875 0.6302083333333334 0.00244140625 0.00390625
0 0.785888671875 0.6396484375 0.00146484375 0.004557291666666667
0 0.351318359375 0.2555338541666667 0.00732421875 0.016276041666666668
0 0.783447265625 0.6015625 0.01025390625 0.018229166666666668
0 0.789306640625 0.611328125 0.00537109375 0.009114583333333334
0 0.78271484375 0.4840494791666667 0.005859375 0.013671875
0 0.793212890625 0.4755859375 0.00927734375 0.012369791666666666
0 0.794677734375 0.4850260416666667 0.00634765625 0.009114583333333334
0 0.77685546875 0.494140625 0.005859375 0.013020833333333334
0 0.7919921875 0.51953125 0.0087890625 0.020833333333333332
0 0.775634765625 0.5022786458333334 0.00439453125 0.009765625
0 0.79833984375 0.5686848958333334 0.0029296875 0.008463541666666666
0 0.78857421875 0.5735677083333334 0.01171875 0.01953125
0 0.79248046875 0.5911458333333334 0.0087890625 0.018229166666666668
0 0.778076171875 0.5911458333333334 0.00537109375 0.014322916666666666
0 0.793212890625 0.55859375 0.00927734375 0.01953125
