0 0.528564453125 0.5891927083333334 0.00439453125 0.01171875
0 0.3955078125 0.6292317708333334 0.0048828125 0.011067708333333334
0 0.27978515625 0.5774739583333334 0.001953125 0.005208333333333333
0 0.186279296875 0.7838541666666666 0.00830078125 0.01171875
0 0.190673828125 0.7880859375 0.00634765625 0.012369791666666666
0 0.195068359375 0.6813151041666666 0.00634765625 0.018880208333333332
0 0.45751953125 0.6624348958333334 0.0048828125 0.008463541666666666
0 0.208984375 0.6533203125 0.0068359375 0.013671875
0 0.2021484375 0.6767578125 0.0048828125 0.007161458333333333
0 0.393310546875 0.5764973958333334 0.00439453125 0.011067708333333334
0 0.186767578125 0.7770182291666666 0.00830078125 0.009765625
0 0.61328125 0.6080729166666666 0.0048828125 0.010416666666666666
0 0.198974609375 0.6962890625 0.00439453125 0.012369791666666666
0 0.393798828125 0.4788411458333333 0.00146484375 0.004557291666666667
0 0.39697265625 0.5172526041666666 0.0009765625 0.007161458333333333
0 0.387451171875 0.51171875 0.00537109375 0.014322916666666666
0 0.388427734375 0.5270182291666666 0.00439453125 0.013671875
0 0.396240234375 0.5341796875 0.00341796875 0.011067708333333334
0 0.396484375 0.6181640625 0.0029296875 0.005859375
0 0.44482421875 0.72265625 0.0087890625 0.020833333333333332
0 0.431396484375 0.7457682291666666 0.00439453125 0.013671875
0 0.3896484375 0.5647786458333334 0.001953125 0.005859375
0 0.503662109375 0.7607421875 0.00341796875 0.011067708333333334
0 0.502197265625 0.76953125 0.00146484375 0.0078125
0 0.45458984375 0.6201171875 0.005859375 0.012369791666666666
0 0.192626953125 0.7119140625 0.00634765625 0.012369791666666666
0 0.39453125 0.6051432291666666 0.0078125 0.017578125
0 0.185546875 0.7578125 0.0087890625 0.024739583333333332
0 0.194091796875 0.7233072916666666 0.00732421875 0.013020833333333334
0 0.6904296875 0.6966145833333334 0.0078125 0.015625
0 0.582763671875 0.7350260416666666 0.00537109375 0.020833333333333332
0 0.603515625 0.7353515625 0.0107421875 0.020182291666666668
0 0.602783203125 0.7174479166666666 0.00830078125 0.015625
0 0.285888671875 0.556640625 0.00537109375 0.01171875
0 0.61279296875 0.7044270833333334 0.005859375 0.015625
0 0.59228515625 0.6682942708333334 0.0029296875 0.008463541666666666
0 0.589111328125 0.6966145833333334 0.00439453125 0.013020833333333334
0 0.597412109375 0.64453125 0.00439453125 0.013020833333333334
0 0.609375 0.6555989583333334 0.00390625 0.010416666666666666
0 0.61572265625 0.6858723958333334 0.0068359375 0.011067708333333334
0 0.619384765625 0.6083984375 0.00634765625 0.009765625
0 0.609375 0.6852213541666666 0.005859375 0.008463541666666666
0 0.203857421875 0.70703125 0.00341796875 0.0078125
0 0.201416015625 0.7421875 0.00341796875 0.0078125
0 0.1953125 0.7431640625 0.0048828125 0.004557291666666667
0 0.18701171875 0.794921875 0.00390625 0.006510416666666667
0 0.207275390625 0.720703125 0.00732421875 0.022135416666666668
0 0.2822265625 0.5651041666666666 0.0068359375 0.010416666666666666
0 0.285400390625 0.5458984375 0.00732421875 0.009765625
0 0.34521484375 0.5540364583333334 0.0048828125 0.014322916666666666
0 0.285888671875 0.5348307291666666 0.00537109375 0.012369791666666666
0 0.28125 0.572265625 0.00390625 0.006510416666666667
