0 0.53076171875 0.7740885416666666 0.00390625 0.0026041666666666665
0 0.861572265625 0.8597005208333334 0.00732421875 0.008463541666666666
0 0.71630859375 0.640625 0.01171875 0.005208333333333333
0 0.81005859375 0.8645833333333334 0.009765625 0.0026041666666666665
0 0.792236328125 0.8597005208333334 0.00830078125 0.007161458333333333
0 0.542236328125 0.853515625 0.00537109375 0.005208333333333333
0 0.744140625 0.8343098958333334 0.005859375 0.0032552083333333335
0 0.5869140625 0.8564453125 0.0068359375 0.007161458333333333
0 0.581298828125 0.8548177083333334 0.00439453125 0.0078125
0 0.576416015625 0.8548177083333334 0.00732421875 0.009114583333333334
0 0.71728515625 0.8372395833333334 0.0068359375 0.00390625
0 0.5029296875 0.7721354166666666 0.005859375 0.006510416666666667
0 0.54931640625 0.8489583333333334 0.005859375 0.0078125
0 0.47900390625 0.7646484375 0.005859375 0.004557291666666667
0 0.30126953125 0.7574869791666666 0.009765625 0.005859375
0 0.400634765625 0.7555338541666666 0.01123046875 0.005859375
0 0.40625 0.7766927083333334 0.0078125 0.005208333333333333
0 0.69091796875 0.626953125 0.009765625 0.009114583333333334
0 0.66748046875 0.6272786458333334 0.015625 0.009765625
0 0.696044921875 0.7565104166666666 0.00830078125 0.005208333333333333
0 0.713134765625 0.7633463541666666 0.01220703125 0.009765625
0 0.779541015625 0.751953125 0.00830078125 0.006510416666666667
0 0.19482421875 0.7688802083333334 0.0078125 0.0078125
0 0.2060546875 0.7649739583333334 0.009765625 0.0078125
0 0.264892578125 0.7718098958333334 0.01611328125 0.013671875
0 0.281494140625 0.7568359375 0.01318359375 0.005859375
0 0.768310546875 0.7552083333333334 0.00927734375 0.010416666666666666
0 0.69921875 0.6321614583333334 0.009765625 0.01171875
0 0.753173828125 0.837890625 0.00732421875 0.005208333333333333
0 0.8427734375 0.6155598958333334 0.0107421875 0.005859375
0 0.760986328125 0.7542317708333334 0.00634765625 0.009765625
0 0.75 0.6419270833333334 0.0107421875 0.006510416666666667
0 0.6962890625 0.3577473958333333 0.0087890625 0.007161458333333333
0 0.768798828125 0.6422526041666666 0.01025390625 0.005859375
0 0.77978515625 0.6422526041666666 0.0107421875 0.007161458333333333
0 0.792236328125 0.642578125 0.01416015625 0.0078125
0 0.771728515625 0.6168619791666666 0.01220703125 0.004557291666666667
0 0.740234375 0.6168619791666666 0.0107421875 0.0032552083333333335
0 0.585205078125 0.5524088541666666 0.00537109375 0.007161458333333333
0 0.598388671875 0.5514322916666666 0.00830078125 0.009114583333333334
0 0.579833984375 0.54296875 0.01025390625 0.014322916666666666
0 0.6474609375 0.55078125 0.009765625 0.006510416666666667
0 0.69482421875 0.5621744791666666 0.0078125 0.0032552083333333335
0 0.662109375 0.4583333333333333 0.0107421875 0.006510416666666667
0 0.650634765625 0.451171875 0.00927734375 0.006510416666666667
0 0.6484375 0.4593098958333333 0.009765625 0.007161458333333333
0 0.82568359375 0.62109375 0.0087890625 0.006510416666666667
0 0.6142578125 0.4407552083333333 0.01171875 0.00390625
0 0.64208984375 0.4544270833333333 0.0078125 0.009114583333333334
0 0.47607421875 0.8564453125 0.00390625 0.008463541666666666
0 0.480712890625 0.8551432291666666 0.00537109375 0.008463541666666666
0 0.65966796875 0.3662109375 0.0078125 0.007161458333333333
0 0.669189453125 0.3642578125 0.00439453125 0.004557291666666667
0 0.670166015625 0.3658854166666667 0.00341796875 0.0026041666666666665
0 0.50634765625 0.3684895833333333 0.0048828125 0.006510416666666667
0 0.690185546875 0.3548177083333333 0.00927734375 0.00390625
0 0.69580078125 0.3675130208333333 0.01171875 0.009765625
0 0.6796875 0.357421875 0.01171875 0.006510416666666667
0 0.563232421875 0.4469401041666667 0.01025390625 0.009765625
0 0.57373046875 0.4456380208333333 0.009765625 0.008463541666666666
0 0.685302734375 0.36328125 0.01123046875 0.01171875
