0 0.788330078125 0.3125 0.00537109375 0.010416666666666666
0 0.423583984375 0.3723958333333333 0.00634765625 0.009114583333333334
0 0.78515625 0.3450520833333333 0.001953125 0.0078125
0 0.7822265625 0.11653645833333333 0.0029296875 0.0078125
0 0.791748046875 0.1142578125 0.00732421875 0.018880208333333332
0 0.53515625 0.7281901041666666 0.005859375 0.021484375
0 0.416015625 0.4983723958333333 0.001953125 0.004557291666666667
0 0.41552734375 0.5026041666666666 0.001953125 0.005208333333333333
0 0.416015625 0.5087890625 0.001953125 0.004557291666666667
0 0.421630859375 0.521484375 0.00341796875 0.009114583333333334
0 0.548828125 0.73046875 0.005859375 0.018229166666666668
0 0.543701171875 0.7350260416666666 0.00927734375 0.022135416666666668
0 0.425537109375 0.490234375 0.00244140625 0.0078125
0 0.79296875 0.3209635416666667 0.00390625 0.01171875
0 0.54443359375 0.6901041666666666 0.0078125 0.016927083333333332
0 0.5478515625 0.6774088541666666 0.0068359375 0.016276041666666668
0 0.53125 0.65625 0.001953125 0.01171875
0 0.543212890625 0.6363932291666666 0.00537109375 0.014973958333333334
0 0.5458984375 0.6116536458333334 0.0029296875 0.011067708333333334
0 0.645751953125 0.7350260416666666 0.00634765625 0.015625
0 0.5546875 0.7731119791666666 0.0029296875 0.014973958333333334
0 0.42724609375 0.455078125 0.0029296875 0.009114583333333334
0 0.696044921875 0.265625 0.00634765625 0.016927083333333332
0 0.78955078125 0.3173828125 0.00390625 0.005859375
0 0.556396484375 0.7880859375 0.00244140625 0.012369791666666666
0 0.78955078125 0.328125 0.005859375 0.014322916666666666
0 0.79833984375 0.3323567708333333 0.005859375 0.013671875
0 0.4208984375 0.3382161458333333 0.0068359375 0.013671875
0 0.344970703125 0.3349609375 0.00537109375 0.009765625
0 0.3447265625 0.3587239583333333 0.0078125 0.010416666666666666
0 0.267578125 0.4622395833333333 0.00390625 0.0078125
0 0.262939453125 0.318359375 0.00341796875 0.018229166666666668
0 0.26904296875 0.3251953125 0.0078125 0.013671875
0 0.268798828125 0.3154296875 0.00634765625 0.009765625
0 0.421630859375 0.3548177083333333 0.00537109375 0.01171875
0 0.41845703125 0.3697916666666667 0.0029296875 0.005208333333333333
0 0.7939453125 0.3414713541666667 0.00390625 0.007161458333333333
0 0.26806640625 0.3375651041666667 0.001953125 0.004557291666666667
0 0.77978515625 0.14453125 0.001953125 0.013020833333333334
0 0.793701171875 0.1884765625 0.00634765625 0.016276041666666668
0 0.795654296875 0.2711588541666667 0.00634765625 0.017578125
0 0.782958984375 0.2825520833333333 0.00244140625 0.013020833333333334
0 0.81494140625 0.7115885416666666 0.001953125 0.01171875
0 0.806640625 0.6868489583333334 0.0068359375 0.015625
0 0.805419921875 0.6656901041666666 0.00341796875 0.007161458333333333
0 0.784912109375 0.1376953125 0.00634765625 0.017578125
0 0.794921875 0.5139973958333334 0.001953125 0.005859375
0 0.7890625 0.3684895833333333 0.005859375 0.013020833333333334
0 0.420654296875 0.3873697916666667 0.00634765625 0.010416666666666666
