0 0.317626953125 0.1552734375 0.01220703125 0.020182291666666668
0 0.3212890625 0.12076822916666667 0.0126953125 0.027994791666666668
0 0.30078125 0.11848958333333333 0.0078125 0.018229166666666668
0 0.296630859375 0.13313802083333334 0.00634765625 0.020182291666666668
0 0.33203125 0.0419921875 0.0078125 0.020182291666666668
0 0.332763671875 0.061197916666666664 0.00537109375 0.0234375
0 0.288818359375 0.2490234375 0.00537109375 0.026692708333333332
0 0.640380859375 0.572265625 0.00732421875 0.015625
0 0.267578125 0.23665364583333334 0.005859375 0.021484375
0 0.665771484375 0.3743489583333333 0.00634765625 0.018229166666666668
0 0.232177734375 0.0927734375 0.01025390625 0.017578125
0 0.227783203125 0.2858072916666667 0.00537109375 0.01171875
0 0.517578125 0.9908854166666666 0.009765625 0.018229166666666668
0 0.5107421875 0.9973958333333334 0.0029296875 0.005208333333333333
0 0.510498046875 0.486328125 0.00341796875 0.0078125
0 0.523193359375 0.5091145833333334 0.00341796875 0.0078125
0 0.334228515625 0.5299479166666666 0.00732421875 0.0234375
0 0.32568359375 0.14615885416666666 0.0078125 0.025390625
0 0.2919921875 0.23567708333333334 0.005859375 0.01953125
0 0.31689453125 0.2314453125 0.0146484375 0.029296875
0 0.66064453125 0.4534505208333333 0.0068359375 0.020182291666666668
0 0.65087890625 0.4892578125 0.0078125 0.017578125
0 0.258056640625 0.4404296875 0.00927734375 0.020182291666666668
0 0.2578125 0.48046875 0.005859375 0.009114583333333334
0 0.2568359375 0.5374348958333334 0.009765625 0.025390625
0 0.26318359375 0.5589192708333334 0.0078125 0.017578125
0 0.480224609375 0.6969401041666666 0.00244140625 0.008463541666666666
0 0.251708984375 0.5735677083333334 0.00634765625 0.010416666666666666
0 0.287353515625 0.33203125 0.00634765625 0.016927083333333332
0 0.3173828125 0.3069661458333333 0.0126953125 0.030598958333333332
0 0.31884765625 0.2825520833333333 0.017578125 0.026041666666666668
0 0.2861328125 0.30078125 0.0048828125 0.020833333333333332
0 0.29150390625 0.2893880208333333 0.0068359375 0.016276041666666668
0 0.322265625 0.25 0.0087890625 0.03125
0 0.234130859375 0.3743489583333333 0.00927734375 0.016927083333333332
0 0.313720703125 0.2571614583333333 0.00830078125 0.020833333333333332
0 0.290283203125 0.22102864583333334 0.00439453125 0.018880208333333332
0 0.29541015625 0.1845703125 0.0078125 0.022786458333333332
0 0.43798828125 0.20963541666666666 0.0068359375 0.022135416666666668
0 0.261474609375 0.18977864583333334 0.00244140625 0.008463541666666666
0 0.296630859375 0.22884114583333334 0.00439453125 0.018880208333333332
0 0.2705078125 0.4384765625 0.0029296875 0.017578125
0 0.225341796875 0.4798177083333333 0.00341796875 0.006510416666666667
0 0.23974609375 0.8876953125 0.00390625 0.012369791666666666
0 0.308349609375 0.011393229166666666 0.00830078125 0.018880208333333332
0 0.270263671875 0.4560546875 0.00244140625 0.013671875
0 0.2265625 0.2998046875 0.0029296875 0.016276041666666668
0 0.248291015625 0.11197916666666667 0.00732421875 0.010416666666666666
0 0.267578125 0.4527994791666667 0.001953125 0.008463541666666666
0 0.275390625 0.059895833333333336 0.00390625 0.028645833333333332
0 0.26220703125 0.036458333333333336 0.01171875 0.028645833333333332
0 0.2607421875 0.20084635416666666 0.0029296875 0.009765625
0 0.2587890625 0.21223958333333334 0.00390625 0.010416666666666666
0 0.26416015625 0.3365885416666667 0.0029296875 0.0078125
0 0.322265625 0.21712239583333334 0.009765625 0.014973958333333334
0 0.24462890625 0.10091145833333333 0.009765625 0.01171875
0 0.6669921875 0.3971354166666667 0.0048828125 0.015625
0 0.26953125 0.14095052083333334 0.0068359375 0.024088541666666668
0 0.658447265625 0.2841796875 0.01220703125 0.034505208333333336
0 0.2578125 0.5205078125 0.0078125 0.009765625
0 0.251220703125 0.5198567708333334 0.00830078125 0.012369791666666666
0 0.263671875 0.3030598958333333 0.0087890625 0.024088541666666668
0 0.266845703125 0.18912760416666666 0.00927734375 0.021484375
0 0.273193359375 0.18489583333333334 0.00537109375 0.014322916666666666
0 0.2587890625 0.10123697916666667 0.0078125 0.009765625
0 0.927978515625 0.2711588541666667 0.00537109375 0.014973958333333334
0 0.906494140625 0.09375 0.00341796875 0.009114583333333334
0 0.908447265625 0.1005859375 0.00341796875 0.008463541666666666
0 0.906494140625 0.1171875 0.00244140625 0.006510416666666667
0 0.6484375 0.6741536458333334 0.0029296875 0.008463541666666666
0 0.669677734375 0.3483072916666667 0.00341796875 0.01171875
0 0.26953125 0.3186848958333333 0.005859375 0.025390625
0 0.245849609375 0.2880859375 0.01611328125 0.025390625
0 0.28857421875 0.267578125 0.0048828125 0.015625
0 0.33251953125 0.020182291666666668 0.0068359375 0.0234375
0 0.267333984375 0.023763020833333332 0.00341796875 0.012369791666666666
0 0.2490234375 0.529296875 0.005859375 0.0078125
0 0.24951171875 0.5348307291666666 0.00390625 0.005859375
0 0.372802734375 0.3902994791666667 0.00537109375 0.018880208333333332
0 0.62890625 0.3889973958333333 0.0068359375 0.033203125
0 0.23291015625 0.185546875 0.0087890625 0.018229166666666668
0 0.5244140625 0.4205729166666667 0.0087890625 0.014322916666666666
0 0.231201171875 0.22819010416666666 0.01025390625 0.034505208333333336
0 0.233154296875 0.2737630208333333 0.01220703125 0.026692708333333332
0 0.265625 0.2809244791666667 0.0078125 0.016276041666666668
0 0.263427734375 0.2535807291666667 0.00537109375 0.013671875
0 0.8349609375 0.8304036458333334 0.0126953125 0.024088541666666668
0 0.833984375 0.857421875 0.009765625 0.022135416666666668
0 0.832275390625 0.8896484375 0.01513671875 0.034505208333333336
0 0.259033203125 0.23046875 0.01025390625 0.024739583333333332
0 0.827392578125 0.8997395833333334 0.01123046875 0.026041666666666668
0 0.736083984375 0.5322265625 0.00537109375 0.013671875
0 0.51708984375 0.951171875 0.001953125 0.0078125
0 0.548095703125 0.9651692708333334 0.00732421875 0.016276041666666668
0 0.36474609375 0.8063151041666666 0.01171875 0.014973958333333334
0 0.261962890625 0.369140625 0.00537109375 0.010416666666666666
0 0.26611328125 0.3704427083333333 0.0029296875 0.006510416666666667
0 0.266357421875 0.359375 0.00634765625 0.016927083333333332
0 0.635009765625 0.6858723958333334 0.01220703125 0.018880208333333332
0 0.262939453125 0.3841145833333333 0.00634765625 0.016927083333333332
0 0.27099609375 0.22981770833333334 0.0078125 0.01953125
0 0.267822265625 0.20377604166666666 0.00927734375 0.018229166666666668
0 0.264404296875 0.15169270833333334 0.00634765625 0.009114583333333334
0 0.26953125 0.2958984375 0.0048828125 0.014973958333333334
0 0.8251953125 0.765625 0.0107421875 0.015625
0 0.83349609375 0.7776692708333334 0.013671875 0.022786458333333332
0 0.830810546875 0.7535807291666666 0.01611328125 0.025390625
0 0.734619140625 0.1318359375 0.01123046875 0.026692708333333332
0 0.754150390625 0.24544270833333334 0.01416015625 0.033854166666666664
0 0.26611328125 0.21647135416666666 0.0087890625 0.021484375
0 0.64111328125 0.6982421875 0.009765625 0.020182291666666668
0 0.6376953125 0.5123697916666666 0.0068359375 0.016927083333333332
0 0.240234375 0.0966796875 0.0087890625 0.012369791666666666
0 0.258056640625 0.11783854166666667 0.01416015625 0.029947916666666668
0 0.25927734375 0.16471354166666666 0.01171875 0.029947916666666668
0 0.271728515625 0.1650390625 0.01025390625 0.017578125
0 0.275390625 0.15169270833333334 0.00390625 0.020833333333333332
0 0.422607421875 0.2981770833333333 0.00537109375 0.015625
0 0.634765625 0.5553385416666666 0.0126953125 0.0234375
0 0.258056640625 0.37890625 0.00341796875 0.010416666666666666
0 0.27001953125 0.2646484375 0.005859375 0.017578125
0 0.226806640625 0.3291015625 0.00732421875 0.033203125
0 0.673095703125 0.248046875 0.00732421875 0.03125
0 0.639892578125 0.2421875 0.00537109375 0.020833333333333332
0 0.646240234375 0.23372395833333334 0.01123046875 0.029947916666666668
0 0.645751953125 0.20377604166666666 0.00634765625 0.016927083333333332
0 0.676513671875 0.0400390625 0.01220703125 0.035807291666666664
0 0.595458984375 0.19466145833333334 0.00537109375 0.016927083333333332
0 0.51318359375 0.9781901041666666 0.0068359375 0.021484375
0 0.5322265625 0.9459635416666666 0.0087890625 0.01953125
0 0.5419921875 0.9889322916666666 0.0126953125 0.022135416666666668
0 0.47119140625 0.7936197916666666 0.00390625 0.026041666666666668
0 0.48828125 0.5693359375 0.0048828125 0.011067708333333334
0 0.4833984375 0.6015625 0.0029296875 0.010416666666666666
0 0.261962890625 0.4013671875 0.00341796875 0.005859375
0 0.52099609375 0.5270182291666666 0.005859375 0.012369791666666666
0 0.53515625 0.455078125 0.00390625 0.01953125
0 0.5361328125 0.4306640625 0.0048828125 0.016276041666666668
0 0.51220703125 0.4348958333333333 0.013671875 0.01953125
0 0.665283203125 0.24739583333333334 0.00927734375 0.032552083333333336
0 0.634521484375 0.2828776041666667 0.00537109375 0.035807291666666664
0 0.522705078125 0.6139322916666666 0.00439453125 0.018229166666666668
0 0.643310546875 0.3108723958333333 0.01513671875 0.033203125
0 0.64111328125 0.28125 0.0126953125 0.032552083333333336
0 0.726806640625 0.3203125 0.00537109375 0.014322916666666666
0 0.244384765625 0.328125 0.00439453125 0.009114583333333334
0 0.900634765625 0.18196614583333334 0.01220703125 0.024088541666666668
0 0.912109375 0.3714192708333333 0.0087890625 0.021484375
0 0.262939453125 0.08756510416666667 0.01025390625 0.024088541666666668
0 0.2333984375 0.12239583333333333 0.0107421875 0.022135416666666668
0 0.2353515625 0.107421875 0.0107421875 0.014322916666666666
0 0.910888671875 0.052408854166666664 0.01318359375 0.024088541666666668
0 0.91943359375 0.4521484375 0.0087890625 0.027994791666666668
0 0.912109375 0.4498697916666667 0.009765625 0.0234375
0 0.903076171875 0.6995442708333334 0.01025390625 0.024088541666666668
0 0.24169921875 0.3336588541666667 0.0048828125 0.009765625
0 0.6416015625 0.6650390625 0.0048828125 0.009765625
0 0.232666015625 0.357421875 0.00732421875 0.015625
0 0.92333984375 0.3974609375 0.0068359375 0.024088541666666668
0 0.2265625 0.3971354166666667 0.005859375 0.026041666666666668
