0 0.5830078125 0.4807942708333333 0.005859375 0.009765625
0 0.5888671875 0.4733072916666667 0.0029296875 0.020833333333333332
0 0.31591796875 0.4420572916666667 0.00390625 0.010416666666666666
0 0.4951171875 0.4641927083333333 0.005859375 0.01171875
0 0.576904296875 0.6956380208333334 0.00732421875 0.024088541666666668
0 0.3095703125 0.3753255208333333 0.0078125 0.012369791666666666
0 0.581787109375 0.4915364583333333 0.01123046875 0.014322916666666666
0 0.4267578125 0.6194661458333334 0.0048828125 0.012369791666666666
0 0.4931640625 0.4544270833333333 0.0029296875 0.0078125
0 0.489013671875 0.2978515625 0.00341796875 0.017578125
0 0.57958984375 0.5123697916666666 0.009765625 0.018229166666666668
0 0.57666015625 0.4567057291666667 0.00390625 0.009765625
0 0.588134765625 0.4085286458333333 0.00439453125 0.012369791666666666
0 0.5771484375 0.5358072916666666 0.005859375 0.009114583333333334
0 0.5791015625 0.5260416666666666 0.0087890625 0.015625
0 0.5810546875 0.5432942708333334 0.0068359375 0.011067708333333334
0 0.5830078125 0.5592447916666666 0.00390625 0.0078125
0 0.58154296875 0.5035807291666666 0.0087890625 0.013671875
0 0.58154296875 0.5869140625 0.0048828125 0.014973958333333334
0 0.311279296875 0.4029947916666667 0.00341796875 0.006510416666666667
0 0.498779296875 0.38671875 0.00244140625 0.005208333333333333
0 0.31005859375 0.3971354166666667 0.0048828125 0.0078125
0 0.58544921875 0.568359375 0.0048828125 0.009114583333333334
0 0.300048828125 0.4192708333333333 0.00439453125 0.0234375
0 0.30859375 0.4212239583333333 0.0068359375 0.018229166666666668
0 0.490478515625 0.3362630208333333 0.00537109375 0.017578125
0 0.30126953125 0.3287760416666667 0.005859375 0.010416666666666666
0 0.494140625 0.3597005208333333 0.005859375 0.017578125
0 0.495361328125 0.3763020833333333 0.00830078125 0.014322916666666666
0 0.491943359375 0.3883463541666667 0.00439453125 0.011067708333333334
0 0.487060546875 0.3870442708333333 0.00146484375 0.017578125
0 0.499267578125 0.4134114583333333 0.00537109375 0.014322916666666666
0 0.492919921875 0.4267578125 0.00439453125 0.009765625
0 0.4990234375 0.4384765625 0.005859375 0.011067708333333334
0 0.488037109375 0.3616536458333333 0.00244140625 0.012369791666666666
0 0.423828125 0.5693359375 0.005859375 0.009765625
0 0.490966796875 0.2955729166666667 0.00439453125 0.013020833333333334
0 0.3046875 0.4755859375 0.0107421875 0.020182291666666668
0 0.48681640625 0.4195963541666667 0.001953125 0.012369791666666666
0 0.306396484375 0.4918619791666667 0.01025390625 0.017578125
0 0.3046875 0.4606119791666667 0.0078125 0.009765625
0 0.440673828125 0.646484375 0.00439453125 0.013020833333333334
0 0.42236328125 0.6158854166666666 0.0029296875 0.010416666666666666
0 0.435791015625 0.6510416666666666 0.00537109375 0.013020833333333334
0 0.304931640625 0.3489583333333333 0.00732421875 0.014322916666666666
0 0.5830078125 0.4807942708333333 0.005859375 0.009765625
0 0.5888671875 0.4733072916666667 0.0029296875 0.020833333333333332
0 0.31591796875 0.4420572916666667 0.00390625 0.010416666666666666
0 0.4951171875 0.4641927083333333 0.005859375 0.01171875
0 0.576904296875 0.6956380208333334 0.00732421875 0.024088541666666668
0 0.3095703125 0.3753255208333333 0.0078125 0.012369791666666666
0 0.581787109375 0.4915364583333333 0.01123046875 0.014322916666666666
0 0.4267578125 0.6194661458333334 0.0048828125 0.012369791666666666
0 0.4931640625 0.4544270833333333 0.0029296875 0.0078125
0 0.489013671875 0.2978515625 0.00341796875 0.017578125
0 0.57958984375 0.5123697916666666 0.009765625 0.018229166666666668
0 0.57666015625 0.4567057291666667 0.00390625 0.009765625
0 0.588134765625 0.4085286458333333 0.00439453125 0.012369791666666666
0 0.5771484375 0.5358072916666666 0.005859375 0.009114583333333334
0 0.5791015625 0.5260416666666666 0.0087890625 0.015625
0 0.5810546875 0.5432942708333334 0.0068359375 0.011067708333333334
0 0.5830078125 0.5592447916666666 0.00390625 0.0078125
0 0.58154296875 0.5035807291666666 0.0087890625 0.013671875
0 0.58154296875 0.5869140625 0.0048828125 0.014973958333333334
0 0.311279296875 0.4029947916666667 0.00341796875 0.006510416666666667
0 0.498779296875 0.38671875 0.00244140625 0.005208333333333333
0 0.31005859375 0.3971354166666667 0.0048828125 0.0078125
0 0.58544921875 0.568359375 0.0048828125 0.009114583333333334
0 0.300048828125 0.4192708333333333 0.00439453125 0.0234375
0 0.30859375 0.4212239583333333 0.0068359375 0.018229166666666668
0 0.490478515625 0.3362630208333333 0.00537109375 0.017578125
0 0.30126953125 0.3287760416666667 0.005859375 0.010416666666666666
0 0.494140625 0.3597005208333333 0.005859375 0.017578125
0 0.495361328125 0.3763020833333333 0.00830078125 0.014322916666666666
0 0.491943359375 0.3883463541666667 0.00439453125 0.011067708333333334
0 0.487060546875 0.3870442708333333 0.00146484375 0.017578125
0 0.499267578125 0.4134114583333333 0.00537109375 0.014322916666666666
0 0.492919921875 0.4267578125 0.00439453125 0.009765625
0 0.4990234375 0.4384765625 0.005859375 0.011067708333333334
0 0.488037109375 0.3616536458333333 0.00244140625 0.012369791666666666
0 0.423828125 0.5693359375 0.005859375 0.009765625
0 0.490966796875 0.2955729166666667 0.00439453125 0.013020833333333334
0 0.3046875 0.4755859375 0.0107421875 0.020182291666666668
0 0.48681640625 0.4195963541666667 0.001953125 0.012369791666666666
0 0.306396484375 0.4918619791666667 0.01025390625 0.017578125
0 0.3046875 0.4606119791666667 0.0078125 0.009765625
0 0.440673828125 0.646484375 0.00439453125 0.013020833333333334
0 0.42236328125 0.6158854166666666 0.0029296875 0.010416666666666666
0 0.435791015625 0.6510416666666666 0.00537109375 0.013020833333333334
0 0.304931640625 0.3489583333333333 0.00732421875 0.014322916666666666
