0 0.209716796875 0.57421875 0.00830078125 0.022135416666666668
0 0.19580078125 0.5465494791666666 0.009765625 0.018880208333333332
0 0.19140625 0.5797526041666666 0.005859375 0.016276041666666668
0 0.49755859375 0.6136067708333334 0.005859375 0.017578125
0 0.60302734375 0.5908203125 0.001953125 0.014973958333333334
0 0.20166015625 0.5657552083333334 0.009765625 0.01953125
0 0.19970703125 0.5836588541666666 0.0078125 0.014973958333333334
0 0.206787109375 0.5699869791666666 0.00927734375 0.022786458333333332
0 0.610595703125 0.5634765625 0.00439453125 0.013671875
0 0.194091796875 0.5618489583333334 0.00830078125 0.013020833333333334
0 0.29296875 0.4954427083333333 0.005859375 0.01171875
0 0.61083984375 0.5891927083333334 0.0029296875 0.005208333333333333
0 0.609619140625 0.7021484375 0.00634765625 0.016276041666666668
0 0.488037109375 0.7174479166666666 0.00537109375 0.015625
0 0.28369140625 0.7447916666666666 0.0068359375 0.015625
0 0.192138671875 0.5699869791666666 0.00634765625 0.012369791666666666
0 0.48779296875 0.5384114583333334 0.0068359375 0.018229166666666668
0 0.626220703125 0.671875 0.00244140625 0.020833333333333332
