0 0.31982421875 0.4127604166666667 0.00390625 0.01953125
0 0.31494140625 0.8125 0.00390625 0.013020833333333334
0 0.232421875 0.4951171875 0.005859375 0.017578125
0 0.1279296875 0.5149739583333334 0.0029296875 0.005208333333333333
0 0.12939453125 0.4967447916666667 0.0029296875 0.005208333333333333
0 0.238037109375 0.7623697916666666 0.01123046875 0.037760416666666664
0 0.398193359375 0.7708333333333334 0.00244140625 0.010416666666666666
0 0.242919921875 0.5035807291666666 0.00439453125 0.011067708333333334
0 0.2275390625 0.6656901041666666 0.00390625 0.021484375
0 0.242431640625 0.5139973958333334 0.00537109375 0.008463541666666666
0 0.301513671875 0.6100260416666666 0.00634765625 0.015625
0 0.308837890625 0.8434244791666666 0.00927734375 0.017578125
0 0.2392578125 0.4775390625 0.0068359375 0.014973958333333334
0 0.239990234375 0.4534505208333333 0.00634765625 0.016276041666666668
0 0.242431640625 0.8033854166666666 0.00732421875 0.014322916666666666
0 0.39501953125 0.7822265625 0.0068359375 0.012369791666666666
0 0.4013671875 0.5953776041666666 0.0029296875 0.008463541666666666
0 0.4853515625 0.7001953125 0.0029296875 0.013671875
0 0.39453125 0.7503255208333334 0.0068359375 0.014973958333333334
0 0.394287109375 0.73828125 0.00927734375 0.009114583333333334
0 0.392578125 0.703125 0.0078125 0.01953125
0 0.388916015625 0.6988932291666666 0.00439453125 0.014973958333333334
0 0.39599609375 0.7249348958333334 0.005859375 0.018880208333333332
0 0.3818359375 0.7249348958333334 0.0029296875 0.012369791666666666
0 0.475830078125 0.7275390625 0.00634765625 0.014973958333333334
0 0.383544921875 0.6780598958333334 0.00341796875 0.009765625
0 0.399169921875 0.6712239583333334 0.00439453125 0.013020833333333334
0 0.400390625 0.6904296875 0.00390625 0.016276041666666668
0 0.39794921875 0.62890625 0.0048828125 0.013020833333333334
0 0.392578125 0.6305338541666666 0.0048828125 0.012369791666666666
0 0.393310546875 0.4222005208333333 0.00341796875 0.009765625
0 0.4716796875 0.6829427083333334 0.005859375 0.016927083333333332
0 0.3916015625 0.6767578125 0.005859375 0.005859375
0 0.3037109375 0.5885416666666666 0.0078125 0.014322916666666666
0 0.23779296875 0.7848307291666666 0.005859375 0.007161458333333333
0 0.310302734375 0.7197265625 0.00732421875 0.011067708333333334
0 0.615234375 0.6442057291666666 0.0048828125 0.016276041666666668
0 0.3837890625 0.73046875 0.0029296875 0.013020833333333334
0 0.554931640625 0.48046875 0.00732421875 0.013020833333333334
0 0.56494140625 0.4055989583333333 0.0068359375 0.0234375
0 0.5576171875 0.38671875 0.0048828125 0.018229166666666668
0 0.552734375 0.4723307291666667 0.0048828125 0.011067708333333334
0 0.396484375 0.69140625 0.0029296875 0.0078125
0 0.128662109375 0.5052083333333334 0.00244140625 0.006510416666666667
0 0.40283203125 0.6500651041666666 0.0009765625 0.005859375
0 0.39794921875 0.6536458333333334 0.0029296875 0.005208333333333333
0 0.384765625 0.6292317708333334 0.00390625 0.009765625
0 0.399658203125 0.546875 0.00439453125 0.006510416666666667
0 0.38232421875 0.6481119791666666 0.001953125 0.004557291666666667
0 0.0625 0.6175130208333334 0.005859375 0.012369791666666666
0 0.385009765625 0.7086588541666666 0.00634765625 0.018880208333333332
0 0.55078125 0.5003255208333334 0.00390625 0.011067708333333334
0 0.550537109375 0.4889322916666667 0.00146484375 0.006510416666666667
0 0.4033203125 0.64453125 0.0009765625 0.00390625
0 0.48095703125 0.7255859375 0.00390625 0.012369791666666666
0 0.470703125 0.744140625 0.0029296875 0.0078125
0 0.470947265625 0.759765625 0.00537109375 0.016927083333333332
0 0.484619140625 0.7392578125 0.00341796875 0.013671875
0 0.40380859375 0.6116536458333334 0.0029296875 0.005859375
0 0.550537109375 0.5110677083333334 0.00439453125 0.009114583333333334
0 0.302001953125 0.7386067708333334 0.00634765625 0.016276041666666668
0 0.4033203125 0.666015625 0.001953125 0.010416666666666666
0 0.47607421875 0.7744140625 0.001953125 0.005859375
0 0.55810546875 0.4671223958333333 0.0048828125 0.007161458333333333
0 0.548095703125 0.50390625 0.00146484375 0.010416666666666666
0 0.5517578125 0.515625 0.001953125 0.006510416666666667
0 0.557861328125 0.5133463541666666 0.00341796875 0.007161458333333333
0 0.555419921875 0.5162760416666666 0.00146484375 0.005208333333333333
0 0.555908203125 0.564453125 0.00341796875 0.010416666666666666
