0 0.564697265625 0.4710286458333333 0.00732421875 0.008463541666666666
0 0.567626953125 0.4466145833333333 0.00830078125 0.016927083333333332
0 0.473388671875 0.373046875 0.00146484375 0.006510416666666667
0 0.4755859375 0.3463541666666667 0.0029296875 0.006510416666666667
0 0.423095703125 0.5045572916666666 0.00341796875 0.009114583333333334
0 0.4912109375 0.3824869791666667 0.001953125 0.017578125
0 0.40869140625 0.21940104166666666 0.00390625 0.010416666666666666
0 0.568359375 0.46484375 0.0029296875 0.009114583333333334
0 0.476806640625 0.35546875 0.00244140625 0.0078125
0 0.56494140625 0.4990234375 0.0087890625 0.022786458333333332
0 0.549560546875 0.3990885416666667 0.00439453125 0.013020833333333334
0 0.61328125 0.6292317708333334 0.0087890625 0.018880208333333332
0 0.566162109375 0.4055989583333333 0.00634765625 0.01171875
0 0.56640625 0.6162109375 0.00390625 0.009765625
0 0.627685546875 0.6067708333333334 0.00634765625 0.0078125
0 0.621826171875 0.6311848958333334 0.00341796875 0.009765625
0 0.61279296875 0.6682942708333334 0.00390625 0.005859375
0 0.61572265625 0.6380208333333334 0.0078125 0.016927083333333332
0 0.62158203125 0.66015625 0.009765625 0.020833333333333332
0 0.623046875 0.646484375 0.0107421875 0.010416666666666666
0 0.63134765625 0.6331380208333334 0.00390625 0.012369791666666666
0 0.61767578125 0.6481119791666666 0.0048828125 0.005859375
