0 0.35888671875 0.400390625 0.0029296875 0.0078125
0 0.35986328125 0.4270833333333333 0.001953125 0.005208333333333333
0 0.358154296875 0.4235026041666667 0.00146484375 0.004557291666666667
0 0.359130859375 0.4130859375 0.00146484375 0.004557291666666667
0 0.351806640625 0.5328776041666666 0.00341796875 0.005859375
0 0.362548828125 0.3929036458333333 0.00244140625 0.009765625
0 0.357421875 0.4375 0.0029296875 0.009114583333333334
0 0.357421875 0.4661458333333333 0.0029296875 0.010416666666666666
0 0.360107421875 0.4485677083333333 0.00244140625 0.009114583333333334
0 0.361083984375 0.4365234375 0.00244140625 0.011067708333333334
0 0.35498046875 0.4661458333333333 0.001953125 0.006510416666666667
