0 0.24072265625 0.5358072916666666 0.005859375 0.01171875
0 0.685791015625 0.6383463541666666 0.00634765625 0.013671875
0 0.247314453125 0.609375 0.00439453125 0.010416666666666666
0 0.27294921875 0.6998697916666666 0.00390625 0.01171875
0 0.274169921875 0.7132161458333334 0.00439453125 0.012369791666666666
0 0.265869140625 0.7132161458333334 0.00634765625 0.007161458333333333
0 0.250244140625 0.5003255208333334 0.00537109375 0.013671875
0 0.275390625 0.7213541666666666 0.00390625 0.015625
0 0.270751953125 0.6878255208333334 0.00439453125 0.008463541666666666
0 0.239501953125 0.4853515625 0.00634765625 0.009765625
0 0.240966796875 0.5270182291666666 0.00634765625 0.011067708333333334
0 0.597900390625 0.6005859375 0.00537109375 0.009765625
0 0.599609375 0.609375 0.005859375 0.013020833333333334
0 0.552490234375 0.5716145833333334 0.00439453125 0.014322916666666666
0 0.263427734375 0.7307942708333334 0.00830078125 0.012369791666666666
0 0.556640625 0.6529947916666666 0.0048828125 0.013020833333333334
0 0.456298828125 0.6165364583333334 0.00537109375 0.014322916666666666
0 0.45166015625 0.6194661458333334 0.0029296875 0.008463541666666666
0 0.26220703125 0.6640625 0.0048828125 0.006510416666666667
0 0.26513671875 0.7174479166666666 0.0048828125 0.0078125
0 0.267822265625 0.6761067708333334 0.00537109375 0.005859375
0 0.690185546875 0.6624348958333334 0.00634765625 0.013671875
0 0.258544921875 0.7164713541666666 0.00439453125 0.013671875
0 0.5205078125 0.759765625 0.0078125 0.014322916666666666
0 0.260986328125 0.7194010416666666 0.00537109375 0.013020833333333334
0 0.268798828125 0.6819661458333334 0.00537109375 0.008463541666666666
0 0.266357421875 0.7255859375 0.00537109375 0.011067708333333334
0 0.5087890625 0.7102864583333334 0.0078125 0.018229166666666668
0 0.608642578125 0.6077473958333334 0.00146484375 0.007161458333333333
0 0.599365234375 0.5481770833333334 0.00341796875 0.013020833333333334
0 0.68798828125 0.6471354166666666 0.005859375 0.006510416666666667
0 0.688720703125 0.6536458333333334 0.00537109375 0.005208333333333333
0 0.6884765625 0.689453125 0.0068359375 0.01171875
0 0.294921875 0.7102864583333334 0.0029296875 0.0078125
0 0.25634765625 0.6640625 0.005859375 0.013020833333333334
0 0.68115234375 0.6087239583333334 0.00390625 0.0078125
0 0.559814453125 0.6396484375 0.00439453125 0.007161458333333333
0 0.234375 0.4641927083333333 0.0048828125 0.013020833333333334
0 0.287841796875 0.7106119791666666 0.00537109375 0.013671875
0 0.29150390625 0.7041015625 0.0068359375 0.013671875
0 0.293701171875 0.6920572916666666 0.00732421875 0.015625
0 0.2978515625 0.6793619791666666 0.005859375 0.014973958333333334
0 0.291015625 0.671875 0.0087890625 0.016927083333333332
0 0.375 0.744140625 0.0029296875 0.013020833333333334
0 0.59326171875 0.5764973958333334 0.001953125 0.005859375
0 0.565673828125 0.7034505208333334 0.00732421875 0.018880208333333332
0 0.568603515625 0.7210286458333334 0.00537109375 0.009765625
0 0.67724609375 0.6002604166666666 0.005859375 0.01171875
0 0.525390625 0.794921875 0.009765625 0.01953125
0 0.26171875 0.7024739583333334 0.0078125 0.013020833333333334
0 0.55908203125 0.6471354166666666 0.0029296875 0.0026041666666666665
0 0.562255859375 0.6344401041666666 0.00341796875 0.007161458333333333
0 0.561767578125 0.6272786458333334 0.00439453125 0.005859375
0 0.555908203125 0.609375 0.00537109375 0.009114583333333334
0 0.228515625 0.4339192708333333 0.00390625 0.011067708333333334
0 0.595458984375 0.572265625 0.00439453125 0.006510416666666667
0 0.23583984375 0.4208984375 0.00390625 0.007161458333333333
0 0.244140625 0.470703125 0.0048828125 0.0078125
0 0.365966796875 0.6565755208333334 0.00634765625 0.017578125
0 0.25048828125 0.521484375 0.0068359375 0.01171875
0 0.25244140625 0.6438802083333334 0.0048828125 0.0078125
0 0.239501953125 0.5445963541666666 0.00244140625 0.009765625
0 0.25537109375 0.6529947916666666 0.0068359375 0.009114583333333334
0 0.267578125 0.6302083333333334 0.0029296875 0.009114583333333334
0 0.562744140625 0.6682942708333334 0.00146484375 0.0032552083333333335
0 0.56103515625 0.6715494791666666 0.001953125 0.0032552083333333335
0 0.2431640625 0.5458984375 0.0048828125 0.012369791666666666
0 0.563720703125 0.6640625 0.00048828125 0.0026041666666666665
0 0.23828125 0.4993489583333333 0.00390625 0.006510416666666667
0 0.25439453125 0.6233723958333334 0.0068359375 0.011067708333333334
0 0.262939453125 0.6852213541666666 0.00537109375 0.008463541666666666
0 0.5732421875 0.6907552083333334 0.001953125 0.0078125
0 0.605224609375 0.583984375 0.00244140625 0.010416666666666666
0 0.240234375 0.4957682291666667 0.0048828125 0.008463541666666666
0 0.243408203125 0.4807942708333333 0.00537109375 0.009765625
0 0.26708984375 0.7024739583333334 0.005859375 0.006510416666666667
0 0.60498046875 0.609375 0.0048828125 0.01171875
0 0.25927734375 0.673828125 0.0068359375 0.010416666666666666
0 0.517822265625 0.7376302083333334 0.00537109375 0.010416666666666666
0 0.459228515625 0.6490885416666666 0.00341796875 0.009114583333333334
0 0.461181640625 0.6158854166666666 0.00244140625 0.01171875
0 0.45068359375 0.6100260416666666 0.0029296875 0.006510416666666667
0 0.43798828125 0.5081380208333334 0.0029296875 0.005859375
0 0.286865234375 0.53125 0.00244140625 0.0078125
0 0.25146484375 0.6149088541666666 0.005859375 0.008463541666666666
0 0.29345703125 0.6477864583333334 0.005859375 0.013020833333333334
0 0.244384765625 0.5846354166666666 0.00341796875 0.015625
0 0.30029296875 0.6988932291666666 0.0078125 0.013671875
0 0.359375 0.751953125 0.0029296875 0.014322916666666666
0 0.59228515625 0.5013020833333334 0.0029296875 0.01171875
0 0.595703125 0.5374348958333334 0.0068359375 0.005859375
0 0.595458984375 0.5452473958333334 0.00439453125 0.012369791666666666
0 0.263671875 0.6513671875 0.0068359375 0.007161458333333333
0 0.264404296875 0.6904296875 0.00537109375 0.007161458333333333
0 0.530029296875 0.79296875 0.00634765625 0.0234375
0 0.2939453125 0.7197265625 0.005859375 0.014973958333333334
