0 0.5322265625 0.509765625 0.0078125 0.01171875
0 0.5341796875 0.5152994791666666 0.005859375 0.011067708333333334
0 0.4716796875 0.5130208333333334 0.0029296875 0.0078125
0 0.46728515625 0.5390625 0.0009765625 0.0026041666666666665
0 0.53759765625 0.5615234375 0.0068359375 0.014973958333333334
0 0.404052734375 0.3128255208333333 0.00732421875 0.014973958333333334
0 0.4716796875 0.6106770833333334 0.0029296875 0.005208333333333333
0 0.404296875 0.3274739583333333 0.0068359375 0.014322916666666666
0 0.41015625 0.3274739583333333 0.0048828125 0.016927083333333332
0 0.403564453125 0.3424479166666667 0.00634765625 0.014322916666666666
0 0.402099609375 0.35546875 0.00732421875 0.013020833333333334
0 0.40625 0.2991536458333333 0.0068359375 0.014973958333333334
0 0.40966796875 0.3125 0.0048828125 0.016927083333333332
0 0.47705078125 0.6184895833333334 0.001953125 0.00390625
0 0.40185546875 0.3720703125 0.0068359375 0.013671875
0 0.5419921875 0.544921875 0.0048828125 0.013020833333333334
0 0.469970703125 0.6266276041666666 0.00537109375 0.013671875
0 0.531982421875 0.4658203125 0.00634765625 0.011067708333333334
0 0.533447265625 0.4557291666666667 0.00732421875 0.014322916666666666
0 0.533447265625 0.4436848958333333 0.00732421875 0.013671875
0 0.53173828125 0.43359375 0.0068359375 0.014322916666666666
0 0.531982421875 0.4182942708333333 0.00634765625 0.013671875
0 0.532958984375 0.4798177083333333 0.00439453125 0.010416666666666666
0 0.47119140625 0.4970703125 0.0068359375 0.013671875
0 0.47607421875 0.5524088541666666 0.005859375 0.012369791666666666
0 0.477783203125 0.6083984375 0.00927734375 0.018880208333333332
0 0.472900390625 0.6197916666666666 0.00634765625 0.01171875
0 0.475830078125 0.6266276041666666 0.00634765625 0.013671875
0 0.53759765625 0.4036458333333333 0.0048828125 0.022135416666666668
