0 0.58935546875 0.5960286458333334 0.0048828125 0.012369791666666666
0 0.20068359375 0.71875 0.0087890625 0.013020833333333334
0 0.20263671875 0.701171875 0.0078125 0.018229166666666668
0 0.498291015625 0.10319010416666667 0.00439453125 0.012369791666666666
0 0.26953125 0.6943359375 0.009765625 0.014973958333333334
0 0.5888671875 0.6455078125 0.0048828125 0.016276041666666668
0 0.349853515625 0.6614583333333334 0.00732421875 0.015625
0 0.3427734375 0.6575520833333334 0.0029296875 0.0078125
0 0.601318359375 0.669921875 0.00439453125 0.018229166666666668
0 0.341552734375 0.6204427083333334 0.00634765625 0.015625
0 0.276611328125 0.6741536458333334 0.00537109375 0.014973958333333334
0 0.596435546875 0.6409505208333334 0.00634765625 0.013671875
