0 0.637451171875 0.6305338541666666 0.01123046875 0.029296875
0 0.43701171875 0.5065104166666666 0.0078125 0.01953125
0 0.495849609375 0.5540364583333334 0.00341796875 0.010416666666666666
0 0.48779296875 0.478515625 0.0029296875 0.010416666666666666
0 0.490478515625 0.4596354166666667 0.00439453125 0.010416666666666666
0 0.488525390625 0.4475911458333333 0.00439453125 0.009765625
0 0.49072265625 0.4443359375 0.00390625 0.005859375
0 0.716796875 0.66796875 0.0078125 0.026041666666666668
0 0.7158203125 0.7093098958333334 0.0087890625 0.026692708333333332
0 0.4365234375 0.4684244791666667 0.0009765625 0.004557291666666667
0 0.71728515625 0.5205078125 0.0068359375 0.020182291666666668
0 0.70458984375 0.5390625 0.0078125 0.028645833333333332
0 0.717041015625 0.609375 0.00634765625 0.020833333333333332
0 0.4921875 0.4892578125 0.001953125 0.004557291666666667
0 0.71826171875 0.6383463541666666 0.0048828125 0.017578125
0 0.4404296875 0.4912109375 0.01171875 0.031901041666666664
0 0.439453125 0.4593098958333333 0.00390625 0.009765625
0 0.715576171875 0.7220052083333334 0.00732421875 0.009114583333333334
