0 0.6640625 0.5660807291666666 0.0048828125 0.012369791666666666
0 0.554931640625 0.4690755208333333 0.00537109375 0.012369791666666666
0 0.43359375 0.6507161458333334 0.0078125 0.014973958333333334
0 0.439697265625 0.4762369791666667 0.00927734375 0.021484375
0 0.5517578125 0.4931640625 0.005859375 0.013671875
0 0.547119140625 0.5201822916666666 0.00439453125 0.016927083333333332
0 0.545654296875 0.4830729166666667 0.00244140625 0.009114583333333334
0 0.681396484375 0.4788411458333333 0.00732421875 0.021484375
0 0.44970703125 0.416015625 0.0068359375 0.016927083333333332
0 0.669189453125 0.5387369791666666 0.00830078125 0.016276041666666668
0 0.680908203125 0.501953125 0.00732421875 0.020833333333333332
0 0.669921875 0.3561197916666667 0.0048828125 0.014322916666666666
0 0.693115234375 0.1552734375 0.00341796875 0.016276041666666668
0 0.6904296875 0.10286458333333333 0.0078125 0.026041666666666668
0 0.690673828125 0.06282552083333333 0.00732421875 0.016276041666666668
0 0.688720703125 0.0263671875 0.00634765625 0.011067708333333334
0 0.54541015625 0.4928385416666667 0.0029296875 0.010416666666666666
0 0.676513671875 0.4918619791666667 0.00830078125 0.018880208333333332
0 0.66943359375 0.5520833333333334 0.009765625 0.013020833333333334
0 0.67626953125 0.53125 0.01171875 0.029947916666666668
0 0.554931640625 0.3746744791666667 0.00439453125 0.008463541666666666
0 0.680419921875 0.4225260416666667 0.00439453125 0.013020833333333334
0 0.38037109375 0.4475911458333333 0.005859375 0.012369791666666666
0 0.54638671875 0.4694010416666667 0.0029296875 0.010416666666666666
0 0.450439453125 0.3779296875 0.00341796875 0.009765625
0 0.55126953125 0.4228515625 0.0048828125 0.016276041666666668
0 0.3330078125 0.4404296875 0.0078125 0.020182291666666668
0 0.560302734375 0.3759765625 0.00439453125 0.011067708333333334
0 0.33251953125 0.4580078125 0.0068359375 0.009765625
0 0.333251953125 0.4710286458333333 0.00634765625 0.008463541666666666
0 0.663330078125 0.6373697916666666 0.00830078125 0.010416666666666666
0 0.6708984375 0.6236979166666666 0.0107421875 0.013020833333333334
0 0.662353515625 0.6282552083333334 0.01025390625 0.010416666666666666
0 0.32958984375 0.4830729166666667 0.0068359375 0.015625
0 0.6591796875 0.6106770833333334 0.005859375 0.014322916666666666
0 0.665771484375 0.6139322916666666 0.00634765625 0.009114583333333334
0 0.560546875 0.6175130208333334 0.0048828125 0.016276041666666668
0 0.663330078125 0.6038411458333334 0.00830078125 0.011067708333333334
0 0.660400390625 0.6184895833333334 0.00537109375 0.013020833333333334
0 0.553955078125 0.3811848958333333 0.00732421875 0.007161458333333333
0 0.557373046875 0.3977864583333333 0.00537109375 0.013020833333333334
0 0.66357421875 0.580078125 0.009765625 0.014322916666666666
0 0.381591796875 0.4703776041666667 0.00244140625 0.007161458333333333
0 0.5615234375 0.3639322916666667 0.00390625 0.010416666666666666
0 0.54638671875 0.5042317708333334 0.00390625 0.014973958333333334
0 0.38232421875 0.4794921875 0.0048828125 0.009765625
0 0.6787109375 0.6354166666666666 0.0068359375 0.009114583333333334
0 0.66552734375 0.5953776041666666 0.01171875 0.014973958333333334
