0 0.494384765625 0.3707682291666667 0.00244140625 0.030598958333333332
0 0.18798828125 0.3938802083333333 0.0126953125 0.015625
0 0.1845703125 0.5641276041666666 0.005859375 0.011067708333333334
0 0.457275390625 0.4853515625 0.00634765625 0.012369791666666666
0 0.47021484375 0.4475911458333333 0.0078125 0.017578125
0 0.48974609375 0.3743489583333333 0.001953125 0.006510416666666667
0 0.489990234375 0.4332682291666667 0.00732421875 0.031901041666666664
0 0.177978515625 0.6412760416666666 0.00244140625 0.005208333333333333
0 0.469970703125 0.4117838541666667 0.01220703125 0.026692708333333332
0 0.46044921875 0.4651692708333333 0.0087890625 0.012369791666666666
0 0.46484375 0.5423177083333334 0.0185546875 0.03515625
0 0.4892578125 0.3411458333333333 0.0107421875 0.028645833333333332
0 0.32861328125 0.6005859375 0.0048828125 0.011067708333333334
0 0.187744140625 0.6780598958333334 0.00244140625 0.005859375
0 0.17822265625 0.3740234375 0.017578125 0.050130208333333336
0 0.46142578125 0.4137369791666667 0.005859375 0.027994791666666668
0 0.194091796875 0.6383463541666666 0.00439453125 0.008463541666666666
0 0.31982421875 0.4970703125 0.0078125 0.017578125
0 0.185302734375 0.5810546875 0.00439453125 0.009765625
0 0.176025390625 0.6471354166666666 0.00341796875 0.009114583333333334
0 0.189697265625 0.6725260416666666 0.00244140625 0.006510416666666667
0 0.17724609375 0.681640625 0.001953125 0.006510416666666667
0 0.176025390625 0.666015625 0.00244140625 0.0078125
0 0.1923828125 0.65234375 0.001953125 0.009114583333333334
0 0.18212890625 0.6653645833333334 0.005859375 0.009114583333333334
0 0.183349609375 0.6575520833333334 0.00341796875 0.0078125
0 0.192138671875 0.6748046875 0.00244140625 0.007161458333333333
0 0.177978515625 0.6240234375 0.00341796875 0.008463541666666666
0 0.194580078125 0.6311848958333334 0.00244140625 0.007161458333333333
0 0.1962890625 0.6227213541666666 0.001953125 0.008463541666666666
0 0.197998046875 0.5895182291666666 0.00244140625 0.008463541666666666
0 0.1943359375 0.5924479166666666 0.001953125 0.0078125
0 0.18359375 0.6422526041666666 0.00390625 0.008463541666666666
0 0.18505859375 0.5911458333333334 0.00390625 0.009114583333333334
0 0.1787109375 0.6471354166666666 0.0029296875 0.006510416666666667
