0 0.32373046875 0.38671875 0.00390625 0.009114583333333334
0 0.3369140625 0.572265625 0.015625 0.03515625
0 0.31103515625 0.24479166666666666 0.0087890625 0.015625
0 0.320068359375 0.3349609375 0.00634765625 0.012369791666666666
0 0.32373046875 0.41015625 0.015625 0.033854166666666664
0 0.33447265625 0.5162760416666666 0.015625 0.03125
0 0.3388671875 0.5442708333333334 0.01171875 0.020833333333333332
0 0.315673828125 0.2662760416666667 0.01220703125 0.029947916666666668
0 0.32470703125 0.3313802083333333 0.005859375 0.014322916666666666
0 0.316650390625 0.23046875 0.01611328125 0.032552083333333336
0 0.126708984375 0.3251953125 0.00341796875 0.008463541666666666
0 0.12646484375 0.3326822916666667 0.0029296875 0.005208333333333333
0 0.318603515625 0.21875 0.01904296875 0.020833333333333332
0 0.324462890625 0.353515625 0.00732421875 0.016927083333333332
