0 0.690185546875 0.736328125 0.00830078125 0.018229166666666668
0 0.6787109375 0.7415364583333334 0.005859375 0.01171875
0 0.684326171875 0.7154947916666666 0.01123046875 0.024739583333333332
0 0.677490234375 0.6728515625 0.00830078125 0.020182291666666668
0 0.66455078125 0.9173177083333334 0.0107421875 0.015625
0 0.81787109375 0.5042317708333334 0.0078125 0.017578125
0 0.701171875 0.3473307291666667 0.0078125 0.011067708333333334
0 0.295166015625 0.8264973958333334 0.00927734375 0.021484375
0 0.308349609375 0.7965494791666666 0.00439453125 0.022786458333333332
0 0.305419921875 0.7906901041666666 0.00341796875 0.005859375
0 0.286376953125 0.8011067708333334 0.00439453125 0.017578125
0 0.6767578125 0.7233072916666666 0.0078125 0.016927083333333332
0 0.30712890625 0.6761067708333334 0.0029296875 0.008463541666666666
0 0.823974609375 0.4869791666666667 0.01025390625 0.020833333333333332
0 0.299560546875 0.8115234375 0.01513671875 0.037109375
0 0.625 0.4654947916666667 0.005859375 0.022135416666666668
0 0.682861328125 0.8235677083333334 0.01025390625 0.020833333333333332
0 0.24609375 0.8662109375 0.0048828125 0.011067708333333334
0 0.683837890625 0.3919270833333333 0.00732421875 0.024739583333333332
0 0.69384765625 0.4912109375 0.0087890625 0.022786458333333332
0 0.676513671875 0.64453125 0.00537109375 0.013020833333333334
0 0.636474609375 0.3863932291666667 0.00439453125 0.008463541666666666
0 0.634033203125 0.4296875 0.00537109375 0.016927083333333332
0 0.66748046875 0.8199869791666666 0.0078125 0.025390625
0 0.623046875 0.5022786458333334 0.0029296875 0.012369791666666666
0 0.6171875 0.4925130208333333 0.00390625 0.009765625
0 0.625732421875 0.4423828125 0.00341796875 0.011067708333333334
0 0.622314453125 0.4108072916666667 0.00634765625 0.015625
0 0.8486328125 0.5087890625 0.0068359375 0.024088541666666668
0 0.672607421875 0.8919270833333334 0.01513671875 0.024739583333333332
0 0.6826171875 0.8629557291666666 0.009765625 0.017578125
0 0.600830078125 0.4993489583333333 0.00341796875 0.009114583333333334
0 0.25 0.8626302083333334 0.0029296875 0.01171875
0 0.81591796875 0.4108072916666667 0.013671875 0.024739583333333332
0 0.248046875 0.8955078125 0.0048828125 0.011067708333333334
0 0.70947265625 0.3841145833333333 0.0107421875 0.03125
0 0.1123046875 0.3684895833333333 0.005859375 0.028645833333333332
0 0.89013671875 0.4775390625 0.013671875 0.024088541666666668
0 0.909423828125 0.740234375 0.01318359375 0.02734375
0 0.89013671875 0.544921875 0.01171875 0.022135416666666668
0 0.885498046875 0.51171875 0.00830078125 0.015625
0 0.896484375 0.5179036458333334 0.015625 0.022786458333333332
0 0.906982421875 0.5035807291666666 0.01318359375 0.022786458333333332
0 0.896728515625 0.4954427083333333 0.01220703125 0.0234375
0 0.905517578125 0.4850260416666667 0.01611328125 0.022135416666666668
0 0.82568359375 0.4518229166666667 0.005859375 0.013020833333333334
0 0.902587890625 0.4638671875 0.01708984375 0.020182291666666668
0 0.823974609375 0.3880208333333333 0.01123046875 0.03125
0 0.8369140625 0.3893229166666667 0.0107421875 0.022135416666666668
0 0.8330078125 0.4069010416666667 0.01171875 0.01953125
0 0.84423828125 0.4163411458333333 0.0166015625 0.037109375
0 0.839599609375 0.44921875 0.00927734375 0.01953125
0 0.239990234375 0.6647135416666666 0.00537109375 0.009114583333333334
0 0.23779296875 0.6285807291666666 0.0048828125 0.013671875
0 0.1767578125 0.5006510416666666 0.0029296875 0.0078125
0 0.184326171875 0.6930338541666666 0.00439453125 0.007161458333333333
0 0.83447265625 0.4918619791666667 0.0107421875 0.022786458333333332
0 0.11181640625 0.3932291666666667 0.0126953125 0.020833333333333332
0 0.36328125 0.6097005208333334 0.0029296875 0.008463541666666666
0 0.107177734375 0.400390625 0.00732421875 0.013020833333333334
0 0.2392578125 0.7750651041666666 0.0029296875 0.007161458333333333
0 0.39501953125 0.48828125 0.0087890625 0.01953125
0 0.169189453125 0.7060546875 0.00341796875 0.012369791666666666
0 0.794921875 0.20865885416666666 0.0048828125 0.012369791666666666
0 0.781005859375 0.3271484375 0.00634765625 0.011067708333333334
0 0.813232421875 0.4791666666666667 0.00830078125 0.01953125
0 0.10302734375 0.4576822916666667 0.0166015625 0.028645833333333332
0 0.84619140625 0.5576171875 0.00390625 0.009765625
0 0.658203125 0.9892578125 0.0078125 0.021484375
0 0.826416015625 0.5270182291666666 0.01220703125 0.024088541666666668
0 0.63525390625 0.37890625 0.0048828125 0.01171875
0 0.629638671875 0.3720703125 0.00341796875 0.013671875
0 0.599609375 0.3483072916666667 0.0029296875 0.009114583333333334
0 0.627197265625 0.3284505208333333 0.00830078125 0.026692708333333332
0 0.62890625 0.236328125 0.005859375 0.0078125
0 0.616455078125 0.23795572916666666 0.00439453125 0.009765625
0 0.472412109375 0.5498046875 0.00439453125 0.024088541666666668
0 0.52392578125 0.5231119791666666 0.005859375 0.017578125
0 0.519775390625 0.4563802083333333 0.01220703125 0.0234375
0 0.628662109375 0.263671875 0.01123046875 0.03125
0 0.169677734375 0.6979166666666666 0.00439453125 0.01171875
0 0.683837890625 0.9026692708333334 0.01123046875 0.018880208333333332
0 0.66064453125 0.9358723958333334 0.0078125 0.017578125
0 0.670654296875 0.9261067708333334 0.01416015625 0.022786458333333332
0 0.825927734375 0.552734375 0.00732421875 0.013020833333333334
0 0.636474609375 0.22135416666666666 0.00341796875 0.022135416666666668
0 0.636962890625 0.20670572916666666 0.00341796875 0.017578125
0 0.625244140625 0.20540364583333334 0.00341796875 0.009765625
0 0.55078125 0.7067057291666666 0.0068359375 0.017578125
0 0.552978515625 0.7096354166666666 0.00732421875 0.016927083333333332
0 0.551513671875 0.7275390625 0.01025390625 0.016276041666666668
0 0.60205078125 0.6458333333333334 0.0087890625 0.020833333333333332
0 0.6005859375 0.6087239583333334 0.0048828125 0.01171875
0 0.101318359375 0.4986979166666667 0.01318359375 0.01953125
0 0.607421875 0.6233723958333334 0.005859375 0.008463541666666666
0 0.621337890625 0.5563151041666666 0.00439453125 0.022786458333333332
0 0.604736328125 0.2897135416666667 0.00927734375 0.029947916666666668
0 0.615234375 0.279296875 0.0107421875 0.02734375
0 0.63134765625 0.19205729166666666 0.00390625 0.014322916666666666
0 0.628662109375 0.1552734375 0.00537109375 0.013671875
0 0.622802734375 0.166015625 0.00537109375 0.013020833333333334
0 0.620361328125 0.5833333333333334 0.00537109375 0.022135416666666668
0 0.118896484375 0.4957682291666667 0.00439453125 0.016276041666666668
0 0.6416015625 0.4166666666666667 0.0126953125 0.024739583333333332
0 0.1787109375 0.6608072916666666 0.0068359375 0.014322916666666666
0 0.715576171875 0.3050130208333333 0.00830078125 0.024088541666666668
0 0.708740234375 0.349609375 0.00830078125 0.022135416666666668
0 0.1015625 0.4798177083333333 0.015625 0.022135416666666668
0 0.688720703125 0.3369140625 0.00830078125 0.018880208333333332
0 0.685302734375 0.3304036458333333 0.00732421875 0.022786458333333332
0 0.7958984375 0.22493489583333334 0.0087890625 0.022786458333333332
0 0.08349609375 0.4602864583333333 0.0068359375 0.029947916666666668
0 0.797119140625 0.24739583333333334 0.00439453125 0.01953125
0 0.838134765625 0.8235677083333334 0.01123046875 0.016927083333333332
0 0.8154296875 0.697265625 0.005859375 0.015625
0 0.814697265625 0.6598307291666666 0.01025390625 0.026692708333333332
0 0.818115234375 0.607421875 0.01318359375 0.026041666666666668
0 0.814453125 0.6311848958333334 0.009765625 0.025390625
0 0.172119140625 0.6536458333333334 0.00927734375 0.01953125
0 0.78955078125 0.3684895833333333 0.013671875 0.020833333333333332
0 0.174072265625 0.669921875 0.00341796875 0.009114583333333334
0 0.7109375 0.2594401041666667 0.009765625 0.030598958333333332
0 0.41162109375 0.4518229166666667 0.0078125 0.0234375
0 0.240478515625 0.642578125 0.00830078125 0.016927083333333332
0 0.235107421875 0.7298177083333334 0.00927734375 0.026041666666666668
0 0.23974609375 0.80859375 0.0107421875 0.026041666666666668
0 0.2890625 0.8102213541666666 0.0068359375 0.018880208333333332
0 0.383544921875 0.5270182291666666 0.00830078125 0.030598958333333332
0 0.391845703125 0.4671223958333333 0.00537109375 0.022786458333333332
0 0.388916015625 0.4921875 0.00439453125 0.02734375
0 0.421630859375 0.4996744791666667 0.00927734375 0.031901041666666664
0 0.370849609375 0.6611328125 0.01025390625 0.033203125
0 0.471923828125 0.4817708333333333 0.00732421875 0.024739583333333332
0 0.45263671875 0.5556640625 0.005859375 0.013671875
0 0.46826171875 0.5608723958333334 0.0087890625 0.021484375
0 0.5166015625 0.4700520833333333 0.0126953125 0.022135416666666668
0 0.365234375 0.7171223958333334 0.0068359375 0.025390625
