0 0.642822265625 0.20930989583333334 0.00927734375 0.025390625
0 0.2841796875 0.2682291666666667 0.0107421875 0.026041666666666668
0 0.255615234375 0.0322265625 0.00439453125 0.024088541666666668
0 0.26416015625 0.07747395833333333 0.0107421875 0.028645833333333332
0 0.643310546875 0.17350260416666666 0.01220703125 0.039713541666666664
0 0.514892578125 0.5869140625 0.00537109375 0.034505208333333336
0 0.492919921875 0.3369140625 0.01025390625 0.016276041666666668
0 0.49609375 0.11686197916666667 0.0078125 0.022786458333333332
0 0.44287109375 0.5065104166666666 0.005859375 0.028645833333333332
0 0.37890625 0.861328125 0.005859375 0.013020833333333334
0 0.454345703125 0.6002604166666666 0.00537109375 0.014322916666666666
0 0.419189453125 0.666015625 0.00537109375 0.018229166666666668
0 0.597900390625 0.8935546875 0.00830078125 0.018880208333333332
