0 0.53759765625 0.5908203125 0.0029296875 0.004557291666666667
0 0.269287109375 0.5647786458333334 0.00146484375 0.008463541666666666
0 0.540283203125 0.6575520833333334 0.00341796875 0.0078125
0 0.5400390625 0.6650390625 0.0009765625 0.0032552083333333335
0 0.53564453125 0.5198567708333334 0.001953125 0.004557291666666667
0 0.538330078125 0.6666666666666666 0.00146484375 0.005208333333333333
0 0.5400390625 0.6357421875 0.0048828125 0.012369791666666666
0 0.5361328125 0.595703125 0.00390625 0.009114583333333334
0 0.538818359375 0.662109375 0.00146484375 0.00390625
0 0.542724609375 0.5436197916666666 0.00146484375 0.006510416666666667
0 0.53662109375 0.5426432291666666 0.001953125 0.004557291666666667
0 0.538330078125 0.537109375 0.00146484375 0.0026041666666666665
0 0.539306640625 0.5387369791666666 0.00146484375 0.004557291666666667
0 0.537353515625 0.5481770833333334 0.00146484375 0.0026041666666666665
0 0.535888671875 0.5286458333333334 0.00146484375 0.005208333333333333
0 0.534912109375 0.5403645833333334 0.00244140625 0.006510416666666667
0 0.541259765625 0.5481770833333334 0.00244140625 0.00390625
0 0.540283203125 0.5598958333333334 0.00341796875 0.009114583333333334
0 0.53759765625 0.5540364583333334 0.00390625 0.0078125
0 0.26123046875 0.6051432291666666 0.00390625 0.009765625
0 0.538818359375 0.5872395833333334 0.00146484375 0.00390625
0 0.265869140625 0.6328125 0.00537109375 0.015625
0 0.53662109375 0.5602213541666666 0.0029296875 0.007161458333333333
0 0.2646484375 0.6591796875 0.005859375 0.014973958333333334
0 0.53271484375 0.5048828125 0.0029296875 0.007161458333333333
0 0.53466796875 0.5107421875 0.001953125 0.004557291666666667
0 0.531494140625 0.5100911458333334 0.00244140625 0.004557291666666667
0 0.5341796875 0.4993489583333333 0.0029296875 0.0078125
0 0.53515625 0.4931640625 0.0029296875 0.007161458333333333
0 0.260986328125 0.6416015625 0.00537109375 0.008463541666666666
0 0.53271484375 0.4850260416666667 0.001953125 0.006510416666666667
0 0.533935546875 0.5537109375 0.00146484375 0.004557291666666667
0 0.537841796875 0.478515625 0.00244140625 0.005208333333333333
0 0.538818359375 0.4729817708333333 0.00244140625 0.007161458333333333
0 0.532470703125 0.4918619791666667 0.00146484375 0.005859375
0 0.53173828125 0.4410807291666667 0.0009765625 0.004557291666666667
0 0.5322265625 0.435546875 0.001953125 0.00390625
0 0.529541015625 0.2936197916666667 0.00146484375 0.005208333333333333
0 0.5390625 0.5143229166666666 0.0029296875 0.0078125
0 0.540771484375 0.4840494791666667 0.00244140625 0.008463541666666666
0 0.5380859375 0.5188802083333334 0.0029296875 0.0078125
0 0.533935546875 0.4251302083333333 0.00146484375 0.005208333333333333
0 0.53955078125 0.5260416666666666 0.0029296875 0.0078125
0 0.530029296875 0.2789713541666667 0.00146484375 0.004557291666666667
0 0.530029296875 0.2721354166666667 0.00146484375 0.006510416666666667
