0 0.3368055555555556 0.00390625 0.036458333333333336 0.0078125
0 0.3385416666666667 0.016059027777777776 0.036458333333333336 0.03211805555555555
0 0.3129340277777778 0.0030381944444444445 0.009548611111111112 0.006076388888888889
0 0.6458420138888888 0.36794270833333326 0.023168402777777826 0.055989583333333336
0 0.6307552083333334 0.41423611111111097 0.03252604166666649 0.05060763888888905
0 0.6084548611111111 0.17623263888888888 0.003914930555555745 0.010850694444444444
0 0.6002864583333333 0.18414930555555545 0.0030208333333333493 0.00840277777777803
0 0.6128993055555555 0.13983506944444457 0.004435763888888999 0.009644097222221938
0 0.6150434027777778 0.14654513888888904 0.009557291666666856 0.010008680555555335
0 0.6064496527777778 0.1317361111111113 0.005121527777777857 0.007031250000000316
0 0.6049565972222223 0.10419270833333351 0.00475694444444446 0.013611111111111364
0 0.62046875 0.03789062500000008 0.01174479166666684 0.01684027777777746
0 0.6183854166666668 0.06192708333333346 0.009140625000000173 0.010581597222221874
0 0.615138888888889 0.012960069444444302 0.009453124999999889 0.018203125000000223
0 0.3409809027777777 0.047951388888888696 0.024305555555555556 0.02345486111111149
0 0.6034809027777778 0.13557291666666652 0.008342013888889 0.010486111111111049
0 0.6121180555555557 0.10555555555555547 0.00696180555555554 0.01250868055555543
0 0.6074479166666666 0.07036458333333329 0.008923611111111285 0.014036458333333397
0 0.6160243055555557 0.12272569444444453 0.005920138888889031 0.009991319444444634
0 0.6107899305555556 0.0946267361111113 0.003402777777777841 0.006614583333333239
0 0.6168142361111111 0.07316840277777775 0.003237847222222238 0.008038194444444634
0 0.6171875 0.001736111111111111 0.008680555555555556 0.003472222222222222