0 0.8697916666666666 0.033854166666666664 0.03993055555555555 0.06770833333333333
0 0.8619791666666666 0.0026041666666666665 0.03125 0.005208333333333333
0 0.9965277777777778 0.2543402777777778 0.006944444444444444 0.09027777777777778
0 0.8707812499999998 0.24355902777777771 0.025260416666666983 0.04827256944444455
0 0.8735503472222221 0.3355555555555555 0.021032986111110732 0.03630208333333348
0 0.9294444444444443 0.4051649305555556 0.04907118055555534 0.042170138888888827
0 0.8566753472222222 0.42943576388888893 0.028758680555555652 0.0711892361111113
0 0.8629774305555556 0.5414062500000001 0.02591145833333365 0.06175347222222211
0 0.9227777777777777 0.7241840277777778 0.052005208333333205 0.08333333333333333
0 0.9119270833333333 0.7429687500000001 0.05224826388888854 0.07699652777777762
0 0.8719618055555556 0.95703125 0.04600694444444445 0.0859375
0 0.9835069444444444 0.9735243055555556 0.03298611111111111 0.05295138888888889