0 0.46293402777777776 0.05951388888888884 0.03323784722222219 0.05676215277777806
0 0.4657118055555556 0.021267361111111112 0.033854166666666664 0.042534722222222224
0 0.7836892361111111 0.37881944444444454 0.015208333333333515 0.07300347222222253
0 0.8053906249999999 0.37154513888888885 0.01956597222222219 0.038611111111110735
0 0.8396354166666669 0.3401822916666666 0.02242187499999994 0.04294270833333355
0 0.8437413194444443 0.2803125000000001 0.02119791666666673 0.038012152777777745
0 0.8324218749999999 0.25197916666666687 0.0255902777777774 0.050026041666666764
0 0.8061892361111112 0.13539062499999982 0.021171875000000284 0.06259548611111082
0 0.8260937499999998 0.14446180555555563 0.02107638888888867 0.049609374999999685
0 0.8526736111111113 0.07921875000000018 0.025329861111111365 0.05325520833333365
0 0.8331944444444446 0.06765625000000004 0.018342013888888984 0.04247395833333359