0 0.7496527777777778 0.031154513888888888 0.0703125 0.062309027777777776
0 0.7376388888888888 0.07916666666666666 0.05896701388888895 0.07360243055555554
0 0.7819531249999999 0.15745659722222222 0.07156250000000004 0.12675347222222222
0 0.7070572916666666 0.192890625 0.07496527777777769 0.09652777777777777
0 0.7324479166666666 0.2648784722222222 0.07424479166666664 0.09847222222222227
0 0.7816493055555556 0.279140625 0.04900173611111115 0.1321354166666667
0 0.6256163194444445 0.5569444444444445 0.0876736111111111 0.1356944444444444
0 0.5659635416666666 0.5474913194444445 0.025685763888888817 0.06677951388888895
0 0.7221875 0.6781510416666667 0.06131944444444453 0.09640624999999996
0 0.6753819444444444 0.6675347222222222 0.055512152777777816 0.09225694444444442
0 0.7718142361111111 0.8431944444444445 0.05646701388888885 0.05881944444444444
0 0.7646614583333333 0.7842447916666667 0.06701388888888893 0.11959201388888888
0 0.6373090277777778 0.7425347222222222 0.05618055555555558 0.07519097222222232
0 0.5908680555555555 0.8613107638888889 0.053541666666666723 0.10789062499999996
0 0.623984375 0.9187413194444445 0.06922743055555555 0.11137152777777794
0 0.7552083333333334 0.9388020833333334 0.07291666666666667 0.12239583333333333
0 0.7903645833333334 0.9969618055555556 0.042534722222222224 0.006076388888888889
0 0.5924479166666666 0.9947916666666666 0.04600694444444445 0.010416666666666666
0 0.6970486111111112 0.99609375 0.07118055555555555 0.0078125