0 0.2733854166666667 0.23278645833333333 0.07930555555555527 0.14826388888888895
0 0.31839409722222217 0.287578125 0.05402777777777759 0.14779513888888887
0 0.23324652777777763 0.4035329861111111 0.0729427083333331 0.16788194444444451
0 0.29335937499999987 0.4165451388888889 0.05646701388888905 0.13784722222222218
0 0.36163194444444435 0.5300173611111112 0.03408854166666705 0.1777690972222222
0 0.24794270833333343 0.525703125 0.05799479166666702 0.10513020833333325
0 0.2881163194444443 0.6744357638888889 0.09235243055555584 0.21153645833333337
0 0.15058159722222206 0.7922222222222222 0.03549479166666695 0.09597222222222218
0 0.3425954861111112 0.9125086805555556 0.033810763888888734 0.07616319444444425
0 0.3402777777777778 0.9748263888888888 0.034722222222222224 0.050347222222222224
0 0.1484375 0.9774305555555556 0.03298611111111111 0.04513888888888889
0 0.2126736111111111 0.9761284722222222 0.05555555555555555 0.04774305555555555
0 0.1440972222222222 0.9965277777777778 0.043402777777777776 0.006944444444444444
0 0.7712152777777779 0.7933680555555556 0.03921875000000025 0.06783854166666675
0 0.8769618055555557 0.38635416666666667 0.06700520833333298 0.10294270833333335
0 0.8138541666666667 0.12980034722222222 0.055095486111111334 0.10284722222222224
0 0.8561718749999999 0.1508420138888889 0.03171874999999997 0.04151041666666666
0 0.7508159722222223 0.4610503472222222 0.04196180555555568 0.10809895833333331