0 0.27916666666666656 0.4905295138888888 0.03210069444444446 0.05405381944444443
0 0.31411458333333325 0.8003472222222222 0.020755208333333205 0.03368055555555571
0 0.8587326388888891 0.6264322916666667 0.07546874999999965 0.10717013888888892
0 0.8417274305555557 0.39417534722222214 0.035217013888888635 0.03895833333333343
0 0.8793489583333335 0.23529513888888884 0.05065104166666698 0.0818142361111111
0 0.8450781250000001 0.24087673611111113 0.024956597222222224 0.08493923611111104
0 0.9565972222222222 0.03298611111111111 0.04513888888888889 0.06597222222222222
0 0.9581076388888887 0.29868923611111103 0.03042534722222238 0.09693576388888896
0 0.9756770833333334 0.11040798611111116 0.011579861111111237 0.09351562500000002
0 0.958689236111111 0.123046875 0.008203124999999842 0.021250000000000015
0 0.8813194444444447 0.34149305555555565 0.032230902777777876 0.05281250000000012
0 0.8275434027777777 0.4548611111111111 0.026154513888888984 0.03803819444444459