0 0.4657118055555556 0.9952256944444444 0.033854166666666664 0.009548611111111112
0 0.46807291666666667 0.9603993055555556 0.03281250000000016 0.061328124999999685
0 0.4669097222222223 0.8841753472222224 0.025980902777777634 0.04062500000000016
0 0.5289583333333332 0.8025520833333333 0.021649305555555602 0.04999131944444457
0 0.47518229166666676 0.7223090277777777 0.02563368055555573 0.05013888888888908
0 0.5273350694444444 0.6492100694444445 0.027239583333333428 0.03498263888888905
0 0.5333246527777779 0.6854340277777777 0.01808159722222216 0.03132812500000012
0 0.48420138888888886 0.44268229166666667 0.021684027777777795 0.06928819444444459
0 0.5041059027777778 0.3888715277777778 0.036137152777777876 0.04267361111111098
0 0.5215711805555555 0.20360243055555552 0.020928819444444555 0.04060763888888906
0 0.8391840277777776 0.8559635416666668 0.03138020833333302 0.05476562500000012
0 0.8917361111111113 0.8130381944444444 0.011493055555555366 0.05689236111111108
0 0.8351562499999999 0.8153385416666666 0.021189236111110985 0.028246527777777745
0 0.8165364583333334 0.8106510416666666 0.015616319444444256 0.030668402777777715
0 0.887907986111111 0.7435590277777777 0.018159722222222285 0.051536458333333236
0 0.8446788194444446 0.7528472222222222 0.018784722222222508 0.027187500000000142
0 0.8209895833333335 0.7183420138888889 0.01915798611111086 0.045104166666666695
0 0.8765972222222224 0.6607638888888889 0.031137152777777684 0.04477430555555549
0 0.8569010416666667 0.6826041666666666 0.018541666666666384 0.02513888888888892
0 0.8449479166666668 0.7192447916666667 0.02146701388888851 0.03785590277777789
0 0.8256597222222221 0.6705902777777778 0.02407986111111092 0.042960069444444256
0 0.8510850694444443 0.6918836805555555 0.02902777777777743 0.03784722222222214
0 0.8562413194444444 0.3842795138888889 0.02313368055555524 0.04516493055555573
0 0.4876215277777778 0.5435069444444444 0.01501736111111127 0.03475694444444441
0 0.47362847222222215 0.6340885416666667 0.010494791666666793 0.03121527777777781
0 0.5113194444444444 0.6792274305555556 0.02311631944444454 0.03388888888888886
0 0.5063194444444444 0.7395572916666667 0.009322916666666478 0.013906249999999985
0 0.5232552083333333 0.5153645833333333 0.026979166666666603 0.030008680555555698