0 0.17007812500000005 0.41896701388888896 0.06386284722222237 0.10463541666666663
0 0.18103298611111107 0.5174045138888889 0.07513020833333349 0.11190972222222229
0 0.13477430555555556 0.5331163194444445 0.055824652777777733 0.11059027777777786
0 0.14444444444444451 0.6211631944444443 0.06450520833333329 0.09769097222222219
0 0.16321180555555553 0.7188107638888889 0.04484374999999988 0.06441840277777781
0 0.13399305555555546 0.705078125 0.05649305555555549 0.08018229166666657
0 0.5902604166666667 0.7606076388888887 0.03492187500000002 0.041527777777777705
0 0.6569618055555555 0.7634548611111112 0.023072916666666603 0.039401041666666754
0 0.6576302083333333 0.6977517361111111 0.015468750000000142 0.03203125000000008
0 0.65953125 0.6398697916666668 0.017039930555555652 0.04139756944444449
0 0.6426041666666666 0.3258854166666667 0.06697916666666653 0.09614583333333353
0 0.6056250000000001 0.2551475694444445 0.022074652777777634 0.07310763888888872
0 0.6781944444444444 0.25085069444444447 0.04173611111111105 0.06451388888888904
0 0.6359027777777777 0.23520833333333335 0.026762152777777715 0.04663194444444427
0 0.6851736111111111 0.14979166666666663 0.020269097222222143 0.038923611111111235
0 0.6857638888888888 0.038628472222222224 0.06597222222222222 0.07725694444444445
0 0.6236979166666666 0.024305555555555556 0.030381944444444444 0.04861111111111111