0 0.3511284722222222 0.008246527777777778 0.044270833333333336 0.016493055555555556
0 0.25435763888888885 0.022135416666666668 0.026918402777777968 0.04312499999999986
0 0.2480121527777778 0.11328125 0.04301215277777794 0.09642361111111104
0 0.30211805555555554 0.1656336805555555 0.05666666666666645 0.08990451388888904
0 0.25800347222222203 0.25611979166666665 0.05534722222222241 0.1274652777777779
0 0.30371527777777785 0.28361111111111115 0.055607638888889234 0.10232638888888898
0 0.8519965277777778 0.9917534722222222 0.0546875 0.016493055555555556
0 0.8302951388888888 0.9496527777777778 0.06163194444444445 0.10069444444444445
0 0.9526909722222222 0.9709201388888888 0.028645833333333332 0.058159722222222224
0 0.8282552083333334 0.791970486111111 0.04291666666666632 0.0775954861111112
0 0.9173263888888891 0.7461631944444443 0.05859375 0.0779600694444446
0 0.9522656250000002 0.7330208333333333 0.022144097222222412 0.09468749999999994
0 0.8509375000000001 0.6799652777777777 0.05483506944444451 0.09488715277777773
0 0.7957204861111111 0.6201302083333334 0.041154513888888765 0.12094618055555549
0 0.8835329861111111 0.608420138888889 0.06506944444444447 0.11188368055555545
0 0.8337413194444443 0.5482118055555555 0.05867187500000012 0.1144878472222221
0 0.9382291666666668 0.49780381944444446 0.04544270833333365 0.12836805555555564
0 0.8907031250000002 0.3962065972222223 0.05073784722222206 0.10794270833333325
0 0.8352951388888891 0.3716406250000001 0.06415798611111098 0.11854166666666661
0 0.7661718750000001 0.3709288194444444 0.023862847222222032 0.11710937499999988
0 0.7750607638888888 0.26962673611111104 0.03685763888888892 0.07458333333333339
0 0.7949392361111111 0.15914062499999992 0.032421875000000315 0.07101562499999996
0 0.772248263888889 0.21473090277777768 0.03005208333333324 0.04483506944444452
0 0.9509027777777779 0.17695312499999993 0.03671006944444441 0.1059809027777779
0 0.8572048611111112 0.06076388888888889 0.08072916666666667 0.12152777777777778
0 0.947204861111111 0.06573784722222224 0.041727430555555306 0.1109982638888888
0 0.9240451388888888 0.029079861111111112 0.06510416666666667 0.058159722222222224
0 0.7782118055555556 0.04123263888888889 0.033854166666666664 0.08246527777777778
0 0.789296875 0.43588541666666675 0.007343750000000032 0.018385416666666526
0 0.8923090277777779 0.5087760416666666 0.02084201388888908 0.02687500000000003