0 0.30602430555555554 0.37686631944444454 0.021831597222221905 0.044314236111111266
0 0.8715277777777778 0.9995659722222222 0.026041666666666668 0.0008680555555555555
0 0.8907725694444445 0.9431510416666669 0.01697048611111127 0.03642361111111114
0 0.8290972222222222 0.9587239583333331 0.021189236111110985 0.03272569444444429
0 0.8146788194444446 0.9532031250000002 0.00843750000000022 0.024904513888888542
0 0.8070486111111109 0.8996527777777779 0.01085937500000019 0.04484374999999988
0 0.8271961805555554 0.9185763888888887 0.008272569444444223 0.013003472222221844
0 0.8634461805555556 0.903298611111111 0.024487847222222255 0.04141493055555559
0 0.8663454861111113 0.9440190972222224 0.025460069444444382 0.03332465277777806
0 0.8883593749999998 0.9012326388888887 0.013220486111110732 0.03675347222222235
0 0.9013281249999999 0.8500694444444447 0.0069965277777781255 0.021258680555555368
0 0.8331944444444446 0.7026041666666667 0.01170138888888851 0.01310763888888881
0 0.8200954861111112 0.7906076388888891 0.009618055555555493 0.028289930555555683
0 0.8489236111111111 0.6175694444444445 0.009383680555555904 0.021527777777777937
0 0.8244878472222221 0.6555468750000001 0.01197048611111108 0.021909722222222032
0 0.8137934027777776 0.6483159722222221 0.009348958333333712 0.0127951388888887