0 0.7651996527777778 0.9373437500000001 0.010355902777777834 0.04155381944444435
0 0.7566059027777778 0.977560763888889 0.0161545138888888 0.030112847222221874
0 0.7210503472222222 0.7416840277777779 0.030381944444444444 0.05288194444444451
0 0.7393229166666667 0.7250954861111111 0.03154513888888882 0.05578993055555554
0 0.7242187499999999 0.6406857638888889 0.04328993055555546 0.06315972222222241
0 0.7523958333333334 0.6998263888888889 0.01320312500000003 0.027170138888889046
0 0.7292534722222223 0.5494965277777778 0.042925347222222264 0.07993055555555549
0 0.7013541666666667 0.5312239583333334 0.02163194444444451 0.06744791666666651
0 0.7224739583333333 0.5117968749999999 0.03460937499999991 0.07565104166666675
0 0.9817708333333334 0.5056423611111112 0.036458333333333336 0.0720486111111111
0 0.9782986111111112 0.2764756944444444 0.043402777777777776 0.0859375
0 0.9686111111111111 0.6131163194444444 0.021822916666666557 0.04859375000000002