0 0.9926215277777778 0.011284722222222222 0.014756944444444444 0.022569444444444444
0 0.9826388888888888 0.0703125 0.034722222222222224 0.059027777777777776
0 0.9973958333333334 0.3893229166666667 0.005208333333333333 0.04774305555555555
0 0.9904513888888888 0.8914930555555556 0.019097222222222224 0.024305555555555556
0 0.98828125 0.91796875 0.0234375 0.030381944444444444
0 0.9424565972222223 0.31433159722222215 0.02375000000000011 0.025225694444444398
0 0.9205815972222222 0.310546875 0.007682291666666587 0.03314236111111097
0 0.9606336805555556 0.2593836805555555 0.028072916666666795 0.020182291666666668
0 0.9912673611111111 0.8696961805555554 0.011388888888888794 0.01788194444444476
0 0.9986979166666666 0.8645833333333334 0.0026041666666666665 0.017361111111111112
0 0.9303211805555556 0.021119791666666603 0.025121527777777826 0.025694444444444367
0 0.9288194444444444 0.004340277777777778 0.024305555555555556 0.008680555555555556