0 0.26701388888888883 0.7732378472222222 0.022074652777777634 0.03328993055555567
0 0.24259548611111115 0.7575520833333333 0.03577256944444448 0.04562499999999995
0 0.2636197916666667 0.8047048611111111 0.023914930555555713 0.025737847222221905
0 0.21061631944444453 0.7220399305555555 0.01693576388888908 0.05022569444444455
0 0.2623784722222222 0.652439236111111 0.02177083333333327 0.07231770833333329
0 0.2267274305555556 0.5988975694444445 0.026102430555555698 0.04342881944444462
0 0.20705729166666664 0.5249826388888889 0.03086805555555551 0.050451388888888796
0 0.38077256944444454 0.36683159722222214 0.05295138888888889 0.03311631944444452
0 0.40546006944444435 0.4329427083333333 0.03643229166666649 0.06264756944444451
0 0.29296875 0.015190972222222222 0.026909722222222224 0.030381944444444444
0 0.31810763888888893 0.10234375000000008 0.021588541666666572 0.04743055555555545
0 0.2992013888888889 0.14891493055555552 0.012621527777777745 0.04289062499999988
0 0.33619791666666665 0.08692708333333342 0.023567708333333413 0.05665798611111109
0 0.3688107638888888 0.10425347222222214 0.037699652777777634 0.064453125
0 0.391388888888889 0.08791666666666664 0.03490451388888892 0.04243055555555565
0 0.41506076388888896 0.09488715277777773 0.013177083333333192 0.043559027777777634
0 0.39483506944444435 0.15636284722222232 0.03608506944444459 0.04202256944444432
0 0.36815972222222215 0.1789409722222223 0.03706597222222206 0.03901909722222206
0 0.3987065972222222 0.1909114583333334 0.03014756944444446 0.04507812499999986
0 0.3763541666666666 0.23453125000000005 0.04737847222222216 0.04292534722222206
0 0.3981423611111112 0.28821180555555553 0.032612847222222366 0.040138888888888696
0 0.3991319444444444 0.3269010416666666 0.01623263888888873 0.03149305555555573
0 0.41135416666666674 0.5758072916666666 0.021944444444444617 0.05036458333333332
0 0.3721006944444445 0.5875954861111112 0.030989583333333175 0.04513888888888889
0 0.35361979166666657 0.5816145833333333 0.01609374999999997 0.05207465277777759
0 0.35891493055555557 0.6456684027777777 0.019921874999999842 0.05549479166666652
0 0.4212760416666666 0.6265972222222221 0.03135416666666657 0.046119791666666764
0 0.38963541666666657 0.6679947916666666 0.03049479166666676 0.053324652777777634
0 0.4427083333333333 0.6846440972222223 0.022717013888888953 0.041215277777777795
0 0.4176822916666667 0.6725086805555556 0.03135416666666657 0.0353211805555556
0 0.40322916666666664 0.6867621527777779 0.03774305555555557 0.0450868055555556
0 0.38497395833333337 0.7048177083333333 0.02252604166666651 0.024340277777777745
0 0.41655381944444436 0.7655034722222224 0.03810763888888897 0.035260416666666766
0 0.3936371527777778 0.7521354166666667 0.0286024305555554 0.034340277777777733
0 0.4475 0.7283159722222222 0.03158854166666655 0.04301215277777794
0 0.42893229166666674 0.7332465277777778 0.030763888888888938 0.03753472222222203
0 0.4323524305555555 0.8020052083333332 0.052005208333333205 0.06804687500000009
0 0.4618142361111111 0.8559114583333335 0.02996527777777776 0.035859375000000346
0 0.42521701388888883 0.8457378472222222 0.026631944444444302 0.023793402777777653
0 0.4214583333333333 0.8790017361111112 0.03099826388888892 0.04144097222222203
0 0.44338541666666664 0.9129427083333334 0.02766493055555546 0.03298611111111111
0 0.4452951388888889 0.8868576388888888 0.017092013888888938 0.0188368055555554
0 0.4657118055555556 0.8898263888888889 0.026232638888888715 0.041848958333333366
0 0.4505121527777778 0.9678993055555556 0.03546006944444437 0.05307291666666695
0 0.4635416666666667 0.9973958333333334 0.036458333333333336 0.005208333333333333
0 0.4749826388888889 0.9623958333333332 0.022083333333333382 0.03807291666666638
0 0.46647569444444453 0.9294704861111112 0.020190972222222412 0.032031249999999685
0 0.48565104166666667 0.9474479166666667 0.014253472222222285 0.03239583333333308
0 0.5456336805555555 0.4662499999999999 0.02294270833333319 0.05069444444444452
0 0.5500694444444445 0.508767361111111 0.02065972222222238 0.03702256944444452
0 0.5526649305555557 0.5520399305555556 0.019340277777777953 0.04421875000000005
0 0.5728993055555556 0.5617968750000001 0.022638888888888827 0.03553819444444449
0 0.5540798611111111 0.6231336805555555 0.01534722222222208 0.03604166666666665
0 0.6183506944444443 0.874470486111111 0.03670138888888906 0.043871527777777745
0 0.819548611111111 0.9522395833333334 0.01282986111111089 0.03961805555555584
0 0.8101909722222224 0.8510590277777779 0.013880208333333144 0.05416666666666635
0 0.7153645833333333 0.8484461805555554 0.027560763888888888 0.03617187500000006
0 0.7284895833333334 0.8193315972222222 0.03216145833333349 0.039496527777777776
0 0.7342621527777777 0.7466579861111112 0.032829861111111254 0.032829861111111254
0 0.7970052083333334 0.7766232638888889 0.01422743055555584 0.028072916666666795
0 0.7321093750000001 0.5944097222222222 0.03537326388888889 0.041197916666666695
0 0.7046874999999999 0.5808767361111111 0.04766493055555543 0.038246527777777733
0 0.6814930555555555 0.6070833333333332 0.019088541666666476 0.029852430555555445
0 0.7154253472222223 0.5545399305555555 0.0509461805555556 0.02585937499999997
0 0.6704340277777777 0.5435156250000001 0.017361111111111112 0.02524305555555549
0 0.6719878472222223 0.5092274305555556 0.0158072916666667 0.030512152777777857
0 0.6611197916666666 0.47643229166666656 0.018628472222222255 0.02264756944444457
0 0.7349045138888888 0.46374131944444447 0.02514756944444427 0.048055555555555664
0 0.6582725694444443 0.45021701388888896 0.029288194444444256 0.04224826388888895
0 0.7079166666666666 0.37108506944444447 0.028394097222222255 0.030017361111111047
0 0.6620659722222223 0.33591145833333336 0.03408854166666665 0.05312499999999984
0 0.6321701388888888 0.3094010416666667 0.011458333333333175 0.03175347222222216
0 0.6332552083333334 0.33625868055555547 0.01115451388888881 0.03033854166666651
0 0.6713454861111112 0.28875868055555565 0.02667534722222224 0.050112847222222236
0 0.718984375 0.27934027777777776 0.02212673611111092 0.03767361111111119
0 0.9657465277777777 0.16874131944444454 0.018229166666666668 0.03976562499999995
0 0.8737239583333335 0.24809027777777773 0.012439236111111049 0.057473958333333366
0 0.8677951388888887 0.20977430555555562 0.007465277777778094 0.02809895833333324
0 0.9105121527777776 0.2703385416666667 0.04099826388888851 0.04580729166666665
0 0.9380381944444444 0.3099565972222222 0.045329861111111334 0.05312499999999984
0 0.9184201388888888 0.3255208333333333 0.0397569444444446 0.03570312500000009
0 0.8784461805555553 0.3246440972222222 0.010954861111111016 0.04015625000000019
0 0.9319704861111112 0.3954079861111111 0.03847222222222197 0.051935763888888827
0 0.8976388888888889 0.36688368055555565 0.034227430555555806 0.041744791666666795
0 0.9052690972222222 0.40763888888888883 0.028749999999999904 0.045998263888888696
0 0.9473350694444443 0.42912326388888883 0.0251909722222226 0.036736111111111254
0 0.9335069444444445 0.45822916666666674 0.022638888888888827 0.03546006944444437
0 0.9347222222222223 0.4993576388888889 0.03220486111111143 0.038411458333333336
0 0.9074913194444443 0.49801215277777783 0.02101562500000003 0.034036458333333366
0 0.8804079861111112 0.5198958333333334 0.00828124999999997 0.04605034722222238
0 0.9409375 0.5490190972222222 0.04494791666666645 0.03476562500000016
0 0.9496180555555556 0.5352864583333334 0.029140624999999747 0.03112847222222233
0 0.9381163194444445 0.5719097222222221 0.03898437499999988 0.03817708333333335
0 0.9183767361111109 0.5732291666666666 0.017222222222222347 0.02489583333333319
0 0.920685763888889 0.5945746527777778 0.014965277777777588 0.018411458333333366
0 0.9469010416666666 0.6111718749999999 0.03456597222222197 0.03828124999999992
0 0.9183767361111109 0.6220138888888889 0.016866319444444697 0.026276041666666652
0 0.9290711805555555 0.6947916666666667 0.029305555555555744 0.04530381944444449
0 0.9694270833333335 0.6931510416666666 0.01702256944444416 0.029218749999999873
0 0.961467013888889 0.734470486111111 0.028680555555555525 0.03802083333333349
0 0.9223697916666668 0.7619010416666667 0.039913194444444064 0.05479166666666657
0 0.9295486111111112 0.8492013888888891 0.028333333333333616 0.04388020833333349
0 0.9424913194444444 0.9320052083333334 0.02631944444444419 0.04228298611111114
0 0.9732812499999999 0.9726822916666669 0.025972222222222285 0.035295138888888765
0 0.9344357638888887 0.8938802083333334 0.03344618055555534 0.031362847222222316
0 0.8838975694444444 0.14271701388888897 0.0068836805555558085 0.014565972222222397
0 0.893767361111111 0.19725694444444444 0.011588541666666983 0.02227430555555543
0 0.8934982638888889 0.21919270833333332 0.0059201388888886364 0.009375000000000158
0 0.8898090277777777 0.23503472222222221 0.008628472222221874 0.021032986111111127
0 0.9551128472222222 0.07194444444444453 0.02279513888888908 0.021579861111111223
0 0.9542361111111113 0.4645486111111112 0.033203125 0.03279513888888906
0 0.9952256944444444 0.7035590277777778 0.009548611111111112 0.03211805555555555
0 0.9604600694444443 0.7611718749999999 0.018559027777777872 0.01782118055555573
0 0.9386284722222223 0.7583420138888888 0.023854166666666288 0.022699652777777857
0 0.9812673611111111 0.8492534722222224 0.020434027777777745 0.02553819444444451
0 0.6969097222222221 0.3049131944444444 0.0237847222222223 0.053706597222222124
0 0.7121354166666668 0.34442708333333333 0.015130208333333192 0.022039930555555445
0 0.7322656249999999 0.359140625 0.00944444444444454 0.023862847222222032
0 0.6527604166666667 0.42499999999999993 0.010251736111111064 0.018906250000000173
0 0.6534809027777777 0.39194444444444443 0.01859375000000006 0.03257812500000017
0 0.5711545138888889 0.5942708333333333 0.01399305555555546 0.04092881944444452
0 0.5847222222222221 0.5834982638888889 0.015121527777777841 0.016458333333333366
0 0.5544878472222222 0.5935243055555556 0.010807291666666509 0.021588541666666572
0 0.5529427083333334 0.5789409722222223 0.010920138888888827 0.01533854166666673