0 0.24611111111111109 0.09167534722222213 0.016605902777777872 0.03142361111111095
0 0.22927083333333323 0.1925520833333333 0.02316840277777743 0.04009548611111116
0 0.2139149305555554 0.1434375 0.03020833333333349 0.022352430555555556
0 0.24081597222222229 0.1273350694444445 0.01868923611111089 0.033342013888888765
0 0.2180034722222221 0.12335069444444437 0.017942708333333397 0.026128472222222143
0 0.21790798611111128 0.4056597222222222 0.023125000000000284 0.03793402777777762
0 0.20768229166666666 0.47761284722222225 0.023880208333333524 0.042855902777777684
0 0.18500868055555564 0.511814236111111 0.017352430555555368 0.045355902777777776
0 0.1817361111111112 0.44983506944444446 0.010815972222222255 0.028680555555555525
0 0.1870572916666665 0.5596614583333334 0.019427083333333428 0.05209201388888908
0 0.18066840277777788 0.4788628472222223 0.01173611111111149 0.03207465277777762
0 0.18467881944444445 0.4087847222222223 0.01311631944444416 0.03140624999999986
0 0.20475694444444453 0.2677951388888889 0.020772569444444697 0.04923611111111094
0 0.24277777777777765 0.8518315972222221 0.021371527777777684 0.049887152777778
0 0.6526215277777779 0.9117708333333334 0.03493923611111111 0.03288194444444454
0 0.7142621527777777 0.9066145833333334 0.027907986111110797 0.027369791666666445
0 0.6479947916666665 0.8839322916666666 0.0424045138888892 0.03293402777777743
0 0.6835416666666667 0.870329861111111 0.04351562500000009 0.039982638888889234
0 0.63671875 0.8310677083333332 0.023715277777777526 0.04456597222222235
0 0.6615451388888888 0.8408680555555554 0.026779513888889203 0.027942708333332986
0 0.6411718750000001 0.8560763888888887 0.022491319444444317 0.039123263888888635
0 0.6517881944444446 0.8100260416666667 0.033611111111111334 0.034973958333333305
0 0.6614930555555555 0.7844270833333332 0.04712673611111108 0.04499131944444438
0 0.6538802083333333 0.7397916666666666 0.039982638888889234 0.044722222222222205
0 0.6558767361111113 0.6979774305555555 0.02054687500000006 0.03779513888888886
0 0.6777083333333331 0.655390625 0.04079861111111111 0.040520833333333194
0 0.6755381944444443 0.6149305555555556 0.034236111111110766 0.05068576388888878
0 0.7041145833333332 0.5933333333333333 0.047656249999999685 0.09059895833333324
0 0.7233333333333335 0.5055555555555556 0.029453125000000253 0.06257812500000012
0 0.7057638888888889 0.47507812499999996 0.03476562500000016 0.05703124999999984
0 0.7248003472222221 0.4351822916666666 0.030529513888888953 0.06597222222222222
0 0.7198958333333335 0.2678038194444444 0.01915798611111086 0.04001736111111103
0 0.6802083333333333 0.06933159722222212 0.019722222222222443 0.04347222222222216