0 0.11460937500000018 0.25203993055555546 0.020295138888888984 0.041362847222222304
0 0.2799479166666667 0.018229166666666668 0.025173611111111112 0.036458333333333336
0 0.2647569444444444 0.004774305555555556 0.015625 0.009548611111111112
0 0.3825954861111111 0.07258680555555547 0.008333333333333649 0.05110243055555546
0 0.3803819444444443 0.12093749999999995 0.010833333333332954 0.04311631944444451
0 0.2609895833333332 0.11345486111111115 0.015026041666667014 0.07928819444444457
0 0.2773263888888889 0.12873263888888886 0.018263888888888857 0.043810763888888715
0 0.30254340277777797 0.13890624999999998 0.03456597222222197 0.04986111111111116
0 0.33606770833333344 0.1175173611111112 0.02650173611111089 0.04684027777777781
0 0.35046874999999983 0.11946180555555547 0.018663194444444444 0.032092013888888715
0 0.3279600694444444 0.1818576388888889 0.026423611111110763 0.02293402777777784
0 0.38026909722222235 0.30681423611111114 0.019201388888888796 0.048480902777777696
0 0.3809288194444444 0.35419270833333333 0.01664062500000006 0.03225694444444432
0 0.2941232638888888 0.46541666666666676 0.04131944444444476 0.040494791666666745
0 0.2973090277777778 0.40149305555555553 0.030295138888888573 0.04156250000000009
0 0.30560763888888887 0.3662586805555556 0.024557291666666634 0.03697916666666659
0 0.28430555555555553 0.5036197916666667 0.029131944444444793 0.040642361111111254
0 0.369670138888889 0.48282118055555556 0.02293402777777784 0.03878472222222208
0 0.35733506944444454 0.5353298611111111 0.03985243055555543 0.06493055555555571
0 0.38325520833333354 0.44455729166666674 0.015954861111111204 0.050894097222222316
0 0.3673090277777777 0.3864236111111112 0.01447916666666692 0.03289062499999989
0 0.3810416666666667 0.39771701388888897 0.013394097222222475 0.025052083333333443
0 0.3022395833333332 0.5565885416666667 0.025876736111111458 0.044913194444444256
0 0.2856684027777779 0.5663368055555557 0.02402777777777803 0.046762152777777684
0 0.38270833333333343 0.6512413194444444 0.012447916666666793 0.03263888888888881
0 0.3884114583333332 0.6917187499999999 0.00951388888888892 0.04706597222222205
0 0.30332465277777765 0.7125694444444446 0.033012152777777554 0.05593750000000005
0 0.2924218749999999 0.6937760416666667 0.017352430555555368 0.027682291666666557
0 0.29556423611111093 0.6642881944444444 0.019756944444444632 0.03388020833333351
0 0.30855902777777783 0.6674218749999999 0.018663194444444444 0.025807291666666683
0 0.3518229166666668 0.7273784722222223 0.021380208333333428 0.03628472222222238
0 0.3059895833333333 0.9869791666666666 0.021701388888888888 0.026041666666666668
0 0.43953993055555546 0.44844618055555546 0.016866319444444697 0.029166666666666587
0 0.45516493055555546 0.4509548611111111 0.010208333333333522 0.019869791666666557
0 0.4578472222222223 0.47375 0.010885416666666635 0.021432291666666714
0 0.452595486111111 0.4960243055555556 0.012213541666666414 0.02276041666666649
0 0.4396875 0.48064236111111114 0.007135416666666888 0.017751736111110954
0 0.42728298611111115 0.45276909722222214 0.007352430555555777 0.02028645833333324
0 0.4418663194444446 0.49335069444444435 0.007803819444444255 0.01653645833333349
0 0.45559895833333325 0.5217274305555555 0.0067795138888892366 0.015182291666666478
0 0.4673090277777779 0.5334201388888888 0.00806423611111108 0.025086805555555633
0 0.46609375000000003 0.563576388888889 0.005243055555555524 0.015928819444444367
0 0.4620138888888887 0.5696614583333334 0.005668402777777557 0.013784722222222316
0 0.4664322916666666 0.5861631944444444 0.0051649305555553976 0.014357638888888857
0 0.46008680555555553 0.5793315972222223 0.00895833333333308 0.009887152777777667
0 0.4648003472222221 0.6236892361111112 0.008776041666666382 0.01473958333333335
0 0.46707465277777793 0.6139149305555556 0.00612847222222257 0.015407986111111112
0 0.47114583333333354 0.6197395833333333 0.004270833333333396 0.015130208333333192
0 0.46078125000000014 0.5954947916666666 0.007847222222222191 0.01361111111111097
0 0.4557725694444446 0.583359375 0.007847222222222191 0.010425347222222412
0 0.6064322916666668 0.8171875000000001 0.025972222222222285 0.053663194444444194
0 0.5813454861111111 0.7486805555555556 0.02836805555555581 0.05251736111111111
0 0.5617795138888889 0.5805121527777778 0.038307291666666764 0.059088541666666806
0 0.6113107638888889 0.6009548611111111 0.019644097222222316 0.07421875
0 0.6048611111111113 0.5302256944444443 0.02139756944444413 0.04968749999999981
0 0.5582204861111113 0.47149305555555565 0.045755208333333366 0.04486111111111097
0 0.5504600694444446 0.3751128472222223 0.039123263888888635 0.03339409722222205
0 0.3220486111111111 0.16131076388888882 0.024444444444444317 0.026293402777777745
0 0.3246788194444446 0.13645833333333338 0.01313368055555565 0.01874999999999992
0 0.006944444444444444 0.7035590277777778 0.013888888888888888 0.03211805555555555