0 0.046875 0.6815538194444445 0.03507812499999988 0.08123263888888882
0 0.08022569444444451 0.5630729166666667 0.02091145833333346 0.05033854166666648
0 0.023359374999999873 0.5212847222222222 0.013628472222222065 0.02279513888888908
0 0.07665798611111106 0.2827777777777778 0.02749131944444451 0.05156250000000008
0 0.02160590277777767 0.20654513888888892 0.015468749999999747 0.04019097222222238
0 0.042760416666666856 0.1725868055555555 0.014982638888889078 0.028593750000000046
0 0.2968229166666667 0.20515624999999993 0.028072916666666795 0.04242187499999991
0 0.26346354166666686 0.26624131944444446 0.014539930555555556 0.04470486111111111
0 0.27140624999999985 0.29858506944444446 0.024991319444444413 0.046753472222222335
0 0.25913194444444443 0.4197048611111111 0.022942708333333586 0.044930555555555744
0 0.23829861111111109 0.8111458333333333 0.03934027777777752 0.033715277777777906
0 0.480234375 0.5542968749999999 0.045104166666666695 0.10388020833333339
0 0.6836371527777779 0.2604774305555555 0.012013888888889015 0.044470486111111124
0 0.7011197916666667 0.3258767361111112 0.02739583333333368 0.04885416666666684
0 0.6826649305555554 0.37078125000000006 0.014713541666666509 0.06243923611111097
0 0.7011197916666667 0.3767274305555556 0.02739583333333368 0.04986979166666651
0 0.6995833333333334 0.4285503472222223 0.03324652777777794 0.04789930555555541
0 0.6818315972222221 0.47321180555555564 0.01483506944444457 0.036657986111111124
0 0.7082725694444443 0.5075607638888889 0.022378472222222 0.041388888888888746
0 0.6957638888888888 0.6066666666666668 0.009869791666666572 0.014722222222222255
0 0.7168750000000002 0.5382204861111111 0.00698784722222238 0.012404513888888857
0 0.6828732638888889 0.30834201388888893 0.011362847222222349 0.042621527777777696
0 0.0632291666666668 0.32825520833333344 0.02069444444444457 0.022994791666666476
0 0.03930555555555573 0.2933506944444445 0.011684027777777809 0.021111111111111254
0 0.03594618055555543 0.39346354166666664 0.01729166666666673 0.032769097222222224
0 0.2961458333333332 0.7405121527777777 0.015885416666666825 0.06061631944444438
0 0.6788368055555556 0.6406510416666666 0.0038194444444441286 0.01455729166666665
0 0.6976041666666666 0.6523524305555556 0.010060763888889015 0.010130208333333397
0 0.6800694444444445 0.43601562499999996 0.008949652777778126 0.026102430555555698
0 0.7165364583333331 0.42277777777777775 0.021137152777778095 0.03643229166666649
0 0.716032986111111 0.23347222222222225 0.028237847222222 0.05088541666666657