0 0.3611284722222222 0.3227517361111111 0.025685763888889015 0.03982638888888898
0 0.3750607638888888 0.33994791666666657 0.022031250000000096 0.030946180555555633
0 0.3745052083333334 0.2945486111111111 0.035295138888888765 0.04420138888888895
0 0.38636284722222214 0.37113715277777776 0.016336805555555698 0.03565972222222216
0 0.3653038194444444 0.3784895833333333 0.022404513888888842 0.038732638888888796
0 0.3702170138888889 0.6024131944444444 0.029062500000000015 0.07381944444444441
0 0.38999131944444443 0.6105729166666668 0.032873263888888796 0.060494791666666714
0 0.411015625 0.9440972222222221 0.008654513888888715 0.013029513888889078
0 0.4080381944444444 0.9144357638888887 0.013689236111111095 0.017743055555555207
0 0.6736718749999999 0.6526996527777779 0.024843749999999904 0.06684895833333353
0 0.6597222222222222 0.9995659722222222 0.010416666666666666 0.0008680555555555555
0 0.6620572916666667 0.8272135416666665 0.016875000000000046 0.03345486111111108
0 0.6779513888888888 0.8334461805555556 0.014921875000000048 0.034644097222222094
0 0.6590885416666666 0.7871875000000002 0.022812500000000173 0.051762152777777876
0 0.6615538194444444 0.5466232638888889 0.021440972222222063 0.044392361111111
0 0.64234375 0.4614496527777777 0.008836805555555414 0.033715277777777906
0 0.8544270833333335 0.7466059027777777 0.03084201388888867 0.08368055555555563