0 0.16730034722222223 0.7343402777777778 0.03449652777777759 0.05616319444444429
0 0.21605902777777786 0.7616753472222221 0.009348958333333317 0.05009548611111095
0 0.12479166666666666 0.6998611111111112 0.032855902777777696 0.062230902777777826
0 0.17575520833333336 0.6281510416666668 0.0252083333333333 0.03791666666666652
0 0.1313541666666666 0.5381684027777778 0.04216145833333348 0.0628125000000001
0 0.18212673611111108 0.5126128472222222 0.020078125000000096 0.03671875000000016
0 0.21929687500000009 0.5004947916666667 0.012300347222222285 0.03269965277777784
0 0.21652777777777782 0.42256076388888886 0.011987847222222174 0.02212673611111092
0 0.6153124999999999 0.07268229166666668 0.01174479166666684 0.03345486111111108
0 0.5953645833333332 0.22142361111111106 0.019991319444444617 0.04912326388888902
0 0.5751649305555555 0.3387586805555556 0.03538194444444463 0.06078993055555573
0 0.5378993055555557 0.2969270833333333 0.010937499999999921 0.02847222222222238
0 0.5469097222222222 0.33477430555555565 0.025052083333333443 0.07046874999999986