0 0.20212673611111104 0.4848003472222222 0.035486111111111204 0.05569444444444432
0 0.19756944444444435 0.42478298611111104 0.030017361111111047 0.057621527777777876
0 0.22461805555555556 0.49953125000000004 0.029496527777777795 0.04867187500000014
0 0.20972222222222214 0.5315451388888888 0.025946180555555445 0.044166666666666764
0 0.1878819444444445 0.4957118055555555 0.016892361111111143 0.03583333333333351
0 0.19053819444444445 0.5358420138888889 0.016996527777777715 0.05067708333333343
0 0.21169270833333323 0.6565798611111112 0.007187500000000174 0.01984375000000011
0 0.23631076388888891 0.6368489583333334 0.01004340277777792 0.012178819444444619
0 0.22559895833333343 0.7087413194444445 0.015199652777777968 0.02124131944444427
0 0.5627517361111111 0.5028385416666666 0.01666666666666651 0.04086805555555549
0 0.5790190972222222 0.5501996527777777 0.028576388888888953 0.07294270833333351
0 0.5989670138888888 0.5141059027777778 0.03607638888888884 0.06429687500000014
0 0.6257031249999999 0.5168836805555556 0.017387152777777953 0.06358506944444445
0 0.6398350694444443 0.5307552083333333 0.020928819444444555 0.0764843750000001