0 0.12809027777777773 0.84765625 0.024184027777777492 0.02660590277777746
0 0.11823784722222225 0.8665885416666667 0.015269097222222349 0.02384548611111133
0 0.10562499999999986 0.8511979166666666 0.006493055555555177 0.015581597222222065
0 0.11383680555555545 0.9553645833333333 0.015972222222221905 0.01860243055555581
0 0.14404513888888892 0.9051562499999998 0.006866319444444318 0.013159722222222095
0 0.14980034722222235 0.8901388888888889 0.011024305555555398 0.012986111111111143
0 0.1418315972222221 0.9187152777777778 0.007065972222222506 0.015043402777777715
0 0.15554687500000006 0.8334895833333332 0.0216666666666667 0.028767361111111396
0 0.1323177083333332 0.8053993055555557 0.04205729166666651 0.0546875
0 0.11046006944444445 0.774262152777778 0.023177083333333175 0.044262152777777786
0 0.17085937499999992 0.7730815972222221 0.03587673611111105 0.0548524305555556
0 0.1420659722222221 0.7556336805555556 0.04588541666666638 0.04913194444444437
0 0.1539149305555555 0.7201562499999999 0.04852430555555524 0.059184027777777634
0 0.1926649305555554 0.7041927083333334 0.01205729166666695 0.026189236111111173
0 0.1714930555555555 0.6758420138888889 0.038854166666666856 0.05913194444444435
0 0.16872395833333323 0.5584374999999999 0.03636284722222251 0.06332465277777762
0 0.10819444444444433 0.4830729166666667 0.024557291666666634 0.04015625000000019
0 0.10242187499999982 0.5064062500000001 0.017751736111110954 0.03020833333333349
0 0.17211805555555573 0.42581597222222217 0.03847222222222197 0.03761284722222216
0 0.13121527777777764 0.4513975694444444 0.02526909722222194 0.04177951388888898
0 0.17701388888888894 0.4556597222222223 0.025729166666666952 0.028550347222222112
0 0.18168402777777792 0.5066666666666667 0.03852430555555565 0.0685763888888889
0 0.13430555555555537 0.27348090277777776 0.03876736111111098 0.047777777777777745
0 0.1627864583333335 0.24254340277777786 0.020156250000000223 0.030763888888888938
0 0.12096354166666659 0.22420138888888885 0.02980034722222216 0.04216145833333348
0 0.09618055555555571 0.2135677083333333 0.014600694444444192 0.024670138888888953