0 0.35638888888888887 0.5112586805555553 0.08411458333333302 0.13948784722222188
0 0.9166666666666666 0.004340277777777778 0.0642361111111111 0.008680555555555556
0 0.7287326388888888 0.005208333333333333 0.059895833333333336 0.010416666666666666
0 0.7062934027777779 0.1257465277777779 0.052552083333333305 0.11761284722222204
0 0.71484375 0.030815972222222224 0.04774305555555555 0.06163194444444445
0 0.9590364583333333 0.48296006944444436 0.07006944444444467 0.15138888888888857
0 0.9496527777777778 0.23210069444444453 0.07381944444444441 0.1126041666666669
0 0.9552777777777778 0.31217881944444453 0.06506076388888873 0.1126041666666669
0 0.7094270833333335 0.5843055555555554 0.05630208333333305 0.08382812499999975
0 0.9627864583333334 0.3503385416666668 0.07006944444444467 0.12136284722222257
0 0.24703124999999992 0.41718749999999993 0.023967013888888604 0.04677083333333343
0 0.9537413194444445 0.046354166666666745 0.02707465277777743 0.03291666666666673
0 0.9709201388888888 0.010850694444444444 0.0234375 0.021701388888888888
0 0.9423524305555557 0.11916666666666684 0.02793402777777803 0.06002604166666635