0 0.8147829861111111 0.14980902777777771 0.012274305555555642 0.026805555555555652
0 0.8198350694444445 0.23659722222222218 0.008081597222222174 0.01927951388888892
0 0.8083767361111112 0.2753385416666667 0.02829861111111103 0.03025173611111103
0 0.8267621527777778 0.2719704861111111 0.007847222222222191 0.01174479166666684
0 0.8001215277777778 0.29489583333333336 0.010199652777777778 0.01807291666666681
0 0.8086979166666667 0.3890972222222222 0.025729166666666754 0.028585069444444302
0 0.8334201388888889 0.42315972222222226 0.018585069444444515 0.02671006944444443
0 0.8222395833333334 0.3108333333333333 0.006475694444444476 0.010685763888888842
0 0.80578125 0.45280381944444453 0.017769097222222245 0.022725694444444302
0 0.8063368055555555 0.5646788194444444 0.015043402777777715 0.030347222222222255
0 0.8094184027777778 0.6090017361111111 0.038394097222222236 0.027638888888889015
0 0.8260850694444444 0.6886545138888889 0.03724826388888896 0.05712673611111106
0 0.8088541666666667 0.7222222222222222 0.026050347222222214 0.0401215277777776
0 0.8206770833333333 0.7602430555555553 0.03604166666666665 0.03690104166666666
0 0.79828125 0.7874999999999999 0.01772569444444451 0.0656944444444445
0 0.8515625 0.8057204861111111 0.03117187500000007 0.046119791666666764
0 0.8538454861111111 0.6456510416666666 0.014592013888888842 0.024878472222222097
0 0.8272222222222223 0.5324218749999999 0.00813368055555546 0.016076388888888873