0 0.1306423611111111 0.98046875 0.028645833333333332 0.0390625
0 0.14260416666666684 0.9596701388888889 0.041623263888888734 0.051857638888888696
0 0.14703993055555545 0.9245659722222221 0.036597222222222094 0.055390625000000346
0 0.1892708333333333 0.8998524305555556 0.0397569444444446 0.05992187499999978
0 0.16026041666666657 0.8846267361111112 0.02510416666666673 0.04176215277777749
0 0.1723871527777779 0.8543055555555554 0.029053819444444667 0.05325520833333365
0 0.13577256944444432 0.8368402777777777 0.025815972222222032 0.05144097222222241
0 0.16085937499999994 0.7860503472222224 0.032473958333333205 0.05460069444444433
0 0.1466666666666667 0.7178993055555556 0.03264756944444416 0.06415798611111098
0 0.1817708333333334 0.704453125 0.043550347222222285 0.06158854166666651
0 0.1888888888888888 0.6537413194444444 0.033211805555555744 0.04965277777777762
0 0.26030381944444436 0.713888888888889 0.010937500000000315 0.052934027777777795
0 0.2491406250000002 0.8240972222222224 0.02173611111111108 0.07190972222222235
0 0.2639409722222222 0.8051215277777778 0.009574652777777557 0.04619791666666689
0 0.1854513888888888 0.4901649305555556 0.02603298611111092 0.043463541666666806
0 0.26773437499999986 0.4531423611111111 0.009756944444444256 0.04170138888888886