0 0.4982638888888889 0.9926215277777778 0.05555555555555555 0.014756944444444444
0 0.39851562500000015 0.21203993055555553 0.02562500000000038 0.0910503472222221
0 0.4539930555555556 0.23556423611111102 0.015208333333333712 0.02797743055555557
0 0.4698611111111113 0.2446354166666666 0.02651909722222238 0.04684895833333316
0 0.4820399305555555 0.3188020833333333 0.03604166666666705 0.06955729166666676
0 0.45472222222222236 0.3922829861111112 0.03429687500000019 0.06147569444444459
0 0.4733854166666668 0.44290798611111115 0.031223958333333555 0.03859375000000003
0 0.4529600694444444 0.44909722222222215 0.033715277777777906 0.04947048611111092
0 0.4498003472222223 0.5099045138888889 0.046493055555555905 0.06967881944444443
0 0.459748263888889 0.5826128472222223 0.040685763888888796 0.057135416666666806
0 0.4770572916666668 0.6989236111111112 0.02901041666666673 0.054635416666666714