0 0.14649305555555556 0.2558072916666667 0.03354166666666655 0.06905381944444461
0 0.8487413194444444 0.5229166666666667 0.010217013888889268 0.017934027777777653
0 0.8915104166666666 0.4958767361111111 0.010781250000000063 0.020998263888888542
0 0.8837499999999999 0.5017795138888891 0.009904513888888763 0.01447916666666692
0 0.8693576388888888 0.5190364583333332 0.022873263888889203 0.032144097222222
0 0.8298524305555554 0.3625347222222221 0.01877604166666676 0.08013020833333367
0 0.8394357638888891 0.30834201388888893 0.013593749999999873 0.03785590277777749
0 0.9430729166666667 0.22235243055555565 0.012100694444444096 0.046935763888888635
0 0.8861284722222224 0.07382812500000016 0.010998263888888951 0.025234374999999747
0 0.9063020833333333 0.10097222222222237 0.01985243055555546 0.026050347222222412
0 0.9264149305555556 0.08218749999999986 0.022708333333333205 0.03315104166666632
0 0.953125 0.013454861111111112 0.022569444444444444 0.026909722222222224