0 0.2582465277777778 0.030815972222222224 0.06163194444444445 0.06163194444444445
0 0.11085937500000004 0.05881944444444463 0.041154513888888765 0.10539062499999988
0 0.3070052083333334 0.20310763888888891 0.06593750000000004 0.15552083333333322
0 0.16723090277777786 0.1717274305555555 0.07894965277777762 0.1684982638888886
0 0.1163107638888887 0.13726562500000009 0.040833333333333305 0.08558159722222235
0 0.15306423611111106 0.26235243055555557 0.07080729166666641 0.10472222222222251
0 0.23817708333333343 0.2765190972222224 0.08855034722222241 0.1352951388888886
0 0.2729427083333332 0.4020312499999999 0.08633680555555559 0.12835069444444416
0 0.11995659722222227 0.37730902777777764 0.042508680555555775 0.15885416666666666
0 0.3281770833333333 0.4883246527777779 0.060034722222222094 0.14932291666666705
0 0.3454166666666667 0.5794618055555555 0.022751736111111143 0.06243055555555562
0 0.1931423611111111 0.4794791666666668 0.03739583333333327 0.060217013888888796
0 0.7921006944444444 0.03819444444444445 0.059895833333333336 0.0763888888888889