0 0.03864583333333332 0.30951388888888887 0.01515625000000003 0.04653645833333345
0 0.29296875 0.6594618055555556 0.017282986111110985 0.029305555555555744
0 0.2894270833333334 0.6356597222222222 0.012890624999999921 0.021753472222222174
0 0.3332899305555556 0.5740017361111112 0.02046874999999994 0.05117187499999984
0 0.2874826388888889 0.48906250000000007 0.02268229166666676 0.04055555555555538
0 0.31042534722222215 0.42401909722222225 0.02227430555555543 0.03618923611111116
0 0.26690104166666667 0.4171701388888888 0.01726562499999989 0.03646701388888908
0 0.2748090277777777 0.38052083333333325 0.02276041666666649 0.04140624999999984
0 0.2899392361111111 0.3153819444444444 0.026015624999999827 0.04615451388888895
0 0.32556423611111107 0.04603298611111109 0.026614583333333205 0.04271701388888892
0 0.5996440972222222 0.7746006944444446 0.013689236111111095 0.028680555555555723
0 0.5971961805555556 0.7562326388888889 0.014826388888888827 0.02709201388888892
0 0.6010503472222223 0.7291753472222222 0.014826388888888827 0.02566840277777792
0 0.5860503472222223 0.6605989583333334 0.022734375000000046 0.042699652777777826
0 0.5995486111111111 0.6617795138888888 0.024800347222222366 0.053229166666666806
0 0.5804947916666667 0.6210243055555557 0.01483506944444457 0.027777777777777776
0 0.5992621527777777 0.6162586805555557 0.02730902777777781 0.03827256944444457
0 0.5897829861111111 0.5781684027777777 0.036614583333333194 0.0442274305555554
0 0.5898697916666666 0.5408420138888889 0.031015625000000015 0.03511284722222206
0 0.5687760416666667 0.5200954861111112 0.007456597222222349 0.02315104166666673
0 0.8983246527777777 0.7751475694444446 0.03680555555555524 0.057934027777777786
0 0.9030034722222224 0.5774565972222222 0.024236111111111173 0.03938368055555546
0 0.8896180555555557 0.3511458333333333 0.0262673611111113 0.05120659722222203
0 0.8705381944444446 0.3343315972222223 0.00974826388888851 0.04524305555555546
0 0.9113888888888889 0.22538194444444454 0.022517361111110763 0.03772569444444448
0 0.90625 0.016059027777777776 0.03298611111111111 0.03211805555555555