0 0.20084201388888878 0.031050347222222205 0.04828993055555565 0.04464409722222208
0 0.9396701388888888 0.6691666666666668 0.014392361111111049 0.02728298611111097
0 0.9362239583333335 0.5747743055555556 0.015407986111111112 0.02124131944444427
0 0.9561111111111111 0.5630642361111112 0.019843749999999716 0.03883680555555537
0 0.9661111111111111 0.5278385416666667 0.016519097222222 0.030034722222222143
0 0.9765798611111111 0.4638194444444444 0.03192708333333311 0.0548524305555556
0 0.9242708333333335 0.46439236111111115 0.02533854166666632 0.0390625
0 0.9356944444444445 0.4306249999999999 0.029079861111111112 0.03753472222222203
0 0.9625434027777777 0.44002604166666676 0.03857638888888854 0.0489930555555556
0 0.9495920138888887 0.3076475694444445 0.020703125000000315 0.02226562500000008
0 0.9908854166666666 0.3220486111111111 0.018229166666666668 0.029513888888888888
0 0.9518489583333335 0.24802083333333336 0.013932291666666825 0.015824652777777795
0 0.9591840277777778 0.28235243055555553 0.021032986111110732 0.025260416666666587