0 0.27999999999999997 0.23762152777777779 0.016961805555555525 0.05867187500000012
0 0.21420138888888887 0.7654687499999997 0.03148437499999998 0.04448784722222202
0 0.20539930555555547 0.8294444444444444 0.0262673611111113 0.047951388888888696
0 0.5941840277777778 0.9969618055555556 0.019965277777777776 0.006076388888888889
0 0.5924826388888889 0.8861545138888888 0.019756944444444632 0.04099826388888851
0 0.5705729166666667 0.8897916666666666 0.021293402777777953 0.03788194444444473
0 0.604609375 0.7844097222222222 0.012838541666666635 0.02631944444444439
0 0.5725260416666667 0.2661718750000001 0.013767361111111221 0.030017361111111047
0 0.529392361111111 0.94359375 0.008333333333333255 0.015407986111111112
0 0.6106857638888888 0.9482812500000001 0.0057638888888887786 0.018020833333333524
0 0.5910590277777779 0.9612934027777776 0.013298611111111254 0.01576388888888876
0 0.538203125 0.8873524305555556 0.017499999999999873 0.030008680555555303
0 0.5985503472222222 0.6410503472222222 0.018064236111111062 0.020269097222222143
0 0.6128472222222222 0.9904513888888888 0.008680555555555556 0.019097222222222224
0 0.6139756944444444 0.9327864583333335 0.005373263888888936 0.012925347222222506
0 0.614375 0.8331510416666666 0.012196180555555713 0.01939236111111124