0 0.3165538194444445 0.06280381944444437 0.022378472222222397 0.039652777777777634
0 0.29647569444444444 0.050737847222222264 0.014661458333333223 0.02384548611111094
0 0.2761892361111112 0.18393229166666675 0.023984375000000096 0.04905381944444463
0 0.2858854166666666 0.22006944444444443 0.030651041666666618 0.042517361111111124
0 0.29635416666666675 0.28427083333333336 0.013576388888888779 0.026015624999999827
0 0.28155381944444435 0.3117013888888888 0.01059027777777762 0.017673611111111223
0 0.33667534722222214 0.3319184027777777 0.009392361111111254 0.033151041666666714
0 0.3007204861111112 0.09165798611111103 0.008168402777777651 0.013368055555555635
0 0.2853732638888889 0.020086805555555642 0.014913194444444302 0.020755208333333205
0 0.2530381944444444 0.024739583333333332 0.016493055555555556 0.049479166666666664
0 0.27124131944444446 0.12712673611111114 0.029887152777777634 0.040217013888888827
0 0.5227256944444445 0.8333246527777776 0.027213541666666587 0.04130208333333327
0 0.49562500000000004 0.7874999999999999 0.01625868055555557 0.04696180555555567
0 0.5183680555555557 0.7732378472222222 0.023914930555555713 0.032309027777777805
0 0.5245659722222222 0.7301562500000001 0.04229166666666649 0.0545225694444444
0 0.4950868055555555 0.738515625 0.01600694444444449 0.04379340277777762
0 0.49612847222222217 0.6926475694444445 0.013932291666666825 0.04187499999999981
0 0.5145052083333334 0.696267361111111 0.02748263888888876 0.039965277777777745
0 0.5401128472222223 0.6756336805555555 0.022847222222222366 0.038628472222222224
0 0.5425607638888889 0.6907725694444444 0.013784722222222316 0.02092013888888881
0 0.5293055555555556 0.6436197916666667 0.03447916666666649 0.043619791666666664
0 0.5482899305555556 0.5658593749999999 0.029279513888888904 0.08687499999999994
0 0.5272569444444445 0.33906249999999993 0.022144097222222412 0.032473958333333205
0 0.5198697916666668 0.38934895833333333 0.01427083333333338 0.025755208333333397
0 0.5025260416666667 0.42244791666666676 0.011519097222222207 0.02542534722222219
0 0.5076822916666666 0.47958333333333336 0.007855902777777935 0.0182725694444446
0 0.8855381944444444 0.15186631944444448 0.02399305555555584 0.04443576388888894
0 0.8478645833333331 0.10190104166666675 0.009678819444444129 0.022230902777777888
0 0.8550347222222222 0.010416666666666666 0.027777777777777776 0.020833333333333332
0 0.8758680555555556 0.004340277777777778 0.010416666666666666 0.008680555555555556