0 0.033854166666666664 0.9934895833333334 0.027777777777777776 0.013020833333333334
0 0.052083333333333336 0.9856770833333334 0.019097222222222224 0.028645833333333332
0 0.05267361111111097 0.9019270833333333 0.02315104166666673 0.03718750000000012
0 0.05493923611111108 0.9282812500000001 0.01368923611111149 0.027769097222222032
0 0.07439236111111096 0.8602604166666666 0.015833333333333144 0.0260850694444446
0 0.010850694444444444 0.7621527777777778 0.021701388888888888 0.046875
0 0.018012152777777776 0.7255295138888889 0.016406249999999685 0.028593750000000046
0 0.09156250000000002 0.7256944444444444 0.0163194444444446 0.019071180555555383
0 0.08899305555555553 0.7766927083333334 0.016171875000000096 0.035164930555555744
0 0.10026909722222241 0.672638888888889 0.016059027777777776 0.0284201388888887
0 0.09238715277777763 0.6622309027777779 0.01851562499999994 0.023020833333333317
0 0.04405381944444445 0.6619878472222221 0.01761284722222219 0.023003472222222224
0 0.07861111111111106 0.5873784722222223 0.02269965277777746 0.04342881944444462
0 0.09448784722222214 0.1459895833333334 0.025399305555555744 0.04872395833333343
0 0.0030381944444444445 0.921875 0.006076388888888889 0.05381944444444445
0 0.08768229166666686 0.7455121527777777 0.011085069444444824 0.02649305555555554
0 0.06791666666666647 0.830078125 0.014470486111111173 0.018116319444444348
0 0.08055555555555571 0.8315885416666665 0.006189236111111206 0.017656250000000127
0 0.06790798611111112 0.8129600694444447 0.012361111111110922 0.018428819444444064
0 0.09956597222222206 0.5860937500000001 0.01118055555555565 0.02605902777777776