0 0.1345486111111111 0.9991319444444444 0.022569444444444444 0.001736111111111111
0 0.1354427083333333 0.9584809027777779 0.036128472222222124 0.05551215277777762
0 0.13033854166666675 0.6265451388888889 0.03619791666666651 0.05396701388888895
0 0.13328993055555552 0.4045138888888889 0.028967013888888796 0.04765625000000008
0 0.10773437499999991 0.3948611111111112 0.015130208333333192 0.04554687499999983
0 0.44824652777777785 0.43546875000000007 0.03473958333333332 0.039557291666666806
0 0.43719618055555565 0.7147916666666667 0.043802083333333366 0.0816840277777777
0 0.708359375 0.7900868055555554 0.018003472222222032 0.08243923611111113
0 0.7108680555555557 0.6965885416666667 0.017578125 0.0812847222222221
0 0.7302951388888889 0.5979687499999999 0.006006944444444507 0.015677083333333286
0 0.7422656249999999 0.5983072916666666 0.00532118055555565 0.013654513888888905
0 0.736953125 0.5987586805555556 0.006154513888889015 0.013289930555555508
0 0.7577430555555557 0.35743055555555553 0.01859375000000006 0.021553819444444382
0 0.7623263888888889 0.2619184027777778 0.02101562500000003 0.040685763888888796
0 0.7393229166666667 0.21743055555555557 0.03226562500000006 0.06859374999999998
0 0.7337934027777777 0.0864843750000001 0.024583333333333474 0.041536458333333255
0 0.7250260416666667 0.028289930555555485 0.011796875000000127 0.04853298611111098
0 0.4655034722222222 0.5174652777777777 0.012144097222222032 0.02927083333333316
0 0.45149305555555547 0.8897135416666665 0.007031249999999921 0.045998263888888696
0 0.1445659722222222 0.8914670138888887 0.019835069444444367 0.04878472222222206