0 0.13485243055555549 0.8366493055555557 0.024088541666666668 0.033784722222222285
0 0.12200520833333349 0.847717013888889 0.02046874999999994 0.035989583333333366
0 0.08018229166666657 0.8772569444444444 0.01860243055555581 0.0347916666666666
0 0.08198784722222206 0.806171875 0.013315972222222349 0.03049479166666676
0 0.09315104166666661 0.7485503472222221 0.024105902777778156 0.03846354166666662
0 0.062152777777777696 0.6619704861111111 0.007717013888889173 0.0236197916666667
0 0.14547743055555568 0.5100434027777777 0.01655381944444419 0.03484374999999989
0 0.1001215277777779 0.4385850694444444 0.024357638888889237 0.039244791666666695
0 0.06780381944444455 0.3946006944444444 0.019253472222222474 0.04092881944444452
0 0.14059895833333316 0.3814409722222223 0.012048611111111206 0.040815972222222205
0 0.13753472222222227 0.33488715277777775 0.016927083333333332 0.04679687499999988
0 0.11670138888888894 0.3769357638888889 0.020868055555555525 0.03233506944444445
0 0.061848958333333336 0.34552951388888886 0.018645833333332956 0.03767361111111119
0 0.07534722222222238 0.2909027777777777 0.03357638888888914 0.05686631944444463
0 0.06311631944444447 0.23769097222222216 0.03125 0.032751736111111124
0 0.0651649305555557 0.20329861111111114 0.032404513888888827 0.03735243055555573
0 0.06521701388888898 0.1005208333333333 0.03125 0.06195312499999991
0 0.08814236111111108 0.056692708333333286 0.02261284722222238 0.026718750000000173
0 0.3822569444444446 0.8540972222222223 0.033194444444444256 0.05919270833333298
0 0.3899479166666665 0.5456163194444444 0.024861111111111396 0.03328993055555548
0 0.3463975694444446 0.4384288194444444 0.014965277777777588 0.03946180555555559
0 0.3541145833333334 0.29847222222222214 0.04362847222222241 0.06885416666666681
0 0.3906076388888889 0.23892361111111113 0.010755208333333618 0.024739583333333332
0 0.6592708333333334 0.3624826388888888 0.030060763888888984 0.05133680555555545
0 0.6600520833333334 0.43957465277777785 0.03162326388888914 0.052222222222222094
0 0.6414062500000001 0.5555295138888889 0.031440972222222446 0.05368923611111103
0 0.9090972222222224 0.556736111111111 0.03662326388888854 0.06880208333333353
0 0.9250694444444443 0.49102430555555565 0.02419270833333324 0.05455729166666659
0 0.8632725694444443 0.5135329861111111 0.03772569444444448 0.04391493055555568
0 0.8477517361111112 0.35060763888888896 0.02816840277777762 0.05590277777777786
0 0.8429253472222223 0.40695312499999997 0.021510416666666445 0.04818576388888908
0 0.8932986111111111 0.40953993055555554 0.030130208333333366 0.04398437500000006
0 0.8917274305555556 0.3713107638888889 0.029218749999999873 0.03481770833333345
0 0.8410156249999999 0.28968750000000004 0.016657986111110763 0.060017361111111
0 0.9092881944444444 0.017795138888888888 0.042534722222222224 0.035590277777777776
0 0.9189062499999999 0.23898437499999994 0.02139756944444413 0.031432291666666695
0 0.9177951388888891 0.08940972222222222 0.012109374999999842 0.016015624999999842
0 0.6594357638888889 0.5546614583333334 0.012586805555555556 0.03388020833333351
0 0.4122222222222223 0.6602690972222223 0.0054687500000001575 0.014114583333333522
0 0.05835069444444427 0.5364670138888888 0.014244791666666541 0.02862847222222224
0 0.14824652777777794 0.5435329861111112 0.01087673611111089 0.0206076388888887
0 0.0905555555555557 0.37709201388888897 0.02488715277777784 0.03864583333333332
0 0.9305468749999998 0.6036805555555556 0.024340277777777745 0.022604166666666634
0 0.9341579861111112 0.5644097222222223 0.016154513888888604 0.03945312499999984
0 0.8409027777777776 0.44243923611111113 0.013177083333333586 0.03490451388888892
0 0.1425434027777778 0.9701388888888888 0.012074652777777651 0.022994791666666476
0 0.09278645833333322 0.8675781249999999 0.018750000000000315 0.029652777777777653
0 0.06839409722222219 0.7397569444444445 0.012430555555555303 0.021388888888888777
0 0.38829861111111125 0.9260243055555557 0.014175347222222159 0.02402777777777803
0 0.38610243055555554 0.9474218749999999 0.013211805555555777 0.01705729166666635