0 0.7830642361111112 0.8041145833333334 0.019809027777777526 0.02926215277777781
0 0.7924739583333332 0.7925607638888891 0.024418402777777872 0.053003472222222375
0 0.791779513888889 0.748046875 0.026380208333333616 0.048480902777777696
0 0.7975868055555557 0.7074305555555556 0.022465277777777872 0.03796874999999981
0 0.778532986111111 0.5464843749999999 0.028159722222221874 0.03508680555555562
0 0.7821874999999999 0.5242881944444444 0.02328993055555549 0.031145833333333428
0 0.38545138888888886 0.8386979166666665 0.01589409722222257 0.05586805555555527
0 0.3471701388888889 0.3864236111111112 0.02096354166666635 0.033723958333333255
0 0.07373263888888894 0.3191753472222223 0.028498263888888827 0.04552083333333338
0 0.055677083333333224 0.21069444444444446 0.019366319444444793 0.03180555555555545
0 0.05810763888888894 0.15615451388888898 0.0326388888888892 0.049557291666666795
0 0.05496527777777792 0.12308159722222219 0.03160590277777765 0.03043402777777773
0 0.08259548611111119 0.1086458333333334 0.014982638888889078 0.03874131944444454
0 0.07835069444444463 0.36179687499999996 0.019270833333333175 0.023767361111111204
0 0.08847222222222229 0.3850954861111112 0.013307291666666603 0.01999999999999997
0 0.08746527777777796 0.34084201388888896 0.011961805555555335 0.017473958333333428