0 0.7135416666666666 0.001736111111111111 0.027777777777777776 0.003472222222222222
0 0.9387586805555556 0.18861111111111128 0.03789062500000008 0.07911458333333361
0 0.9583333333333334 0.4256597222222223 0.043845486111111304 0.07843749999999972
0 0.9843576388888889 0.5968576388888889 0.02101562500000003 0.0347916666666666
0 0.9965277777777778 0.5872395833333334 0.006944444444444444 0.035590277777777776
0 0.9908854166666666 0.6853298611111112 0.018229166666666668 0.033854166666666664
0 0.9568315972222222 0.3251822916666668 0.01320312500000003 0.0232552083333333
0 0.9587673611111112 0.003472222222222222 0.0234375 0.006944444444444444
0 0.7355295138888889 0.07809895833333316 0.018072916666666612 0.021901041666666288
0 0.6753298611111112 0.11744791666666682 0.013715277777777738 0.03815104166666651
0 0.6767708333333333 0.0934374999999999 0.018940972222222168 0.036189236111110766
0 0.6948784722222222 0.012152777777777778 0.014756944444444444 0.024305555555555556