0 0.9025173611111111 0.7922743055555554 0.016770833333333474 0.03493923611111111
0 0.90625 0.7596875000000001 0.01559895833333316 0.03640625000000005
0 0.8645746527777778 0.6704687500000001 0.018559027777777872 0.04047743055555565
0 0.8663541666666666 0.6940798611111111 0.0186371527777778 0.022387152777777745
0 0.9022309027777777 0.6519444444444444 0.019088541666666476 0.03133680555555548
0 0.8986805555555555 0.6293489583333334 0.027109375000000015 0.033550347222222304
0 0.8652256944444444 0.5823350694444444 0.01605034722222223 0.030060763888888984
0 0.8812326388888889 0.5813107638888889 0.020017361111111062 0.03163194444444449
0 0.9026302083333333 0.6033680555555555 0.022838541666666618 0.03217013888888884
0 0.8916579861111111 0.5899652777777779 0.015321180555555635 0.02648437500000019
0 0.9030642361111111 0.5748697916666666 0.019079861111111127 0.03467013888888894
0 0.9020138888888888 0.5394618055555556 0.01755208333333316 0.035416666666666825
0 0.8816666666666666 0.3543402777777778 0.027838541666666612 0.03250000000000005
0 0.8708246527777779 0.20257812499999991 0.03445312500000005 0.051901041666666634
0 0.8667534722222222 0.9856770833333334 0.0234375 0.028645833333333332
0 0.8836979166666666 0.5662152777777778 0.017204861111111254 0.020303819444444333
0 0.8808680555555556 0.5395138888888888 0.007352430555555579 0.014131944444444619
0 0.8700607638888889 0.4848177083333333 0.018263888888888857 0.03864583333333332