0 0.8724045138888888 0.6069357638888889 0.016067708333333326 0.03832465277777786
0 0.9312326388888889 0.75828125 0.023342013888888777 0.05600694444444462
0 0.9062934027777777 0.7883246527777779 0.03411458333333349 0.050651041666666785
0 0.8820746527777779 0.8331163194444444 0.031684027777777776 0.0736718749999999
0 0.9430295138888888 0.8441232638888887 0.02737847222222219 0.046223958333333336
0 0.9186892361111111 0.8943576388888891 0.0310677083333333 0.05615451388888854
0 0.9331944444444444 0.8224565972222221 0.03899305555555562 0.044713541666666856
0 0.8799739583333334 0.9577864583333332 0.031206597222222063 0.045434027777777906
0 0.904765625 0.9727430555555555 0.032873263888888796 0.05404513888888908
0 0.9249131944444444 0.9839409722222222 0.016493055555555556 0.03211805555555555
0 0.9320746527777778 0.9399045138888888 0.025590277777777795 0.046414930555555775
0 0.8932291666666666 0.9934895833333334 0.029513888888888888 0.013020833333333334
0 0.8680381944444444 0.9797916666666665 0.015069444444444358 0.03720486111111083