0 0.2602083333333333 0.05524305555555564 0.025746527777777653 0.03960069444444435
0 0.1722743055555556 0.31306423611111117 0.02144965277777781 0.044487847222222224
0 0.5986718750000001 0.06210069444444441 0.03706597222222206 0.052725694444444256
0 0.5699305555555555 0.02748263888888896 0.018263888888888857 0.04273437500000002
0 0.5715798611111111 0.08740451388888894 0.02216145833333351 0.05266493055555562
0 0.6403125000000001 0.15717013888888884 0.028376736111111158 0.05164062499999981
0 0.6077517361111112 0.14448784722222227 0.04105902777777794 0.037100694444444256
0 0.5814583333333333 0.14407118055555557 0.019696180555555602 0.03505208333333343
0 0.5671093749999999 0.1510677083333333 0.013819444444444507 0.04124131944444463
0 0.5687934027777778 0.19151909722222232 0.011640624999999873 0.04542534722222216
0 0.6031423611111111 0.17815972222222223 0.031831597222222285 0.031762152777777906
0 0.5911892361111111 0.20644965277777771 0.020902777777777715 0.030590277777777588
0 0.6278993055555555 0.2737239583333333 0.03150173611111108 0.05470486111111109
0 0.6481944444444445 0.23599826388888878 0.028845486111111127 0.04893229166666657
0 0.9326649305555554 0.20855902777777777 0.02453125000000019 0.038689236111111254
0 0.9382899305555554 0.2461284722222222 0.017300347222222474 0.03999131944444459
0 0.8797309027777777 0.22868923611111114 0.02759548611111108 0.04742187500000009
0 0.9009114583333333 0.2247916666666667 0.014756944444444444 0.03910590277777794
0 0.9138802083333333 0.23368923611111114 0.011059027777777588 0.023012152777777968
0 0.906675347222222 0.2585416666666666 0.0232378472222226 0.03474826388888906
0 0.9286458333333335 0.26913194444444444 0.020703125000000315 0.03898437499999988
0 0.8729340277777777 0.2759375000000001 0.03569444444444435 0.05509548611111094
0 0.8695572916666667 0.3331597222222222 0.0345920138888892 0.04857638888888892
0 0.9300434027777776 0.3096006944444445 0.02901041666666673 0.03534722222222205
0 0.9141059027777779 0.31973958333333324 0.022751736111111143 0.036293402777777733
0 0.9056250000000001 0.38371527777777775 0.04026909722222251 0.03904513888888891
0 0.8898437499999999 0.4116232638888889 0.042508680555555775 0.04536458333333352
0 0.8890017361111112 0.3330468750000001 0.024809027777777715 0.05673611111111122
0 0.8919444444444444 0.2732812499999999 0.021692708333333144 0.053958333333333205
0 0.9091319444444446 0.11341145833333341 0.007899305555555871 0.014201388888889
0 0.9104600694444444 0.13247395833333325 0.007126736111111143 0.015078124999999906
0 0.9267621527777778 0.1404774305555555 0.004965277777777999 0.012074652777777651
0 0.9122569444444445 0.08005208333333336 0.005425347222222222 0.015815972222222047