0 0.5409982638888889 0.09689236111111102 0.024175347222222143 0.04263020833333345
0 0.502829861111111 0.33322916666666674 0.016250000000000025 0.03301215277777795
0 0.49368923611111115 0.38574652777777785 0.012482638888888984 0.03691840277777795
0 0.5381423611111111 0.6306597222222222 0.024696180555555596 0.03666666666666648
0 0.8499392361111111 0.1739583333333334 0.018342013888888984 0.029305555555555744
0 0.8531249999999999 0.11268229166666661 0.02280381944444443 0.019322916666666856
0 0.8337673611111112 0.016927083333333332 0.025173611111111112 0.033854166666666664
0 0.8541579861111112 0.059730902777777733 0.015928819444444367 0.027777777777777776
0 0.9065190972222221 0.47943576388888887 0.012769097222222255 0.025095486111110985
0 0.8725 0.44359375 0.018741319444444373 0.029001736111110985
0 0.8870399305555554 0.42487847222222225 0.012916666666666762 0.01590277777777792
0 0.8513628472222222 0.2328038194444445 0.012413194444444406 0.023506944444444382