0 0.7552083333333334 0.0030381944444444445 0.07291666666666667 0.006076388888888889
0 0.7903645833333334 0.047309027777777776 0.042534722222222224 0.09461805555555555
0 0.7018663194444444 0.14694444444444443 0.07434027777777787 0.09872395833333335
0 0.6643923611111111 0.22481770833333334 0.06645833333333329 0.09228298611111106
0 0.5955642361111111 0.11890625000000002 0.04952256944444441 0.09386284722222232
0 0.5924479166666666 0.03602430555555555 0.04600694444444445 0.0720486111111111
0 0.6034288194444444 0.3127256944444444 0.05914930555555564 0.0851909722222221
0 0.6601302083333334 0.39375868055555546 0.07375868055555558 0.09052083333333351
0 0.7104340277777778 0.5040538194444445 0.04391493055555548 0.06300347222222216
0 0.7707291666666667 0.5220312500000001 0.06596354166666668 0.0998090277777778
0 0.7765538194444445 0.43985243055555556 0.043237847222222174 0.07361111111111127
0 0.8064149305555556 0.2885156249999999 0.03711805555555555 0.07579861111111125
0 0.8028298611111111 0.6079947916666667 0.033463541666666624 0.06078993055555573
0 0.599296875 0.6801822916666667 0.02772569444444449 0.07262152777777765
0 0.7285416666666666 0.8475607638888888 0.04477430555555549 0.07324652777777788
0 0.76171875 0.9800347222222222 0.033854166666666664 0.03993055555555555
0 0.7787760416666667 0.8209895833333335 0.04255208333333332 0.11277777777777784
0 0.5792881944444445 0.2623697916666667 0.020147569444444475 0.0699999999999999
0 0.6668315972222223 0.3145659722222223 0.04913194444444437 0.07338541666666663
0 0.6365711805555556 0.4460243055555555 0.028185763888888913 0.045998263888888696
0 0.6970486111111112 0.04210069444444445 0.07118055555555555 0.0842013888888889
0 0.6968489583333333 0.42712673611111107 0.08140624999999997 0.09465277777777775
0 0.8137847222222222 0.12813368055555546 0.02457465277777773 0.09203993055555573
0 0.6209375 0.19341145833333329 0.07848090277777785 0.07869791666666653