0 0.0013020833333333333 0.5056423611111112 0.0026041666666666665 0.0720486111111111
0 0.010416666666666666 0.2764756944444444 0.020833333333333332 0.0859375
0 0.3207465277777778 0.9722222222222222 0.033854166666666664 0.05555555555555555
0 0.37858506944444453 0.9614149305555557 0.01164930555555562 0.051388888888888734
0 0.31578993055555554 0.9262326388888888 0.017352430555555368 0.03682291666666673
0 0.7592013888888888 0.5985677083333333 0.041197916666666695 0.06865451388888902
0 0.7127517361111111 0.7884722222222224 0.02456597222222238 0.04470486111111111
0 0.7182725694444445 0.8219531249999998 0.030138888888888715 0.06341145833333349
0 0.7189322916666667 0.936736111111111 0.04731770833333352 0.06111979166666654
0 0.7447916666666666 0.9913194444444444 0.015625 0.017361111111111112
0 0.7252604166666666 0.9809027777777778 0.04079861111111111 0.03819444444444445