0 0.25532118055555564 0.7133159722222222 0.06813368055555537 0.12323784722222204
0 0.24785590277777794 0.6137673611111111 0.0550520833333334 0.08634548611111094
0 0.3317881944444443 0.799592013888889 0.09941840277777755 0.08934027777777784
0 0.3365885416666667 0.7382899305555556 0.05740451388888898 0.07181423611111112
0 0.3993315972222224 0.6111979166666666 0.018862847222221844 0.09594618055555573
0 0.35031249999999997 0.5271527777777778 0.07564236111111139 0.0974392361111111
0 0.39453993055555575 0.3922309027777777 0.024019097222222285 0.1077517361111112
0 0.3084809027777777 0.17491319444444445 0.07677083333333298 0.08414930555555561
0 0.8307899305555557 0.05098958333333334 0.06131076388888898 0.080078125
0 0.9308854166666668 0.12042534722222224 0.05130208333333365 0.1038454861111112
0 0.967795138888889 0.1354427083333333 0.0550520833333334 0.11135416666666684
0 0.9609375 0.03298611111111111 0.0625 0.06597222222222222
0 0.9509027777777779 0.25805555555555554 0.04879340277777781 0.10635416666666665
0 0.7413281250000002 0.36065104166666667 0.06506076388888873 0.11636284722222238
0 0.8545572916666665 0.45699652777777783 0.07131944444444432 0.1288715277777778
0 0.9634114583333333 0.6571874999999999 0.05380208333333295 0.08883680555555568
0 0.7776128472222221 0.6890885416666666 0.05004340277777746 0.09008680555555573
0 0.8195225694444446 0.9224305555555554 0.08382812499999975 0.11135416666666645
0 0.8739496527777777 0.9311892361111112 0.09258680555555543 0.10635416666666704
0 0.9166666666666666 0.9474826388888888 0.0642361111111111 0.10503472222222222
0 0.7287326388888888 0.9652777777777778 0.059895833333333336 0.06944444444444445
0 0.71484375 0.9865451388888888 0.04774305555555555 0.026909722222222224
0 0.9240017361111109 0.7241232638888889 0.04504340277777806 0.07756944444444455
0 0.25061631944444446 0.8787326388888891 0.04212673611111089 0.06164062500000019
0 0.39107638888888885 0.5300347222222221 0.01478298611111089 0.039904513888888715
0 0.3973958333333335 0.2842187500000001 0.013142361111111396 0.06875868055555559
0 0.7294791666666668 0.4418315972222222 0.035416666666666825 0.06690104166666681
0 0.7480642361111111 0.5975260416666666 0.025182291666666856 0.039652777777777634
0 0.7027083333333333 0.7061371527777778 0.020668402777778126 0.08619791666666682
0 0.7027951388888888 0.8270659722222224 0.022291666666666918 0.03848958333333346
0 0.7142968749999999 0.7828559027777777 0.056779513888888765 0.10534722222222213
0 0.7053125 0.8974045138888889 0.01725694444444454 0.06086805555555546
0 0.9709201388888888 0.97265625 0.0234375 0.0546875
0 0.3781076388888888 0.7247222222222223 0.03480034722222235 0.044800347222222335
0 0.8635937500000002 0.8248524305555556 0.10032986111111104 0.11374999999999996
0 0.8131076388888887 0.6177777777777779 0.059565972222222124 0.072265625