0 0.025173611111111112 0.49609375 0.050347222222222224 0.10503472222222222
0 0.012586805555555556 0.5750868055555556 0.025173611111111112 0.06336805555555555
0 0.012586805555555556 0.3919270833333333 0.025173611111111112 0.10677083333333333
0 0.013454861111111112 0.059895833333333336 0.026909722222222224 0.1076388888888889
0 0.591267361111111 0.5794184027777778 0.02719618055555549 0.060894097222222304
0 0.6391579861111111 0.5559461805555556 0.030538194444444697 0.038237847222222184
0 0.6168142361111113 0.5619965277777778 0.02150173611111149 0.03680555555555563
0 0.6509722222222223 0.591171875 0.01612847222222216 0.03380208333333338
0 0.6209548611111112 0.5945486111111111 0.0451215277777774 0.04546875000000009
0 0.5905729166666668 0.6995920138888888 0.0396267361111108 0.04640625000000003
0 0.6561718749999998 0.7636284722222223 0.03112847222222194 0.06346354166666658
0 0.594175347222222 0.7330902777777778 0.048376736111110735 0.06006944444444448
0 0.5780729166666667 0.9599479166666666 0.031510416666666825 0.05437499999999989
0 0.6346961805555557 0.877482638888889 0.018871527777777588 0.032222222222222124
0 0.6488888888888888 0.9763975694444444 0.02116319444444454 0.04428819444444443
0 0.59765625 0.984375 0.025173611111111112 0.03125
0 0.5768229166666666 0.9904513888888888 0.0234375 0.019097222222222224
0 0.5513281250000001 0.9648350694444444 0.0234375 0.06157986111111116
0 0.6169097222222221 0.9506770833333333 0.015616319444444256 0.027821180555555713
0 0.6482899305555555 0.7088194444444444 0.016874999999999654 0.033159722222222264
0 0.6279253472222222 0.7203385416666667 0.02241319444444419 0.03675347222222215
0 0.9379427083333335 0.456484375 0.08305555555555581 0.1047569444444445
0 0.9735243055555556 0.5638020833333334 0.05295138888888889 0.08246527777777778
0 0.9199479166666669 0.5338454861111112 0.04398437500000006 0.08085069444444454
0 0.9856770833333334 0.5130208333333334 0.028645833333333332 0.08159722222222222
0 0.9713541666666666 0.6879340277777778 0.057291666666666664 0.11197916666666667
0 0.9856770833333334 0.6171875 0.028645833333333332 0.0920138888888889
0 0.9348784722222222 0.6407204861111111 0.060980902777777776 0.11305555555555556
0 0.9553211805555557 0.7562065972222222 0.05323784722222216 0.07787326388888892
0 0.6085069444444444 0.9891493055555556 0.017361111111111112 0.021701388888888888
0 0.62109375 0.9926215277777778 0.014756944444444444 0.014756944444444444
0 0.6183246527777777 0.9740364583333333 0.019644097222222316 0.013619791666666714
0 0.6334982638888889 0.9586718750000001 0.008559027777777494 0.021414930555555618
0 0.6371006944444445 0.8012586805555555 0.018819444444444697 0.023463541666666643
0 0.6469184027777778 0.6701822916666667 0.042656250000000284 0.04614583333333341
0 0.6222656249999999 0.6830902777777778 0.02931423611111149 0.03675347222222215
0 0.6560069444444443 0.8362934027777778 0.014704861111110764 0.03927083333333334
0 0.6201041666666668 0.8815364583333333 0.013255208333333712 0.03458333333333346
0 0.9574652777777778 0.3884548611111111 0.08506944444444445 0.0390625
0 0.9796006944444444 0.4466145833333333 0.04079861111111111 0.0720486111111111
0 0.9861111111111112 0.7647569444444444 0.027777777777777776 0.03125