0 0.010416666666666666 0.011284722222222222 0.020833333333333332 0.022569444444444444
0 0.005642361111111111 0.0703125 0.011284722222222222 0.059027777777777776
0 0.013888888888888888 0.3893229166666667 0.027777777777777776 0.04774305555555555
0 0.026657986111111143 0.6154774305555555 0.024036458333333382 0.06026909722222208
0 0.031050347222222205 0.6696875 0.028307291666666776 0.04389756944444459
0 0.00043402777777777775 0.8914930555555556 0.0008680555555555555 0.024305555555555556
0 0.00390625 0.91796875 0.0078125 0.030381944444444444
0 0.2052604166666667 0.7450260416666666 0.02513888888888892 0.06690972222222216
0 0.20832465277777779 0.8191145833333332 0.019227430555555633 0.06227430555555537
0 0.24007812499999995 0.7132638888888889 0.03279513888888906 0.053871527777777733
0 0.27102430555555557 0.7037586805555556 0.02670138888888908 0.04948784722222241
0 0.3001822916666666 0.7021006944444443 0.02020833333333351 0.04217881944444457
0 0.23947048611111102 0.6542187500000001 0.03110243055555549 0.054036458333333336
0 0.21940972222222221 0.6783333333333333 0.020217013888888857 0.050451388888888796
0 0.6241319444444444 0.98828125 0.012152777777777778 0.0234375
0 0.5926388888888889 0.9493836805555556 0.014921875000000048 0.027456597222222316
0 0.6184375000000001 0.910625 0.014852430555555666 0.028237847222222
0 0.6046267361111111 0.8240885416666666 0.019696180555555602 0.020807291666666887
0 0.6063020833333334 0.7387239583333334 0.007291666666666746 0.018940972222222366
0 0.5928819444444444 0.7416840277777779 0.00421875000000011 0.010468749999999952
0 0.5987413194444444 0.7462847222222222 0.00749999999999989 0.014939236111111143
0 0.6002256944444445 0.6738194444444444 0.012517361111111173 0.017482638888888777
0 0.5919184027777779 0.6796875 0.010824652777777603 0.016432291666666526
0 0.6012934027777779 0.6896701388888888 0.006649305555555429 0.014192708333333255
0 0.5940277777777777 0.7192100694444444 0.00787326388888903 0.01530381944444454
0 0.5996701388888889 0.7060243055555555 0.007673611111111238 0.015321180555555635
0 0.6005468749999999 0.7901302083333334 0.0038802083333331597 0.010954861111111016
0 0.5968489583333333 0.7941753472222222 0.007361111111111127 0.010529513888888984
0 0.9943576388888888 0.02734375 0.011284722222222222 0.03211805555555555
0 0.2194270833333333 0.9046006944444444 0.023237847222222205 0.044809027777777684
0 0.23197916666666668 0.8630989583333333 0.021119791666666603 0.024557291666666634
0 0.23904513888888898 0.7801649305555556 0.02571180555555546 0.04320312500000018
0 0.25133680555555554 0.7662065972222223 0.008784722222222128 0.00983506944444438
0 0.20118055555555556 0.49070312499999996 0.011684027777777809 0.03937500000000011
0 0.032942708333333376 0.8006423611111112 0.012447916666666793 0.024218749999999685
0 0.019036458333333388 0.7668663194444445 0.014939236111111143 0.029756944444444617
0 0.01164930555555562 0.8770052083333333 0.014930555555555398 0.020026041666666414
0 0.00390625 0.8645833333333334 0.0078125 0.017361111111111112