0 0.1789583333333334 0.6359895833333334 0.028142361111111173 0.046163194444444305
0 0.20074652777777777 0.639748263888889 0.025590277777777795 0.046267361111111266
0 0.18138888888888893 0.6799045138888888 0.022430555555555683 0.03876736111111098
0 0.16969618055555558 0.7500520833333333 0.03396701388888898 0.05422743055555538
0 0.16706597222222225 0.7136024305555555 0.019965277777777776 0.028932291666666603
0 0.1686458333333333 0.9030381944444446 0.02762152777777792 0.04810763888888895
0 0.18871527777777786 0.7767534722222221 0.026397569444444317 0.01825520833333351
0 0.3999045138888889 0.7003298611111111 0.03140624999999986 0.038350694444444305
0 0.44670138888888883 0.6650954861111111 0.010347222222222285 0.033472222222222174
0 0.7155815972222221 0.30021701388888883 0.032690972222222094 0.051684027777777745
0 0.6893489583333334 0.31355034722222225 0.02062500000000019 0.040260416666666764
0 0.6911458333333333 0.4967881944444444 0.022109374999999827 0.03963541666666654
0 0.677829861111111 0.4349479166666666 0.029921874999999827 0.03549479166666655
0 0.6982812500000001 0.3816666666666667 0.02474826388888908 0.04214409722222238
0 0.91015625 0.9756944444444444 0.030381944444444444 0.04861111111111111
0 0.944887152777778 0.987326388888889 0.01225694444444435 0.02098090277777784
0 0.9368489583333334 0.8079079861111111 0.020737847222222508 0.03347222222222257