0 0.2165798611111111 0.029947916666666668 0.0685763888888889 0.059895833333333336
0 0.12725694444444435 0.15965277777777784 0.031076388888889046 0.1002864583333331
0 0.27612847222222214 0.6637326388888888 0.046293402777777715 0.11371527777777778
0 0.6114236111111112 0.8707638888888888 0.05029513888888854 0.13342013888888873
0 0.6309895833333334 0.7144878472222224 0.02763020833333327 0.05630208333333305
0 0.5325520833333334 0.0013020833333333333 0.025173611111111112 0.0026041666666666665
0 0.6336805555555556 0 0.07118055555555555 0
0 0.6657986111111112 0.011284722222222222 0.03819444444444445 0.022569444444444444
0 0.8941927083333334 0.2002777777777776 0.04638020833333359 0.06381944444444482
0 0.9007552083333334 0.2993750000000001 0.05380208333333295 0.05288194444444451
0 0.8981076388888888 0.3349913194444443 0.04144097222222203 0.04639756944444429
0 0.8786024305555556 0.3443489583333334 0.04462673611111098 0.062065972222222224
0 0.8647916666666665 0.38178819444444456 0.053628472222222 0.08229166666666682
0 0.8795659722222224 0.49494791666666654 0.0373090277777774 0.05463541666666632
0 0.8749218749999998 0.44315104166666686 0.057864583333333205 0.06543402777777788
0 0.9939236111111112 0.5798611111111112 0.012152777777777778 0.0763888888888889
0 0.8568315972222224 0.6423871527777779 0.04346354166666641 0.09192708333333302
0 0.9225173611111109 0.8535503472222222 0.07065104166666696 0.08134548611111114
0 0.5235503472222223 0.22398437500000018 0.020798611111111143 0.08717013888888896