0 0.39249131944444454 0.9033246527777778 0.011805555555555871 0.03483506944444454
0 0.39532118055555543 0.9614149305555557 0.0061458333333332706 0.0236197916666667
0 0.3890104166666666 0.9818229166666667 0.008359375000000094 0.02427951388888911
0 0.3805208333333334 0.796814236111111 0.013324652777778093 0.02612847222222254
0 0.35675347222222226 0.7603645833333333 0.0044965277777780305 0.013124999999999906
0 0.3838020833333332 0.7036024305555555 0.009036458333333207 0.014296874999999827
0 0.37315104166666657 0.6873524305555555 0.005069444444444571 0.011857638888888763
0 0.3866753472222221 0.6897309027777777 0.010147569444444096 0.020373263888888715
0 0.37714409722222203 0.6540711805555556 0.009348958333333712 0.01924479166666673
0 0.38242187500000013 0.6603559027777778 0.007560763888888921 0.011510416666666856
0 0.38041666666666646 0.6232725694444444 0.005329861111111395 0.014184027777777905
0 0.3695572916666667 0.5617534722222223 0.012673611111111427 0.021111111111111254
0 0.36029513888888887 0.5768315972222222 0.006293402777777778 0.009539930555555366
0 0.36676215277777796 0.5761458333333334 0.008767361111111427 0.011909722222222049
0 0.38942708333333326 0.617092013888889 0.006770833333333491 0.021944444444444617
0 0.37975694444444447 0.5973350694444446 0.006024305555555208 0.011284722222222222
0 0.37262152777777796 0.5426215277777777 0.00612847222222257 0.015078124999999906
0 0.3774305555555557 0.5507291666666667 0.0064496527777780305 0.012560763888888715
0 0.37838541666666675 0.5299652777777778 0.008767361111111427 0.020937499999999904
0 0.36964409722222213 0.5087586805555555 0.007760416666666319 0.01708333333333319
0 0.36916666666666687 0.5255295138888889 0.0076562499999997475 0.01857638888888897
0 0.38981770833333346 0.5055555555555556 0.003342013888889205 0.026831597222222097
0 0.35683159722222235 0.020355902777777816 0.0053819444444442865 0.012439236111111049
0 0.3507899305555557 0.02233506944444446 0.008411458333332986 0.01530381944444454
0 0.3506250000000001 0.10703124999999997 0.009149305555555523 0.017734374999999858
0 0.3541666666666667 0.14028645833333325 0.005954861111110827 0.0140190972222223
0 0.3618750000000001 0.23802083333333338 0.005329861111111395 0.013498263888889047
0 0.35794270833333325 0.2788628472222222 0.006328124999999968 0.013715277777777935
0 0.3452951388888891 0.35543402777777783 0.006796874999999937 0.023810763888888746
0 0.3515798611111111 0.516953125 0.006822916666666383 0.014453125000000079
0 0.38601562500000003 0.47711805555555564 0.005963541666666572 0.018263888888888857
0 0.3851475694444445 0.4926215277777778 0.0058159722222220645 0.013593749999999873
0 0.3719184027777776 0.3553124999999999 0.006909722222222254 0.012960069444444302