0 0.2004600694444445 0.5203645833333334 0.08031249999999998 0.11118055555555549
0 0.16858506944444449 0.583125 0.05991319444444443 0.07981770833333318
0 0.2599218750000001 0.6250347222222222 0.07325520833333322 0.11822048611111116
0 0.3182986111111112 0.6670399305555557 0.04318576388888889 0.09296006944444457
0 0.18255208333333328 0.6838454861111111 0.09999999999999984 0.11714409722222206
0 0.25599826388888897 0.7525954861111109 0.08521701388888896 0.14891493055555552
0 0.3016493055555556 0.9908854166666666 0.07552083333333333 0.018229166666666668
0 0.8379861111111112 0.31138020833333335 0.06727430555555555 0.11017361111111118
0 0.8479947916666666 0.1360069444444445 0.052204861111111396 0.12067708333333332
0 0.8561458333333335 0.23106770833333337 0.021041666666666476 0.04863715277777795
0 0.30350694444444454 0.9103385416666667 0.09286458333333335 0.08771701388888904
0 0.3336892361111112 0.9565104166666667 0.03797743055555555 0.08642361111111146
0 0.14329861111111106 0.8599565972222223 0.03207465277777762 0.0891666666666669
0 0.14513888888888893 0.9138888888888891 0.02265624999999992 0.042074652777778