0 0.559670138888889 0.02688368055555558 0.036527777777777715 0.048880208333333286
0 0.5641493055555556 0.08258680555555564 0.03354166666666655 0.03693576388888905
0 0.5610677083333333 0.11217881944444447 0.02976562499999997 0.04438368055555565
0 0.8648263888888891 0.483185763888889 0.023793402777777653 0.05615451388888894
0 0.8885937499999998 0.8835243055555557 0.030104166666666918 0.06709201388888886
0 0.8695486111111109 0.8101736111111113 0.02144965277777781 0.05169270833333349
0 0.8940711805555553 0.43573784722222225 0.0290972222222226 0.07861979166666681
0 0.9008767361111111 0.36403645833333326 0.023307291666666983 0.04460069444444454
0 0.8795486111111109 0.13593749999999993 0.03335937500000025 0.03596354166666652
0 0.8554340277777778 0.09868923611111116 0.021927083333333524 0.03406249999999981
0 0.8601562500000001 0.06138888888888891 0.03526041666666657 0.041015625
0 0.8594531250000002 0.1590625 0.021067708333333712 0.042300347222222236
0 0.865234375 0.11211805555555562 0.022760416666666887 0.029088541666666856