0 0.3402777777777778 0.021267361111111112 0.034722222222222224 0.042534722222222224
0 0.1484375 0.0008680555555555555 0.03298611111111111 0.001736111111111111
0 0.2126736111111111 0.024739583333333332 0.05555555555555555 0.049479166666666664
0 0.1440972222222222 0.0625 0.043402777777777776 0.125
0 0.2255208333333335 0.11868055555555558 0.07377604166666647 0.11024305555555555
0 0.20450520833333347 0.20809895833333336 0.054574652777777684 0.08108506944444432
0 0.21740451388888873 0.2834809027777777 0.052734375 0.10041666666666653
0 0.2599131944444445 0.3051041666666667 0.05943576388888911 0.0979861111111112
0 0.14082465277777778 0.39905381944444446 0.031701388888889265 0.08855034722222241
0 0.18393229166666655 0.4736024305555555 0.06578993055555553 0.12606770833333336
0 0.26537326388888893 0.6107291666666667 0.04674479166666698 0.09278645833333322
0 0.1917187500000001 0.5928472222222223 0.04505208333333302 0.07197916666666673
0 0.15010416666666673 0.5887586805555556 0.038012152777777745 0.1019097222222223
0 0.14813368055555565 0.7382638888888889 0.04086805555555549 0.11516493055555561
0 0.1848697916666665 0.7567274305555556 0.04348958333333365 0.10237847222222207
0 0.30827256944444453 0.8983159722222224 0.025043402777778095 0.05151909722222254
0 0.8012673611111111 0.44788194444444446 0.08026909722222245 0.12497395833333316
0 0.828550347222222 0.1162760416666667 0.04638020833333359 0.06456597222222232
0 0.8229079861111109 0.2711371527777777 0.033732638888888604 0.04499131944444438