0 0.5305468750000001 0.24663194444444436 0.02401041666666654 0.027821180555555713
0 0.5457899305555556 0.4053732638888889 0.02062500000000019 0.0347916666666666
0 0.5417621527777777 0.5003385416666668 0.017994791666666683 0.025234375000000142
0 0.5414322916666667 0.5691753472222223 0.019921874999999842 0.03351562500000011
0 0.5423350694444444 0.6130121527777779 0.035685763888889 0.029348958333333286
0 0.5411545138888889 0.6322829861111112 0.03333333333333341 0.02233506944444446
0 0.5448958333333334 0.6530121527777778 0.01785590277777792 0.02276041666666649
0 0.5410850694444443 0.6812413194444444 0.02829861111111103 0.03216145833333349
0 0.5333420138888889 0.6947916666666667 0.018845486111111143 0.027638888888889015
0 0.5353211805555556 0.7391840277777777 0.016770833333333474 0.03813368055555541
0 0.5418142361111111 0.9220312499999999 0.024487847222222255 0.03988715277777762