0 0.19399305555555557 0.06550347222222225 0.025946180555555445 0.04937500000000009
0 0.18698784722222228 0.16491319444444447 0.027647569444444367 0.05394965277777786
0 0.2225086805555555 0.20233506944444438 0.03272569444444429 0.043107638888888765
0 0.21722222222222223 0.41786458333333343 0.02901041666666673 0.05330729166666654
0 0.22064236111111116 0.4690364583333333 0.010729166666666777 0.022404513888888842
0 0.19485243055555557 0.4473263888888888 0.014713541666666509 0.020121527777777634
0 0.1976649305555556 0.5348263888888888 0.04242187499999991 0.04031250000000005
0 0.18680555555555559 0.6518923611111112 0.01965277777777767 0.027187500000000142
0 0.5289670138888888 0.9594965277777779 0.018411458333333366 0.051093749999999716
0 0.5644270833333334 0.8470399305555555 0.04110243055555548 0.050989583333333144
0 0.5746093750000001 0.8030989583333334 0.03370659722222216 0.04299479166666645
0 0.5696180555555556 0.7361718749999999 0.024062499999999827 0.044340277777777715
0 0.882048611111111 0.3004079861111111 0.034505208333333336 0.06688368055555571
0 0.895295138888889 0.3316840277777777 0.03032118055555581 0.05321180555555571