0 0.3838975694444444 0.37900173611111104 0.029288194444444256 0.05315972222222203
0 0.3990364583333334 0.4247222222222222 0.03796006944444446 0.06350694444444432
0 0.3745138888888889 0.24889756944444447 0.016249999999999827 0.03304687500000014
0 0.8301909722222223 0.7861892361111111 0.04005208333333362 0.08546875000000004
0 0.7523784722222222 0.6775781249999999 0.018637152777777603 0.05048611111111098
0 0.7507725694444445 0.6382725694444444 0.016206597222222285 0.02819444444444446
0 0.8228732638888887 0.7021093749999999 0.039817708333333236 0.07764756944444429
0 0.7535156249999999 0.5267447916666667 0.016987847222222366 0.03743055555555546
0 0.8261545138888889 0.3414149305555555 0.026171874999999685 0.06096354166666668
0 0.7460069444444445 0.31897569444444446 0.011362847222222349 0.04110243055555548
0 0.8103298611111112 0.004774305555555556 0.033854166666666664 0.009548611111111112