0 0.04013020833333335 0.8076041666666668 0.028211805555555556 0.040034722222222124
0 0.3735590277777779 0.5818836805555555 0.027656249999999716 0.050052083333333205
0 0.37179687499999997 0.6567881944444444 0.0241319444444446 0.054479166666666856
0 0.3616666666666666 0.6971527777777777 0.021493055555555744 0.02838541666666651
0 0.39932291666666664 0.7300347222222222 0.02631944444444419 0.040182291666666634
0 0.3623350694444443 0.7846006944444446 0.022812499999999777 0.039175347222222316
0 0.3987760416666666 0.8407204861111113 0.03622395833333295 0.04679687499999988
0 0.3696006944444446 0.8189062500000001 0.02854166666666676 0.04282118055555549
0 0.37247395833333347 0.7585503472222221 0.045008680555555874 0.032230902777777876
0 0.36514756944444454 0.7294184027777777 0.027725694444444098 0.04114583333333341
0 0.37686631944444454 0.8661979166666668 0.021050347222222224 0.02286458333333346
0 0.3845659722222222 0.9201736111111111 0.036458333333333336 0.04710937500000038
0 0.6954687499999999 0.8965972222222223 0.012873263888888827 0.019774305555555333