0 0.26157986111111103 0.031579861111111204 0.028411458333333348 0.04790798611111116
0 0.6163194444444444 0.0013020833333333333 0.022569444444444444 0.0026041666666666665
0 0.5946180555555556 0.012152777777777778 0.019097222222222224 0.024305555555555556
0 0.6388888888888888 0.0078125 0.03993055555555555 0.015625
0 0.6179774305555557 0.07687499999999996 0.03578124999999983 0.046614583333333175
0 0.6074739583333333 0.10500000000000004 0.016710069444444444 0.025746527777777653
0 0.6149045138888888 0.061119791666666735 0.02282986111111127 0.018602430555555414
0 0.6385677083333334 0.1789409722222223 0.03078125000000003 0.05124999999999997
0 0.5987239583333334 0.17867187499999992 0.01671875000000019 0.03147569444444463
0 0.6036631944444445 0.13990451388888894 0.015225694444444413 0.025694444444444367
0 0.5839322916666667 0.8920225694444446 0.02979166666666681 0.05347222222222254
0 0.8940972222222222 0.99609375 0.008680555555555556 0.0078125
0 0.9766579861111112 0.8878559027777777 0.015815972222222443 0.028637152777777588
0 0.9449739583333334 0.8184548611111112 0.019826388888889015 0.038229166666666634
0 0.9426996527777776 0.7871354166666669 0.016961805555555525 0.02859374999999985
0 0.9627517361111112 0.7571614583333334 0.015546874999999873 0.027473958333333413
0 0.9532899305555556 0.7235937499999999 0.02329861111111124 0.04194444444444459
0 0.9838541666666667 0.5302604166666666 0.010434027777778156 0.027326388888888904
0 0.9969618055555556 0.390625 0.006076388888888889 0.043402777777777776