0 0.17905381944444443 0.4898611111111111 0.02634548611111103 0.03738715277777792
0 0.17341145833333332 0.5249652777777778 0.028142361111111173 0.03947916666666668
0 0.1705989583333333 0.5641406250000001 0.03386284722222241 0.045434027777777906
0 0.21646701388888878 0.6033420138888889 0.025755208333333397 0.031232638888888904
0 0.21635416666666668 0.6218836805555557 0.021006944444444287 0.02781249999999997
0 0.2163975694444444 0.6443142361111112 0.02474826388888908 0.028741319444444555
0 0.16726562500000006 0.6647395833333333 0.028402777777777603 0.027387152777777937
0 0.16791666666666671 0.7035416666666667 0.030920138888888796 0.06058159722222219
0 0.19275173611111107 0.6857899305555555 0.02932291666666684 0.03896701388888878
0 0.19728298611111109 0.7286284722222223 0.031684027777777776 0.05216145833333346
0 0.21029513888888887 0.7421006944444445 0.030182291666666652 0.040668402777777696
0 0.1794704861111111 0.7775173611111111 0.020416666666666652 0.02710069444444427
0 0.18263888888888896 0.8078038194444446 0.03046006944444457 0.03896701388888917
0 0.1979774305555555 0.7826649305555556 0.019635416666666572 0.02901041666666673
0 0.21849826388888893 0.7819357638888889 0.02589409722222216 0.039001736111111164
0 0.2082725694444445 0.8548263888888891 0.04023437499999992 0.05554687499999981
0 0.5143749999999999 0.8044618055555554 0.027508680555555602 0.042960069444444256
0 0.5030381944444444 0.8488715277777779 0.020269097222222143 0.026545138888888827
0 0.5401996527777777 0.8146006944444445 0.017378472222222205 0.041024305555555744
0 0.5078645833333333 0.76609375 0.03282118055555551 0.05309027777777765
0 0.5182378472222222 0.7344791666666666 0.02944444444444451 0.03330729166666657
0 0.530060763888889 0.7467795138888889 0.023168402777777826 0.02606770833333351
0 0.48565972222222226 0.6391493055555555 0.014479166666666524 0.044409722222222094
0 0.4885590277777777 0.6748697916666667 0.017378472222222205 0.03474826388888906
0 0.5138975694444444 0.649765625 0.025581597222222047 0.04730034722222203
0 0.5047222222222223 0.6809027777777779 0.03427083333333335 0.02848090277777773
0 0.5319270833333333 0.7749131944444445 0.021319444444444398 0.04765625000000008
0 0.5153038194444446 0.7136197916666666 0.030095486111111173 0.03480034722222235
0 0.510763888888889 0.6990364583333333 0.029782986111111062 0.03135416666666657
0 0.7480121527777778 0.8197395833333334 0.0349913194444444 0.05388020833333308
0 0.7592100694444444 0.7431163194444443 0.023793402777777653 0.04338541666666668
0 0.7648090277777777 0.692734375 0.01959201388888903 0.041987847222222124
0 0.7813454861111112 0.6777864583333333 0.024809027777777715 0.050269097222222094
0 0.19289930555555557 0.8949826388888888 0.013619791666666714 0.019236111111110985
0 0.22526909722222221 0.818064236111111 0.010920138888888827 0.024687499999999654
0 0.20341145833333327 0.8172829861111113 0.012951388888888951 0.023142361111110985
0 0.19609375000000007 0.6606163194444444 0.017977430555555587 0.021961805555555713
0 0.2300694444444444 0.6625954861111111 0.008116319444444365 0.021571180555555475
0 0.22027777777777777 0.5590104166666667 0.017994791666666683 0.04463541666666673
0 0.776467013888889 0.6110503472222223 0.013359374999999889 0.0225607638888887
0 0.7791579861111112 0.6320225694444443 0.021267361111111112 0.02211805555555557
0 0.7831684027777778 0.6499565972222222 0.02525173611111124 0.023203125000000015
0 0.5136284722222223 0.8322222222222221 0.0223611111111113 0.016692708333332956
0 0.4987586805555555 0.6559201388888888 0.008237847222222032 0.022899305555555652
0 0.23131944444444447 0.7191666666666667 0.005885416666666841 0.025624999999999985
0 0.18664930555555553 0.6304513888888889 0.00828124999999997 0.017135416666666476