0 0.899658203125 0.72265625 0.00537109375 0.016927083333333332
0 0.899169921875 0.8473307291666666 0.00927734375 0.026692708333333332
0 0.910888671875 0.8564453125 0.01220703125 0.021484375
0 0.9287109375 0.8483072916666666 0.005859375 0.020833333333333332
0 0.788330078125 0.7294921875 0.00537109375 0.012369791666666666
0 0.645751953125 0.9186197916666666 0.00439453125 0.013020833333333334
0 0.646728515625 0.8662109375 0.00244140625 0.017578125
0 0.671875 0.8033854166666666 0.005859375 0.014322916666666666
0 0.68359375 0.7607421875 0.001953125 0.008463541666666666
0 0.68212890625 0.7565104166666666 0.001953125 0.006510416666666667
0 0.896484375 0.8216145833333334 0.0087890625 0.015625
0 0.65966796875 0.8662109375 0.0029296875 0.011067708333333334
0 0.90185546875 0.8287760416666666 0.009765625 0.015625
0 0.924560546875 0.6097005208333334 0.00830078125 0.013671875
0 0.93310546875 0.7425130208333334 0.00390625 0.014973958333333334
0 0.905029296875 0.7106119791666666 0.00927734375 0.016276041666666668
0 0.935302734375 0.7005208333333334 0.00439453125 0.01953125
0 0.91845703125 0.6923828125 0.0087890625 0.018880208333333332
0 0.91748046875 0.6611328125 0.0068359375 0.014973958333333334
0 0.93310546875 0.6048177083333334 0.0048828125 0.013020833333333334
0 0.9365234375 0.5537109375 0.00390625 0.007161458333333333
0 0.909423828125 0.5455729166666666 0.00634765625 0.013020833333333334
0 0.908447265625 0.4993489583333333 0.00341796875 0.010416666666666666
0 0.79541015625 0.748046875 0.005859375 0.01171875
0 0.924560546875 0.509765625 0.00927734375 0.020833333333333332
0 0.786376953125 0.7451171875 0.00537109375 0.012369791666666666
0 0.9267578125 0.8206380208333334 0.0078125 0.018880208333333332
0 0.793212890625 0.7545572916666666 0.00439453125 0.009114583333333334
0 0.792236328125 0.7666015625 0.00732421875 0.014973958333333334
0 0.65185546875 0.7115885416666666 0.0029296875 0.010416666666666666
0 0.66259765625 0.6832682291666666 0.005859375 0.018880208333333332
0 0.77783203125 0.8186848958333334 0.0078125 0.016276041666666668
0 0.785888671875 0.7887369791666666 0.00634765625 0.013671875
0 0.779296875 0.7887369791666666 0.0048828125 0.013671875
0 0.77392578125 0.7874348958333334 0.001953125 0.008463541666666666
0 0.777099609375 0.7770182291666666 0.00439453125 0.013671875
0 0.782470703125 0.7998046875 0.00830078125 0.012369791666666666
0 0.78369140625 0.8053385416666666 0.0107421875 0.010416666666666666
0 0.775634765625 0.8004557291666666 0.00439453125 0.020182291666666668
0 0.802490234375 0.79296875 0.00830078125 0.010416666666666666
0 0.802978515625 0.80078125 0.00830078125 0.010416666666666666
0 0.793701171875 0.796875 0.00927734375 0.0234375
0 0.803466796875 0.7548828125 0.00732421875 0.013671875
0 0.774658203125 0.8294270833333334 0.00341796875 0.016927083333333332
0 0.4599609375 0.7698567708333334 0.0029296875 0.012369791666666666
0 0.79833984375 0.8147786458333334 0.009765625 0.014973958333333334
0 0.804443359375 0.8304036458333334 0.00830078125 0.020182291666666668
0 0.806884765625 0.869140625 0.01123046875 0.013020833333333334
0 0.8115234375 0.8561197916666666 0.0048828125 0.014322916666666666
0 0.798583984375 0.8590494791666666 0.00634765625 0.008463541666666666
0 0.78857421875 0.85546875 0.0107421875 0.014322916666666666
0 0.7880859375 0.8714192708333334 0.0126953125 0.022786458333333332
0 0.796875 0.873046875 0.0068359375 0.018229166666666668
0 0.786376953125 0.9069010416666666 0.01025390625 0.0234375
0 0.80908203125 0.9140625 0.005859375 0.010416666666666666
0 0.80859375 0.9329427083333334 0.0078125 0.026041666666666668
0 0.802978515625 0.8190104166666666 0.00732421875 0.014322916666666666
0 0.672607421875 0.6881510416666666 0.01220703125 0.028645833333333332
0 0.481689453125 0.6940104166666666 0.00537109375 0.010416666666666666
0 0.28955078125 0.3736979166666667 0.0068359375 0.015625
0 0.682373046875 0.8072916666666666 0.00244140625 0.014322916666666666
0 0.646484375 0.8414713541666666 0.001953125 0.013671875
0 0.573974609375 0.8160807291666666 0.00634765625 0.017578125
0 0.56396484375 0.7708333333333334 0.0068359375 0.016927083333333332
0 0.556396484375 0.7545572916666666 0.00732421875 0.01953125
0 0.1044921875 0.3681640625 0.0078125 0.018880208333333332
0 0.2099609375 0.4554036458333333 0.00390625 0.020182291666666668
0 0.185546875 0.5029296875 0.0078125 0.008463541666666666
0 0.183837890625 0.51171875 0.00537109375 0.013020833333333334
0 0.1904296875 0.4625651041666667 0.0068359375 0.013671875
0 0.188720703125 0.3740234375 0.00634765625 0.016276041666666668
0 0.190673828125 0.384765625 0.00439453125 0.005208333333333333
0 0.286865234375 0.7522786458333334 0.00830078125 0.022786458333333332
0 0.2958984375 0.6370442708333334 0.0087890625 0.016276041666666668
0 0.286865234375 0.6201171875 0.00732421875 0.017578125
0 0.290771484375 0.6067708333333334 0.00537109375 0.009114583333333334
0 0.293701171875 0.5944010416666666 0.00634765625 0.014322916666666666
0 0.3056640625 0.5777994791666666 0.0068359375 0.016276041666666668
0 0.3037109375 0.5179036458333334 0.0048828125 0.008463541666666666
0 0.306396484375 0.5071614583333334 0.00439453125 0.010416666666666666
0 0.30029296875 0.4970703125 0.0087890625 0.011067708333333334
0 0.30322265625 0.4684244791666667 0.0029296875 0.011067708333333334
0 0.2861328125 0.4713541666666667 0.0029296875 0.010416666666666666
0 0.68212890625 0.7447916666666666 0.001953125 0.005208333333333333
0 0.685791015625 0.6728515625 0.00341796875 0.016276041666666668
0 0.68310546875 0.7698567708333334 0.0029296875 0.011067708333333334
0 0.2890625 0.4306640625 0.005859375 0.018880208333333332
0 0.662109375 0.8277994791666666 0.0078125 0.017578125
0 0.29052734375 0.3570963541666667 0.0068359375 0.020182291666666668
0 0.319091796875 0.3203125 0.00244140625 0.01953125
0 0.37109375 0.4244791666666667 0.0107421875 0.028645833333333332
0 0.384521484375 0.47265625 0.00439453125 0.01171875
0 0.5693359375 0.7438151041666666 0.0048828125 0.013671875
0 0.5625 0.7099609375 0.00390625 0.008463541666666666
0 0.5537109375 0.6744791666666666 0.0068359375 0.013020833333333334
0 0.5615234375 0.6774088541666666 0.0029296875 0.009765625
0 0.555419921875 0.6637369791666666 0.00927734375 0.016276041666666668
0 0.47021484375 0.5859375 0.0048828125 0.010416666666666666
0 0.483154296875 0.6067708333333334 0.00439453125 0.01171875
0 0.655029296875 0.7340494791666666 0.00439453125 0.012369791666666666
0 0.47216796875 0.634765625 0.0068359375 0.014322916666666666
0 0.488525390625 0.6673177083333334 0.00537109375 0.016927083333333332
0 0.489013671875 0.6324869791666666 0.00439453125 0.012369791666666666
0 0.363525390625 0.6119791666666666 0.00537109375 0.014322916666666666
0 0.306396484375 0.2985026041666667 0.00439453125 0.008463541666666666
0 0.48583984375 0.7408854166666666 0.0029296875 0.015625
0 0.37548828125 0.5504557291666666 0.0078125 0.020182291666666668
0 0.471923828125 0.69140625 0.00244140625 0.0078125
0 0.4765625 0.7008463541666666 0.0048828125 0.008463541666666666
0 0.654541015625 0.7438151041666666 0.00634765625 0.012369791666666666
0 0.457763671875 0.7880859375 0.00439453125 0.026692708333333332
0 0.467529296875 0.83984375 0.00537109375 0.010416666666666666
0 0.470947265625 0.8343098958333334 0.00244140625 0.004557291666666667
0 0.472900390625 0.83203125 0.00244140625 0.006510416666666667
0 0.462646484375 0.8414713541666666 0.00244140625 0.005859375
0 0.48681640625 0.6575520833333334 0.0029296875 0.010416666666666666
