0 0.587890625 0.072265625 0.01171875 0.0234375
0 0.585205078125 0.0556640625 0.00927734375 0.013671875
0 0.51123046875 0.294921875 0.0078125 0.01953125
0 0.41455078125 0.8544921875 0.017578125 0.033203125
0 0.4990234375 0.7552083333333334 0.0126953125 0.01953125
0 0.503173828125 0.7197265625 0.01318359375 0.014973958333333334
0 0.515380859375 0.7395833333333334 0.00537109375 0.020833333333333332
0 0.611572265625 0.4990234375 0.01025390625 0.021484375
0 0.595703125 0.48828125 0.013671875 0.02734375
0 0.504638671875 0.7936197916666666 0.01318359375 0.026041666666666668
0 0.146484375 0.11197916666666667 0.013671875 0.02734375
0 0.595458984375 0.5374348958333334 0.01220703125 0.029296875
0 0.118408203125 0.5791015625 0.01123046875 0.026692708333333332
0 0.602294921875 0.712890625 0.00927734375 0.016927083333333332
0 0.618896484375 0.5869140625 0.00537109375 0.013671875
0 0.599853515625 0.6136067708333334 0.01220703125 0.018880208333333332
0 0.59326171875 0.6227213541666666 0.00390625 0.017578125
0 0.61474609375 0.529296875 0.0126953125 0.0234375
0 0.616943359375 0.5494791666666666 0.01025390625 0.018229166666666668
0 0.49658203125 0.7314453125 0.009765625 0.021484375
0 0.1396484375 0.4140625 0.0263671875 0.024739583333333332
0 0.132080078125 0.3330078125 0.01416015625 0.026692708333333332
0 0.117431640625 0.10416666666666667 0.01416015625 0.041666666666666664
0 0.110107421875 0.9443359375 0.00634765625 0.031901041666666664
0 0.41748046875 0.7945963541666666 0.0205078125 0.034505208333333336
0 0.42138671875 0.7392578125 0.0146484375 0.037109375
0 0.402099609375 0.7493489583333334 0.01513671875 0.037760416666666664
0 0.499267578125 0.7747395833333334 0.01220703125 0.0234375
0 0.39501953125 0.640625 0.015625 0.044270833333333336
0 0.27734375 0.041015625 0.0078125 0.02734375
0 0.114501953125 0.4791666666666667 0.00927734375 0.029947916666666668
0 0.142822265625 0.4365234375 0.01708984375 0.026692708333333332
0 0.154541015625 0.10026041666666667 0.01318359375 0.028645833333333332
0 0.16015625 0.142578125 0.0126953125 0.022135416666666668
0 0.150634765625 0.14713541666666666 0.01123046875 0.018229166666666668
0 0.15576171875 0.16764322916666666 0.0146484375 0.027994791666666668
0 0.150146484375 0.18131510416666666 0.01025390625 0.022786458333333332
0 0.1640625 0.19270833333333334 0.01171875 0.0234375
0 0.29443359375 0.13248697916666666 0.017578125 0.022786458333333332
0 0.123046875 0.2099609375 0.01171875 0.027994791666666668
0 0.1552734375 0.20833333333333334 0.013671875 0.03125
0 0.1142578125 0.27734375 0.0078125 0.013020833333333334
0 0.389892578125 0.7633463541666666 0.01513671875 0.051432291666666664
0 0.1171875 0.2565104166666667 0.009765625 0.01953125
0 0.131591796875 0.24869791666666666 0.01025390625 0.022135416666666668
0 0.124755859375 0.2809244791666667 0.01416015625 0.030598958333333332
0 0.12841796875 0.23404947916666666 0.009765625 0.016276041666666668
0 0.119873046875 0.23860677083333334 0.01220703125 0.024088541666666668
0 0.14306640625 0.22298177083333334 0.017578125 0.025390625
0 0.13134765625 0.197265625 0.0068359375 0.01171875
0 0.142578125 0.2516276041666667 0.015625 0.033203125
