0 0.81005859375 0.2701822916666667 0.017578125 0.03125
0 0.839599609375 0.4267578125 0.00244140625 0.005859375
0 0.667724609375 0.2978515625 0.00634765625 0.009765625
0 0.408935546875 0.14453125 0.00439453125 0.015625
0 0.655029296875 0.23079427083333334 0.00537109375 0.018880208333333332
0 0.414794921875 0.14973958333333334 0.00341796875 0.010416666666666666
0 0.4072265625 0.19954427083333334 0.0048828125 0.020182291666666668
0 0.80810546875 0.3763020833333333 0.0068359375 0.01171875
0 0.655517578125 0.28515625 0.00439453125 0.018229166666666668
0 0.576904296875 0.3463541666666667 0.00439453125 0.022135416666666668
0 0.3251953125 0.4576822916666667 0.0068359375 0.018229166666666668
0 0.4443359375 0.1123046875 0.0048828125 0.017578125
0 0.4150390625 0.19466145833333334 0.0048828125 0.013020833333333334
0 0.59326171875 0.3955078125 0.001953125 0.004557291666666667
0 0.31396484375 0.591796875 0.013671875 0.022135416666666668
0 0.325927734375 0.591796875 0.01025390625 0.022135416666666668
0 0.462890625 0.599609375 0.0068359375 0.014322916666666666
0 0.28759765625 0.4817708333333333 0.0048828125 0.016927083333333332
0 0.2880859375 0.458984375 0.0048828125 0.024739583333333332
0 0.418212890625 0.0654296875 0.00634765625 0.011067708333333334
0 0.309326171875 0.35546875 0.01025390625 0.01171875
0 0.294677734375 0.22526041666666666 0.00537109375 0.0078125
0 0.430419921875 0.064453125 0.00927734375 0.015625
0 0.802734375 0.3587239583333333 0.0087890625 0.01953125
0 0.404296875 0.11490885416666667 0.0107421875 0.041015625
0 0.312255859375 0.2552083333333333 0.00439453125 0.006510416666666667
0 0.4599609375 0.5546875 0.0068359375 0.018229166666666668
0 0.686767578125 0.3095703125 0.01611328125 0.026692708333333332
0 0.8173828125 0.21647135416666666 0.0126953125 0.034505208333333336
0 0.8203125 0.18424479166666666 0.01171875 0.02734375
0 0.8203125 0.17447916666666666 0.0078125 0.026041666666666668
0 0.60107421875 0.447265625 0.0029296875 0.006510416666666667
0 0.603759765625 0.4576822916666667 0.00244140625 0.009114583333333334
0 0.678955078125 0.3772786458333333 0.00732421875 0.014973958333333334
0 0.593017578125 0.4612630208333333 0.00439453125 0.008463541666666666
0 0.601318359375 0.4401041666666667 0.00146484375 0.006510416666666667
0 0.583740234375 0.4348958333333333 0.00634765625 0.006510416666666667
0 0.692626953125 0.3304036458333333 0.01318359375 0.024088541666666668
0 0.408447265625 0.08138020833333333 0.01220703125 0.032552083333333336
0 0.693115234375 0.4466145833333333 0.01416015625 0.020833333333333332
0 0.584228515625 0.4817708333333333 0.00634765625 0.015625
0 0.60009765625 0.4326171875 0.001953125 0.005859375
0 0.490966796875 0.22493489583333334 0.01806640625 0.038411458333333336
0 0.499755859375 0.23990885416666666 0.01220703125 0.033203125
0 0.4990234375 0.2652994791666667 0.0146484375 0.029296875
0 0.4990234375 0.2880859375 0.0146484375 0.026692708333333332
0 0.49755859375 0.3779296875 0.0166015625 0.041015625
0 0.43115234375 0.462890625 0.0087890625 0.022135416666666668
0 0.60400390625 0.4241536458333333 0.0029296875 0.007161458333333333
0 0.5947265625 0.4130859375 0.0029296875 0.004557291666666667
0 0.303466796875 0.5276692708333334 0.01611328125 0.024088541666666668
0 0.28564453125 0.3115234375 0.0068359375 0.025390625
0 0.32177734375 0.353515625 0.017578125 0.018229166666666668
0 0.301025390625 0.5572916666666666 0.01220703125 0.03125
0 0.2900390625 0.5257161458333334 0.0087890625 0.031901041666666664
0 0.31787109375 0.52734375 0.0146484375 0.032552083333333336
0 0.3291015625 0.5084635416666666 0.01171875 0.022135416666666668
0 0.30517578125 0.4967447916666667 0.01171875 0.026041666666666668
0 0.3134765625 0.4938151041666667 0.009765625 0.017578125
0 0.32080078125 0.48046875 0.015625 0.040364583333333336
0 0.301513671875 0.46484375 0.01318359375 0.033854166666666664
0 0.2861328125 0.4296875 0.0048828125 0.01171875
0 0.29345703125 0.4641927083333333 0.0107421875 0.029947916666666668
0 0.296630859375 0.6442057291666666 0.01025390625 0.033203125
0 0.3095703125 0.4397786458333333 0.017578125 0.024088541666666668
0 0.30859375 0.4163411458333333 0.017578125 0.027994791666666668
0 0.31640625 0.4029947916666667 0.0146484375 0.020833333333333332
0 0.298095703125 0.3828125 0.01513671875 0.02734375
0 0.297607421875 0.21875 0.00634765625 0.013020833333333334
0 0.294677734375 0.205078125 0.00927734375 0.010416666666666666
0 0.301513671875 0.21712239583333334 0.00537109375 0.011067708333333334
0 0.306884765625 0.22037760416666666 0.00830078125 0.013671875
0 0.29736328125 0.6028645833333334 0.0068359375 0.0078125
0 0.3115234375 0.24283854166666666 0.0078125 0.015625
0 0.292724609375 0.212890625 0.00830078125 0.018229166666666668
0 0.293212890625 0.4114583333333333 0.01513671875 0.037760416666666664
0 0.318115234375 0.6474609375 0.01318359375 0.029296875
0 0.332763671875 0.7057291666666666 0.00830078125 0.028645833333333332
0 0.316650390625 0.3883463541666667 0.01220703125 0.018880208333333332
0 0.29541015625 0.3206380208333333 0.013671875 0.033203125
0 0.304931640625 0.322265625 0.01318359375 0.033854166666666664
0 0.324462890625 0.298828125 0.01123046875 0.02734375
0 0.31494140625 0.3076171875 0.013671875 0.020182291666666668
0 0.31689453125 0.3186848958333333 0.015625 0.017578125
0 0.316650390625 0.3310546875 0.01513671875 0.027994791666666668
0 0.287841796875 0.3391927083333333 0.01123046875 0.022135416666666668
0 0.2978515625 0.3453776041666667 0.013671875 0.026692708333333332
0 0.319580078125 0.3681640625 0.01611328125 0.029296875
0 0.313232421875 0.4674479166666667 0.01123046875 0.0234375
0 0.301513671875 0.2958984375 0.01611328125 0.027994791666666668
0 0.292236328125 0.6126302083333334 0.00537109375 0.01953125
0 0.308837890625 0.3834635416666667 0.01025390625 0.03125
0 0.29248046875 0.3675130208333333 0.0166015625 0.034505208333333336
0 0.286865234375 0.5032552083333334 0.00244140625 0.013020833333333334
0 0.30615234375 0.6923828125 0.009765625 0.021484375
0 0.3203125 0.43359375 0.0087890625 0.022135416666666668
0 0.299072265625 0.4329427083333333 0.00439453125 0.0078125
0 0.309326171875 0.3450520833333333 0.00634765625 0.009114583333333334
0 0.282470703125 0.2874348958333333 0.01025390625 0.030598958333333332
0 0.314453125 0.2900390625 0.0087890625 0.013671875
0 0.325439453125 0.7340494791666666 0.00927734375 0.024088541666666668
0 0.32568359375 0.3850911458333333 0.01171875 0.031901041666666664
0 0.29638671875 0.2779947916666667 0.0126953125 0.0234375
