0 0.197265625 0.4495442708333333 0.009765625 0.021484375
0 0.28369140625 0.5110677083333334 0.013671875 0.036458333333333336
0 0.174560546875 0.7229817708333334 0.01611328125 0.027994791666666668
0 0.17529296875 0.7766927083333334 0.0048828125 0.013020833333333334
0 0.187255859375 0.6634114583333334 0.00927734375 0.0234375
0 0.1943359375 0.4977213541666667 0.01171875 0.022786458333333332
0 0.286376953125 0.5403645833333334 0.01611328125 0.032552083333333336
0 0.152099609375 0.8050130208333334 0.01025390625 0.017578125
0 0.4326171875 0.2692057291666667 0.0048828125 0.029296875
0 0.406494140625 0.3349609375 0.00732421875 0.030598958333333332
0 0.41845703125 0.23795572916666666 0.0234375 0.043619791666666664
0 0.426025390625 0.2939453125 0.01708984375 0.029296875
0 0.527587890625 0.4873046875 0.00927734375 0.016276041666666668
0 0.29541015625 0.5061848958333334 0.0185546875 0.037109375
0 0.418212890625 0.2679036458333333 0.02197265625 0.030598958333333332
0 0.519775390625 0.4137369791666667 0.01318359375 0.033203125
0 0.291015625 0.5729166666666666 0.0107421875 0.020833333333333332
0 0.29248046875 0.4736328125 0.015625 0.034505208333333336
0 0.15234375 0.7900390625 0.0087890625 0.012369791666666666
0 0.41064453125 0.4423828125 0.0166015625 0.031901041666666664
0 0.15185546875 0.8238932291666666 0.01171875 0.025390625
0 0.154296875 0.7708333333333334 0.0107421875 0.028645833333333332
0 0.175048828125 0.5250651041666666 0.00341796875 0.009765625
0 0.525146484375 0.5703125 0.00634765625 0.01953125
0 0.52392578125 0.513671875 0.0126953125 0.024739583333333332
0 0.52392578125 0.5335286458333334 0.0166015625 0.025390625
0 0.397705078125 0.5869140625 0.00830078125 0.013671875
0 0.42138671875 0.3837890625 0.0048828125 0.012369791666666666
0 0.409423828125 0.4117838541666667 0.00634765625 0.014973958333333334
0 0.52685546875 0.5006510416666666 0.01171875 0.01953125
0 0.401611328125 0.4189453125 0.00537109375 0.024088541666666668
0 0.4150390625 0.5472005208333334 0.00390625 0.013671875
0 0.414794921875 0.5657552083333334 0.00341796875 0.010416666666666666
0 0.414306640625 0.587890625 0.00537109375 0.013020833333333334
0 0.28369140625 0.5686848958333334 0.013671875 0.026692708333333332
0 0.14599609375 0.84375 0.0078125 0.03125
0 0.421630859375 0.3414713541666667 0.01611328125 0.035807291666666664
0 0.419677734375 0.4169921875 0.01025390625 0.021484375
