0 0.529052734375 0.19986979166666666 0.00537109375 0.028645833333333332
0 0.530029296875 0.22135416666666666 0.00439453125 0.018229166666666668
0 0.530029296875 0.25 0.00634765625 0.0390625
0 0.521240234375 0.2669270833333333 0.00634765625 0.01171875
0 0.519775390625 0.4534505208333333 0.01611328125 0.033203125
0 0.519775390625 0.4140625 0.01611328125 0.045572916666666664
0 0.516845703125 0.5764973958333334 0.00732421875 0.026692708333333332
0 0.544921875 0.6119791666666666 0.00390625 0.033854166666666664
0 0.548583984375 0.72265625 0.00634765625 0.024739583333333332
0 0.54736328125 0.9837239583333334 0.0146484375 0.028645833333333332
0 0.547607421875 0.7548828125 0.00927734375 0.041015625
0 0.529296875 0.5638020833333334 0.0146484375 0.037760416666666664
