0 0.55712890625 0.5908203125 0.00390625 0.017578125
0 0.495361328125 0.3938802083333333 0.00537109375 0.015625
0 0.495849609375 0.4778645833333333 0.00439453125 0.01171875
0 0.493896484375 0.4212239583333333 0.00439453125 0.0078125
0 0.552001953125 0.44921875 0.00537109375 0.015625
0 0.496826171875 0.4166666666666667 0.00244140625 0.009114583333333334
0 0.4912109375 0.5042317708333334 0.0048828125 0.004557291666666667
0 0.494384765625 0.4485677083333333 0.00732421875 0.018229166666666668
0 0.49365234375 0.4296875 0.0048828125 0.01171875
0 0.48876953125 0.4775390625 0.0048828125 0.012369791666666666
0 0.49169921875 0.490234375 0.0068359375 0.015625
