0 0.484130859375 0.2490234375 0.01123046875 0.031901041666666664
0 0.49658203125 0.2633463541666667 0.005859375 0.024088541666666668
0 0.487548828125 0.3863932291666667 0.01123046875 0.024088541666666668
0 0.480712890625 0.4957682291666667 0.00830078125 0.026692708333333332
0 0.57373046875 0.455078125 0.009765625 0.024739583333333332
0 0.46240234375 0.5162760416666666 0.0126953125 0.03125
0 0.483154296875 0.5953776041666666 0.00927734375 0.030598958333333332
0 0.4833984375 0.5628255208333334 0.0107421875 0.034505208333333336
0 0.458251953125 0.6591796875 0.01123046875 0.033203125
0 0.4736328125 0.6171875 0.013671875 0.03125
0 0.483154296875 0.6302083333333334 0.01025390625 0.04296875
0 0.47314453125 0.5921223958333334 0.01171875 0.026692708333333332
0 0.587158203125 0.24967447916666666 0.02294921875 0.030598958333333332
0 0.482421875 0.7141927083333334 0.0078125 0.032552083333333336
0 0.3759765625 0.23665364583333334 0.013671875 0.033203125
0 0.453125 0.7418619791666666 0.01171875 0.026692708333333332
0 0.4765625 0.818359375 0.005859375 0.01953125
0 0.45654296875 0.8258463541666666 0.0185546875 0.056640625
0 0.445556640625 0.8167317708333334 0.01806640625 0.035807291666666664
0 0.36767578125 0.5891927083333334 0.009765625 0.03515625
0 0.38427734375 0.2916666666666667 0.017578125 0.04296875
0 0.4775390625 0.8561197916666666 0.009765625 0.033854166666666664
0 0.474853515625 0.8382161458333334 0.00830078125 0.018880208333333332
0 0.390869140625 0.1220703125 0.01708984375 0.033203125
0 0.240966796875 0.19466145833333334 0.01904296875 0.04296875
0 0.23291015625 0.7330729166666666 0.0244140625 0.0234375
0 0.24365234375 0.296875 0.017578125 0.033854166666666664
0 0.38623046875 0.21516927083333334 0.015625 0.034505208333333336
