0 0.58349609375 0.2646484375 0.021484375 0.068359375
0 0.596923828125 0.2412109375 0.01123046875 0.050130208333333336
0 0.254150390625 0.5211588541666666 0.01611328125 0.035807291666666664
0 0.5859375 0.9469401041666666 0.0107421875 0.021484375
0 0.719482421875 0.5065104166666666 0.00634765625 0.024739583333333332
0 0.71240234375 0.5498046875 0.017578125 0.033203125
0 0.722412109375 0.5546875 0.00732421875 0.029947916666666668
0 0.567138671875 0.3922526041666667 0.01025390625 0.055338541666666664
0 0.589599609375 0.16178385416666666 0.00537109375 0.011067708333333334
0 0.719970703125 0.6897786458333334 0.01220703125 0.033203125
0 0.581787109375 0.17643229166666666 0.00830078125 0.029947916666666668
0 0.84033203125 0.5628255208333334 0.005859375 0.011067708333333334
0 0.263916015625 0.5872395833333334 0.02099609375 0.057291666666666664
0 0.592041015625 0.18131510416666666 0.01220703125 0.042317708333333336
0 0.834228515625 0.3981119791666667 0.01123046875 0.022786458333333332
0 0.83642578125 0.6393229166666666 0.015625 0.032552083333333336
0 0.821044921875 0.5107421875 0.02001953125 0.044921875
0 0.69677734375 0.09895833333333333 0.021484375 0.055989583333333336
0 0.69775390625 0.146484375 0.0224609375 0.046875
0 0.685791015625 0.4329427083333333 0.00830078125 0.040364583333333336
0 0.70458984375 0.3102213541666667 0.0234375 0.054036458333333336
0 0.71435546875 0.2805989583333333 0.0146484375 0.0546875
0 0.82080078125 0.4596354166666667 0.0205078125 0.048177083333333336
