0 0.4677734375 0.5787760416666666 0.0126953125 0.03125
0 0.460205078125 0.4993489583333333 0.01611328125 0.045572916666666664
0 0.158935546875 0.3694661458333333 0.01904296875 0.060546875
0 0.156005859375 0.3011067708333333 0.00830078125 0.020182291666666668
0 0.1474609375 0.5126953125 0.0185546875 0.052734375
0 0.146240234375 0.6044921875 0.01611328125 0.039713541666666664
0 0.25 0.6064453125 0.013671875 0.039713541666666664
0 0.33642578125 0.4169921875 0.0205078125 0.048828125
0 0.445556640625 0.642578125 0.01611328125 0.03515625
0 0.46826171875 0.5458984375 0.0087890625 0.025390625
0 0.3349609375 0.5911458333333334 0.0126953125 0.02734375
0 0.44873046875 0.5634765625 0.017578125 0.027994791666666668
0 0.439208984375 0.5465494791666666 0.01025390625 0.037109375
0 0.451416015625 0.5374348958333334 0.01416015625 0.022786458333333332
0 0.44482421875 0.5397135416666666 0.01171875 0.0234375
0 0.45068359375 0.5856119791666666 0.009765625 0.021484375
0 0.47119140625 0.6220703125 0.0078125 0.030598958333333332
0 0.2548828125 0.6634114583333334 0.0078125 0.01953125
0 0.25244140625 0.7044270833333334 0.009765625 0.048177083333333336
0 0.445068359375 0.5166015625 0.01220703125 0.016276041666666668
0 0.443603515625 0.5016276041666666 0.00537109375 0.012369791666666666
