0 0.7734375 0.4117838541666667 0.00390625 0.008463541666666666
0 0.77099609375 0.3815104166666667 0.0048828125 0.0078125
0 0.775390625 0.3766276041666667 0.0068359375 0.014973958333333334
0 0.77490234375 0.3697916666666667 0.0068359375 0.009114583333333334
0 0.77587890625 0.3518880208333333 0.0068359375 0.008463541666666666
0 0.5048828125 0.6077473958333334 0.001953125 0.005859375
0 0.781005859375 0.3629557291666667 0.00439453125 0.009765625
0 0.779541015625 0.3678385416666667 0.00732421875 0.009114583333333334
0 0.343994140625 0.5237630208333334 0.00341796875 0.008463541666666666
0 0.51416015625 0.7220052083333334 0.00390625 0.005208333333333333
0 0.5078125 0.7054036458333334 0.00390625 0.009765625
0 0.610595703125 0.5244140625 0.00244140625 0.005859375
0 0.4287109375 0.6409505208333334 0.005859375 0.012369791666666666
0 0.685791015625 0.6110026041666666 0.00732421875 0.012369791666666666
0 0.355712890625 0.6490885416666666 0.00439453125 0.0078125
0 0.762939453125 0.3561197916666667 0.00244140625 0.010416666666666666
0 0.355224609375 0.6435546875 0.00439453125 0.009765625
0 0.76806640625 0.3743489583333333 0.001953125 0.0026041666666666665
0 0.7724609375 0.4215494791666667 0.005859375 0.005859375
0 0.685546875 0.5966796875 0.0048828125 0.008463541666666666
0 0.773681640625 0.361328125 0.00244140625 0.0026041666666666665
0 0.435546875 0.693359375 0.0048828125 0.018229166666666668
0 0.7763671875 0.4889322916666667 0.00390625 0.006510416666666667
0 0.776611328125 0.365234375 0.00439453125 0.0078125
0 0.688720703125 0.6041666666666666 0.00537109375 0.0078125
0 0.69091796875 0.6005859375 0.00390625 0.008463541666666666
0 0.60595703125 0.6741536458333334 0.005859375 0.013671875
0 0.50830078125 0.7734375 0.0048828125 0.014322916666666666
0 0.520751953125 0.748046875 0.00634765625 0.014322916666666666
0 0.509765625 0.7369791666666666 0.0068359375 0.014322916666666666
0 0.5146484375 0.7350260416666666 0.005859375 0.010416666666666666
0 0.514892578125 0.7083333333333334 0.00732421875 0.016927083333333332
0 0.520263671875 0.6953125 0.00439453125 0.010416666666666666
0 0.515380859375 0.6852213541666666 0.00830078125 0.005859375
0 0.5205078125 0.67578125 0.00390625 0.010416666666666666
0 0.518798828125 0.7643229166666666 0.00732421875 0.020833333333333332
0 0.51708984375 0.67578125 0.0068359375 0.015625
0 0.51953125 0.6695963541666666 0.00390625 0.012369791666666666
0 0.3525390625 0.7568359375 0.00390625 0.012369791666666666
0 0.602783203125 0.6728515625 0.00244140625 0.008463541666666666
0 0.426025390625 0.6494140625 0.00341796875 0.011067708333333334
0 0.52587890625 0.767578125 0.0029296875 0.016927083333333332
0 0.504638671875 0.6360677083333334 0.00439453125 0.013020833333333334
0 0.5205078125 0.6575520833333334 0.0048828125 0.010416666666666666
0 0.509033203125 0.673828125 0.00537109375 0.013020833333333334
0 0.51318359375 0.6686197916666666 0.0048828125 0.013020833333333334
0 0.517333984375 0.7913411458333334 0.00830078125 0.021484375
