0 0.28125 0.5667317708333334 0.0078125 0.020182291666666668
0 0.172607421875 0.4986979166666667 0.00439453125 0.010416666666666666
0 0.180419921875 0.6048177083333334 0.01416015625 0.022135416666666668
0 0.177978515625 0.6282552083333334 0.01318359375 0.0234375
0 0.194580078125 0.625 0.00439453125 0.010416666666666666
0 0.292236328125 0.578125 0.00830078125 0.018229166666666668
0 0.30419921875 0.5875651041666666 0.001953125 0.016276041666666668
0 0.2939453125 0.5432942708333334 0.005859375 0.012369791666666666
0 0.3046875 0.5 0.0029296875 0.010416666666666666
0 0.30419921875 0.4742838541666667 0.0029296875 0.007161458333333333
0 0.29541015625 0.50390625 0.0048828125 0.01171875
0 0.38671875 0.4446614583333333 0.005859375 0.0234375
0 0.384521484375 0.4322916666666667 0.00244140625 0.009114583333333334
0 0.282958984375 0.5130208333333334 0.01025390625 0.020833333333333332
0 0.39892578125 0.4072265625 0.0048828125 0.016276041666666668
0 0.40380859375 0.3577473958333333 0.0029296875 0.011067708333333334
0 0.3935546875 0.4462890625 0.0087890625 0.020182291666666668
