0 0.688720703125 0.603515625 0.00830078125 0.0234375
0 0.611083984375 0.4225260416666667 0.01806640625 0.03515625
0 0.67919921875 0.4537760416666667 0.01171875 0.0234375
0 0.5234375 0.3857421875 0.0126953125 0.021484375
0 0.532470703125 0.4267578125 0.00732421875 0.026692708333333332
0 0.60400390625 0.4479166666666667 0.0048828125 0.01171875
0 0.522705078125 0.451171875 0.01025390625 0.01953125
0 0.254150390625 0.4928385416666667 0.02001953125 0.0234375
0 0.6015625 0.4576822916666667 0.0029296875 0.006510416666666667
0 0.60009765625 0.4654947916666667 0.0029296875 0.0078125
0 0.2255859375 0.9404296875 0.0087890625 0.022786458333333332
0 0.52490234375 0.4205729166666667 0.01171875 0.0234375
0 0.259521484375 0.8658854166666666 0.00537109375 0.026041666666666668
0 0.68310546875 0.2981770833333333 0.0146484375 0.028645833333333332
0 0.246337890625 0.7731119791666666 0.01220703125 0.025390625
0 0.933837890625 0.5022786458333334 0.01025390625 0.017578125
0 0.916748046875 0.4983723958333333 0.00634765625 0.024088541666666668
0 0.9560546875 0.3951822916666667 0.01171875 0.026041666666666668
0 0.92138671875 0.3697916666666667 0.009765625 0.020833333333333332
0 0.913330078125 0.3509114583333333 0.00537109375 0.022135416666666668
0 0.955810546875 0.3421223958333333 0.00732421875 0.022786458333333332
0 0.911865234375 0.3297526041666667 0.00341796875 0.022786458333333332
0 0.689697265625 0.12532552083333334 0.01318359375 0.041015625
0 0.716796875 0.3365885416666667 0.013671875 0.028645833333333332
0 0.438720703125 0.4397786458333333 0.00439453125 0.011067708333333334
0 0.435546875 0.4270833333333333 0.0029296875 0.006510416666666667
0 0.351806640625 0.2711588541666667 0.00732421875 0.014973958333333334
0 0.70361328125 0.3642578125 0.015625 0.029296875
0 0.6865234375 0.5686848958333334 0.013671875 0.022786458333333332
0 0.70068359375 0.3232421875 0.01953125 0.033203125
0 0.44482421875 0.3870442708333333 0.0068359375 0.024088541666666668
0 0.692138671875 0.37890625 0.00927734375 0.01953125
0 0.6728515625 0.4248046875 0.0146484375 0.026692708333333332
0 0.689697265625 0.3997395833333333 0.00537109375 0.01171875
0 0.684326171875 0.4016927083333333 0.00634765625 0.013020833333333334
0 0.6845703125 0.3597005208333333 0.0146484375 0.020182291666666668
0 0.678466796875 0.2265625 0.00927734375 0.028645833333333332
0 0.673828125 0.2994791666666667 0.0048828125 0.0234375
0 0.6728515625 0.3297526041666667 0.0087890625 0.035807291666666664
0 0.71435546875 0.24837239583333334 0.009765625 0.021484375
0 0.72216796875 0.2431640625 0.01171875 0.033203125
0 0.161376953125 0.3740234375 0.02685546875 0.033203125
0 0.24365234375 0.12272135416666667 0.0107421875 0.020182291666666668
0 0.27099609375 0.1171875 0.0166015625 0.028645833333333332
0 0.697021484375 0.4895833333333333 0.01025390625 0.024739583333333332
0 0.68115234375 0.341796875 0.009765625 0.026041666666666668
0 0.6875 0.439453125 0.0068359375 0.014322916666666666
0 0.68115234375 0.3206380208333333 0.0126953125 0.017578125
0 0.232421875 0.9173177083333334 0.0078125 0.016927083333333332
0 0.226806640625 0.8323567708333334 0.00830078125 0.017578125
0 0.3486328125 0.3203125 0.005859375 0.029947916666666668
0 0.423828125 0.4026692708333333 0.0078125 0.029296875
0 0.429931640625 0.4326171875 0.01123046875 0.034505208333333336
0 0.49560546875 0.638671875 0.0078125 0.014322916666666666
0 0.50634765625 0.5732421875 0.0107421875 0.022786458333333332
0 0.49755859375 0.5745442708333334 0.005859375 0.011067708333333334
0 0.50244140625 0.4990234375 0.0048828125 0.027994791666666668
0 0.507568359375 0.5113932291666666 0.01123046875 0.026692708333333332
0 0.514892578125 0.4762369791666667 0.01318359375 0.031901041666666664
0 0.945556640625 0.681640625 0.01123046875 0.013020833333333334
0 0.68798828125 0.4833984375 0.01171875 0.024088541666666668
0 0.263671875 0.6910807291666666 0.005859375 0.009765625
0 0.710205078125 0.3050130208333333 0.01904296875 0.033203125
0 0.263916015625 0.7320963541666666 0.00634765625 0.009765625
0 0.8193359375 0.267578125 0.01171875 0.028645833333333332
0 0.792236328125 0.24739583333333334 0.00537109375 0.0234375
0 0.79931640625 0.2662760416666667 0.0048828125 0.015625
0 0.807373046875 0.2643229166666667 0.01025390625 0.028645833333333332
0 0.811767578125 0.18489583333333334 0.01025390625 0.028645833333333332
0 0.825439453125 0.1806640625 0.01416015625 0.030598958333333332
0 0.825439453125 0.012044270833333334 0.02197265625 0.022786458333333332
0 0.701171875 0.2750651041666667 0.0126953125 0.017578125
0 0.920654296875 0.4521484375 0.01318359375 0.026692708333333332
0 0.94580078125 0.5865885416666666 0.0068359375 0.009114583333333334
0 0.923095703125 0.4065755208333333 0.01416015625 0.034505208333333336
0 0.955322265625 0.8623046875 0.00537109375 0.016276041666666668
0 0.273681640625 0.4983723958333333 0.00732421875 0.021484375
0 0.808349609375 0.2975260416666667 0.01123046875 0.0234375
0 0.91796875 0.7887369791666666 0.009765625 0.026692708333333332
0 0.945556640625 0.3427734375 0.01318359375 0.024088541666666668
0 0.930419921875 0.3216145833333333 0.01416015625 0.0234375
0 0.94091796875 0.4202473958333333 0.017578125 0.026692708333333332
0 0.364013671875 0.3310546875 0.01025390625 0.020182291666666668
0 0.951904296875 0.8889973958333334 0.00830078125 0.029296875
0 0.921875 0.8697916666666666 0.01171875 0.01953125
0 0.915771484375 0.875 0.01318359375 0.024739583333333332
0 0.918701171875 0.826171875 0.01220703125 0.0234375
0 0.262451171875 0.2845052083333333 0.00927734375 0.013020833333333334
0 0.249755859375 0.3330078125 0.01513671875 0.041015625
0 0.947998046875 0.3701171875 0.02294921875 0.033203125
0 0.95458984375 0.4202473958333333 0.01171875 0.025390625
0 0.25537109375 0.7239583333333334 0.009765625 0.016927083333333332
0 0.9404296875 0.19791666666666666 0.0205078125 0.032552083333333336
0 0.812744140625 0.3115234375 0.01708984375 0.026692708333333332
0 0.960693359375 0.3736979166666667 0.00732421875 0.020833333333333332
0 0.810546875 0.3974609375 0.01171875 0.024088541666666668
0 0.79150390625 0.2789713541666667 0.00390625 0.018880208333333332
0 0.240234375 0.7486979166666666 0.013671875 0.015625
0 0.269287109375 0.580078125 0.00634765625 0.009114583333333334
0 0.680908203125 0.1904296875 0.00439453125 0.042317708333333336
0 0.674560546875 0.2669270833333333 0.00732421875 0.041666666666666664
0 0.685302734375 0.2574869791666667 0.00830078125 0.017578125
0 0.730224609375 0.060221354166666664 0.00439453125 0.011067708333333334
0 0.693115234375 0.45703125 0.01123046875 0.026041666666666668
0 0.271240234375 0.5638020833333334 0.00927734375 0.016927083333333332
0 0.23583984375 0.6634114583333334 0.013671875 0.024739583333333332
0 0.660888671875 0.62109375 0.00634765625 0.0234375
0 0.702880859375 0.384765625 0.01318359375 0.016927083333333332
0 0.24560546875 0.4658203125 0.0146484375 0.034505208333333336
0 0.937744140625 0.4580078125 0.02392578125 0.030598958333333332
0 0.2734375 0.5882161458333334 0.0068359375 0.009765625
0 0.944580078125 0.6653645833333334 0.01123046875 0.0234375
0 0.932861328125 0.6585286458333334 0.01220703125 0.024088541666666668
0 0.82373046875 0.4326171875 0.0146484375 0.034505208333333336
0 0.802734375 0.6344401041666666 0.009765625 0.020182291666666668
0 0.826904296875 0.7119140625 0.01220703125 0.033203125
0 0.80908203125 0.6588541666666666 0.009765625 0.0234375
0 0.9384765625 0.9641927083333334 0.0126953125 0.032552083333333336
0 0.81103515625 0.6171875 0.0107421875 0.024739583333333332
0 0.943359375 0.8899739583333334 0.0087890625 0.026041666666666668
0 0.95703125 0.7594401041666666 0.0078125 0.034505208333333336
0 0.934814453125 0.9072265625 0.01416015625 0.030598958333333332
0 0.25 0.369140625 0.015625 0.02734375
0 0.80810546875 0.4228515625 0.01171875 0.025390625
0 0.944580078125 0.7861328125 0.01318359375 0.024088541666666668
0 0.9296875 0.8352864583333334 0.013671875 0.02734375
