0 0.588623046875 0.3805338541666667 0.00146484375 0.004557291666666667
0 0.3349609375 0.6100260416666666 0.0029296875 0.009114583333333334
0 0.3408203125 0.5764973958333334 0.001953125 0.007161458333333333
0 0.33154296875 0.65234375 0.0029296875 0.01171875
0 0.593017578125 0.4518229166666667 0.00146484375 0.00390625
0 0.59619140625 0.4973958333333333 0.0009765625 0.00390625
0 0.596923828125 0.4925130208333333 0.00146484375 0.005859375
0 0.588134765625 0.5061848958333334 0.00146484375 0.004557291666666667
0 0.592529296875 0.5087890625 0.00146484375 0.005859375
0 0.589599609375 0.4267578125 0.00146484375 0.004557291666666667
0 0.58935546875 0.3274739583333333 0.0009765625 0.00390625
0 0.586669921875 0.4518229166666667 0.00146484375 0.0078125
0 0.587890625 0.3694661458333333 0.001953125 0.005859375
0 0.587890625 0.3408203125 0.001953125 0.004557291666666667
0 0.58935546875 0.33984375 0.0009765625 0.00390625
0 0.58984375 0.3216145833333333 0.001953125 0.005208333333333333
0 0.58935546875 0.3154296875 0.001953125 0.004557291666666667
0 0.58642578125 0.2952473958333333 0.0009765625 0.004557291666666667
0 0.587646484375 0.2620442708333333 0.00146484375 0.004557291666666667
0 0.597900390625 0.5022786458333334 0.00048828125 0.008463541666666666
0 0.59033203125 0.4127604166666667 0.0009765625 0.00390625
0 0.333984375 0.6416015625 0.0048828125 0.008463541666666666
0 0.59814453125 0.6350911458333334 0.0029296875 0.011067708333333334
0 0.5947265625 0.509765625 0.001953125 0.006510416666666667
0 0.592529296875 0.5026041666666666 0.00146484375 0.005208333333333333
0 0.591796875 0.525390625 0.001953125 0.00390625
0 0.337890625 0.6350911458333334 0.00390625 0.012369791666666666
0 0.595947265625 0.5537109375 0.00146484375 0.0032552083333333335
0 0.594482421875 0.5169270833333334 0.00146484375 0.00390625
0 0.594970703125 0.5328776041666666 0.00146484375 0.0032552083333333335
0 0.597412109375 0.5393880208333334 0.00146484375 0.007161458333333333
0 0.590087890625 0.525390625 0.00146484375 0.0026041666666666665
0 0.59228515625 0.5208333333333334 0.0029296875 0.006510416666666667
0 0.593505859375 0.5146484375 0.00146484375 0.004557291666666667
0 0.337646484375 0.6569010416666666 0.00439453125 0.014322916666666666
0 0.59521484375 0.5413411458333334 0.0009765625 0.004557291666666667
0 0.596923828125 0.5631510416666666 0.00244140625 0.006510416666666667
0 0.59326171875 0.5625 0.0009765625 0.00390625
0 0.59619140625 0.5680338541666666 0.001953125 0.004557291666666667
0 0.59423828125 0.5517578125 0.001953125 0.005859375
0 0.59521484375 0.5992838541666666 0.0029296875 0.008463541666666666
0 0.59716796875 0.6608072916666666 0.001953125 0.0078125
0 0.598876953125 0.6536458333333334 0.00146484375 0.0078125
0 0.58935546875 0.5865885416666666 0.0009765625 0.00390625
