0 0.48974609375 0.4248046875 0.00390625 0.007161458333333333
0 0.489501953125 0.41796875 0.00439453125 0.0078125
0 0.4912109375 0.4397786458333333 0.0029296875 0.008463541666666666
0 0.493408203125 0.4384765625 0.00341796875 0.007161458333333333
0 0.481689453125 0.3190104166666667 0.00439453125 0.009114583333333334
0 0.493896484375 0.44921875 0.00439453125 0.006510416666666667
0 0.482666015625 0.3131510416666667 0.00341796875 0.009114583333333334
0 0.490234375 0.4114583333333333 0.00390625 0.0078125
0 0.487548828125 0.4108072916666667 0.00439453125 0.0078125
0 0.489990234375 0.4485677083333333 0.00537109375 0.01171875
