0 0.56005859375 0.6474609375 0.0048828125 0.013671875
0 0.389404296875 0.5973307291666666 0.00244140625 0.005859375
0 0.555908203125 0.6510416666666666 0.00341796875 0.01171875
0 0.538818359375 0.6663411458333334 0.00244140625 0.008463541666666666
0 0.563720703125 0.6966145833333334 0.00244140625 0.01953125
0 0.5625 0.7438151041666666 0.0048828125 0.014973958333333334
0 0.55517578125 0.7607421875 0.0068359375 0.017578125
0 0.542236328125 0.7587890625 0.00732421875 0.020182291666666668
0 0.54150390625 0.7757161458333334 0.005859375 0.014973958333333334
0 0.549560546875 0.7701822916666666 0.00927734375 0.01953125
0 0.55029296875 0.7897135416666666 0.0078125 0.01171875
0 0.557373046875 0.7783203125 0.00927734375 0.020182291666666668
0 0.557373046875 0.7464192708333334 0.00634765625 0.008463541666666666
0 0.533447265625 0.634765625 0.00439453125 0.01953125
0 0.712158203125 0.818359375 0.00732421875 0.01953125
0 0.536376953125 0.6097005208333334 0.00732421875 0.009765625
0 0.534423828125 0.5927734375 0.00830078125 0.018880208333333332
0 0.556640625 0.5686848958333334 0.0048828125 0.014973958333333334
0 0.539306640625 0.5511067708333334 0.00634765625 0.013671875
0 0.514404296875 0.123046875 0.00537109375 0.014322916666666666
0 0.46435546875 0.5520833333333334 0.0087890625 0.022135416666666668
0 0.801513671875 0.6559244791666666 0.00732421875 0.016276041666666668
0 0.54248046875 0.7913411458333334 0.005859375 0.014973958333333334
0 0.548583984375 0.7965494791666666 0.00830078125 0.009765625
0 0.54833984375 0.806640625 0.0068359375 0.015625
0 0.55517578125 0.8125 0.0087890625 0.01953125
0 0.71826171875 0.8245442708333334 0.0068359375 0.018880208333333332
0 0.7158203125 0.8063151041666666 0.0078125 0.016276041666666668
0 0.551513671875 0.6715494791666666 0.01025390625 0.018880208333333332
0 0.5322265625 0.6044921875 0.0048828125 0.014973958333333334
0 0.798095703125 0.6656901041666666 0.00537109375 0.012369791666666666
0 0.710693359375 0.8375651041666666 0.00927734375 0.018880208333333332
0 0.275390625 0.734375 0.005859375 0.022135416666666668
0 0.812255859375 0.6373697916666666 0.00537109375 0.01171875
0 0.271240234375 0.4593098958333333 0.00537109375 0.009765625
0 0.80126953125 0.71484375 0.0078125 0.018229166666666668
0 0.70556640625 0.8138020833333334 0.005859375 0.01171875
0 0.714111328125 0.8499348958333334 0.00341796875 0.005859375
0 0.7119140625 0.8570963541666666 0.0048828125 0.008463541666666666
0 0.711669921875 0.8681640625 0.00732421875 0.008463541666666666
0 0.796630859375 0.8092447916666666 0.00537109375 0.013020833333333334
0 0.799560546875 0.78515625 0.00537109375 0.014322916666666666
0 0.785888671875 0.7623697916666666 0.00634765625 0.014322916666666666
0 0.792724609375 0.7483723958333334 0.00537109375 0.012369791666666666
0 0.804443359375 0.7529296875 0.00634765625 0.013671875
0 0.803466796875 0.7275390625 0.00439453125 0.012369791666666666
0 0.790283203125 0.720703125 0.00830078125 0.018229166666666668
0 0.811279296875 0.6233723958333334 0.00732421875 0.013671875
0 0.786865234375 0.724609375 0.00537109375 0.01171875
0 0.27392578125 0.6761067708333334 0.0048828125 0.011067708333333334
0 0.7890625 0.6904296875 0.0087890625 0.017578125
0 0.7998046875 0.6852213541666666 0.0087890625 0.021484375
0 0.78369140625 0.6728515625 0.005859375 0.018880208333333332
0 0.343994140625 0.4088541666666667 0.00927734375 0.018229166666666668
0 0.360107421875 0.6455078125 0.00439453125 0.008463541666666666
0 0.357421875 0.6363932291666666 0.0068359375 0.012369791666666666
0 0.354248046875 0.6529947916666666 0.00830078125 0.0078125
0 0.353515625 0.6588541666666666 0.0068359375 0.006510416666666667
0 0.355712890625 0.6676432291666666 0.00830078125 0.013671875
0 0.358154296875 0.6803385416666666 0.00634765625 0.015625
0 0.291015625 0.7796223958333334 0.009765625 0.014973958333333334
0 0.278564453125 0.7083333333333334 0.00927734375 0.018229166666666668
0 0.291259765625 0.6549479166666666 0.00341796875 0.016927083333333332
0 0.80810546875 0.6969401041666666 0.0048828125 0.016276041666666668
0 0.703857421875 0.7880859375 0.00732421875 0.018880208333333332
0 0.71728515625 0.7799479166666666 0.0068359375 0.018229166666666668
0 0.70947265625 0.6982421875 0.005859375 0.011067708333333334
0 0.79248046875 0.6080729166666666 0.0087890625 0.010416666666666666
0 0.812255859375 0.6474609375 0.00634765625 0.009765625
0 0.794921875 0.6302083333333334 0.00390625 0.010416666666666666
0 0.786376953125 0.6546223958333334 0.00634765625 0.014973958333333334
0 0.8125 0.6614583333333334 0.00390625 0.016927083333333332
0 0.881591796875 0.7545572916666666 0.00927734375 0.015625
0 0.8583984375 0.9560546875 0.0048828125 0.009765625
0 0.881591796875 0.7392578125 0.00830078125 0.013671875
0 0.8828125 0.556640625 0.0068359375 0.014322916666666666
0 0.39013671875 0.4567057291666667 0.00390625 0.008463541666666666
0 0.340576171875 0.3929036458333333 0.00830078125 0.021484375
0 0.5654296875 0.8684895833333334 0.001953125 0.01171875
0 0.557861328125 0.873046875 0.00634765625 0.013020833333333334
0 0.556396484375 0.8391927083333334 0.00341796875 0.0078125
0 0.559814453125 0.8834635416666666 0.00634765625 0.010416666666666666
0 0.55419921875 0.8916015625 0.0078125 0.017578125
0 0.870849609375 0.7083333333333334 0.00830078125 0.018229166666666668
0 0.897216796875 0.5589192708333334 0.00439453125 0.009765625
0 0.901123046875 0.552734375 0.00244140625 0.018229166666666668
0 0.8759765625 0.6067708333333334 0.00390625 0.0078125
0 0.896240234375 0.6070963541666666 0.00537109375 0.012369791666666666
0 0.8828125 0.6279296875 0.0068359375 0.014973958333333334
0 0.8876953125 0.6848958333333334 0.0048828125 0.009114583333333334
0 0.89306640625 0.6842447916666666 0.0048828125 0.01171875
0 0.888916015625 0.7194010416666666 0.00634765625 0.013020833333333334
0 0.893798828125 0.7109375 0.00439453125 0.016927083333333332
0 0.88427734375 0.6979166666666666 0.0068359375 0.01171875
0 0.8798828125 0.7102864583333334 0.0087890625 0.016927083333333332
0 0.69677734375 0.7141927083333334 0.0029296875 0.016927083333333332
0 0.802001953125 0.607421875 0.00927734375 0.015625
0 0.8037109375 0.619140625 0.0048828125 0.009114583333333334
0 0.867431640625 0.6982421875 0.00439453125 0.024088541666666668
0 0.81494140625 0.5944010416666666 0.0029296875 0.013020833333333334
0 0.812744140625 0.6116536458333334 0.00537109375 0.013671875
0 0.697021484375 0.6533203125 0.00244140625 0.017578125
0 0.70947265625 0.6588541666666666 0.0068359375 0.015625
0 0.704345703125 0.6643880208333334 0.00537109375 0.013671875
0 0.630859375 0.548828125 0.0078125 0.014322916666666666
0 0.63232421875 0.6468098958333334 0.0068359375 0.013671875
0 0.6337890625 0.6656901041666666 0.00390625 0.011067708333333334
0 0.563720703125 0.8779296875 0.00439453125 0.008463541666666666
0 0.55029296875 0.8684895833333334 0.0087890625 0.01953125
0 0.56298828125 0.8460286458333334 0.0087890625 0.014973958333333334
0 0.560302734375 0.8626302083333334 0.00537109375 0.015625
0 0.563720703125 0.8681640625 0.00244140625 0.009765625
0 0.564208984375 0.8294270833333334 0.00439453125 0.016927083333333332
0 0.548583984375 0.8209635416666666 0.00830078125 0.01953125
0 0.466796875 0.6344401041666666 0.0078125 0.020182291666666668
0 0.705322265625 0.6796875 0.00244140625 0.006510416666666667
0 0.387939453125 0.5856119791666666 0.00341796875 0.007161458333333333
0 0.45947265625 0.6223958333333334 0.0068359375 0.01953125
0 0.787109375 0.5999348958333334 0.005859375 0.012369791666666666
0 0.80615234375 0.5696614583333334 0.001953125 0.006510416666666667
0 0.800048828125 0.537109375 0.00732421875 0.01953125
0 0.80126953125 0.5192057291666666 0.0087890625 0.016276041666666668
0 0.817626953125 0.4287109375 0.00537109375 0.016276041666666668
0 0.8173828125 0.5247395833333334 0.0029296875 0.015625
0 0.8076171875 0.3837890625 0.0048828125 0.012369791666666666
0 0.813232421875 0.3629557291666667 0.00439453125 0.011067708333333334
0 0.391357421875 0.5738932291666666 0.00341796875 0.008463541666666666
0 0.857177734375 0.9619140625 0.00341796875 0.009765625
0 0.876708984375 0.8232421875 0.00634765625 0.012369791666666666
0 0.8896484375 0.7366536458333334 0.0068359375 0.026692708333333332
0 0.80615234375 0.3987630208333333 0.0068359375 0.012369791666666666
