0 0.728271484375 0.5524088541666666 0.00927734375 0.016276041666666668
0 0.74755859375 0.5445963541666666 0.00390625 0.017578125
0 0.258056640625 0.3258463541666667 0.00439453125 0.016276041666666668
0 0.73779296875 0.6735026041666666 0.005859375 0.012369791666666666
0 0.736328125 0.5485026041666666 0.0078125 0.012369791666666666
0 0.248779296875 0.4749348958333333 0.00830078125 0.012369791666666666
0 0.250732421875 0.4404296875 0.00927734375 0.017578125
0 0.57666015625 0.4368489583333333 0.00390625 0.0078125
0 0.7294921875 0.5406901041666666 0.009765625 0.018880208333333332
0 0.17236328125 0.3499348958333333 0.00390625 0.008463541666666666
0 0.74169921875 0.525390625 0.005859375 0.010416666666666666
0 0.7275390625 0.3971354166666667 0.0048828125 0.010416666666666666
0 0.2470703125 0.20865885416666666 0.01171875 0.022786458333333332
0 0.73388671875 0.4381510416666667 0.0068359375 0.014322916666666666
0 0.5771484375 0.4651692708333333 0.0009765625 0.004557291666666667
0 0.73779296875 0.5133463541666666 0.0068359375 0.012369791666666666
0 0.56884765625 0.470703125 0.0009765625 0.00390625
0 0.568603515625 0.4781901041666667 0.00146484375 0.004557291666666667
0 0.656005859375 0.5859375 0.00634765625 0.006510416666666667
0 0.73583984375 0.4449869791666667 0.0048828125 0.013671875
0 0.739990234375 0.4524739583333333 0.00341796875 0.009114583333333334
0 0.73046875 0.365234375 0.0068359375 0.015625
0 0.5751953125 0.4840494791666667 0.001953125 0.007161458333333333
0 0.575439453125 0.4583333333333333 0.00341796875 0.010416666666666666
0 0.397705078125 0.3404947916666667 0.00830078125 0.015625
0 0.572021484375 0.5078125 0.00439453125 0.014322916666666666
0 0.258544921875 0.4443359375 0.00439453125 0.022786458333333332
0 0.41552734375 0.5009765625 0.005859375 0.013671875
0 0.5712890625 0.49609375 0.0029296875 0.006510416666666667
0 0.503662109375 0.5042317708333334 0.00439453125 0.012369791666666666
0 0.407958984375 0.4479166666666667 0.00732421875 0.014322916666666666
0 0.40966796875 0.4889322916666667 0.0087890625 0.015625
0 0.50439453125 0.5716145833333334 0.0029296875 0.015625
0 0.5673828125 0.5113932291666666 0.00390625 0.012369791666666666
0 0.5712890625 0.4876302083333333 0.00390625 0.009114583333333334
0 0.56689453125 0.5009765625 0.0029296875 0.009765625
0 0.40771484375 0.4345703125 0.0087890625 0.012369791666666666
0 0.5048828125 0.6087239583333334 0.0029296875 0.020833333333333332
0 0.57421875 0.4967447916666667 0.0029296875 0.010416666666666666
0 0.171875 0.5169270833333334 0.00390625 0.009114583333333334
0 0.406494140625 0.4156901041666667 0.00634765625 0.017578125
0 0.18017578125 0.5065104166666666 0.0029296875 0.013020833333333334
0 0.174560546875 0.4847005208333333 0.00634765625 0.011067708333333334
0 0.16943359375 0.412109375 0.00390625 0.013020833333333334
0 0.173095703125 0.2975260416666667 0.00341796875 0.015625
0 0.2568359375 0.4723307291666667 0.0068359375 0.013671875
0 0.251220703125 0.18522135416666666 0.00537109375 0.011067708333333334
0 0.314697265625 0.4957682291666667 0.00439453125 0.013671875
0 0.315185546875 0.4762369791666667 0.00439453125 0.021484375
0 0.39892578125 0.21712239583333334 0.00390625 0.020182291666666668
0 0.247802734375 0.193359375 0.00732421875 0.013020833333333334
