0 0.3125 0.5302734375 0.0009765625 0.0032552083333333335
0 0.31005859375 0.5380859375 0.001953125 0.005859375
0 0.311767578125 0.5348307291666666 0.00146484375 0.004557291666666667
0 0.297607421875 0.482421875 0.00732421875 0.014322916666666666
0 0.595458984375 0.50390625 0.00439453125 0.010416666666666666
0 0.429931640625 0.5992838541666666 0.00537109375 0.013671875
0 0.2978515625 0.4684244791666667 0.0068359375 0.009765625
0 0.30615234375 0.4475911458333333 0.001953125 0.004557291666666667
0 0.311767578125 0.5504557291666666 0.00341796875 0.009765625
0 0.299072265625 0.4427083333333333 0.01025390625 0.016927083333333332
0 0.306884765625 0.5266927083333334 0.00830078125 0.022135416666666668
0 0.294921875 0.4599609375 0.005859375 0.008463541666666666
