0 0.598388671875 0.25390625 0.01416015625 0.018229166666666668
0 0.60888671875 0.2613932291666667 0.009765625 0.017578125
0 0.61328125 0.2766927083333333 0.0048828125 0.006510416666666667
0 0.603515625 0.30859375 0.00390625 0.010416666666666666
0 0.616943359375 0.23665364583333334 0.00927734375 0.013671875
0 0.6142578125 0.22493489583333334 0.0087890625 0.013671875
0 0.621826171875 0.6910807291666666 0.00146484375 0.004557291666666667
0 0.619140625 0.20735677083333334 0.0087890625 0.016276041666666668
0 0.6220703125 0.697265625 0.001953125 0.0078125
0 0.622314453125 0.8069661458333334 0.00341796875 0.014973958333333334
0 0.613525390625 0.2490234375 0.00732421875 0.012369791666666666
0 0.490478515625 0.2867838541666667 0.00927734375 0.013671875
0 0.5986328125 0.23795572916666666 0.005859375 0.017578125
0 0.625244140625 0.2867838541666667 0.00927734375 0.014973958333333334
0 0.625244140625 0.41015625 0.00244140625 0.015625
0 0.5869140625 0.2633463541666667 0.005859375 0.013671875
0 0.709716796875 0.6376953125 0.00927734375 0.024088541666666668
0 0.62353515625 0.3125 0.0078125 0.016927083333333332
0 0.6123046875 0.3128255208333333 0.0068359375 0.018880208333333332
0 0.71142578125 0.4729817708333333 0.0107421875 0.012369791666666666
0 0.69970703125 0.486328125 0.0029296875 0.010416666666666666
0 0.705810546875 0.478515625 0.00927734375 0.016927083333333332
0 0.717529296875 0.5211588541666666 0.01025390625 0.020182291666666668
0 0.3759765625 0.4563802083333333 0.0078125 0.01953125
0 0.72412109375 0.5787760416666666 0.005859375 0.015625
0 0.700927734375 0.63671875 0.00537109375 0.022135416666666668
0 0.7216796875 0.6507161458333334 0.0068359375 0.018880208333333332
0 0.702880859375 0.6875 0.00341796875 0.015625
0 0.707763671875 0.6806640625 0.00634765625 0.011067708333333334
0 0.708740234375 0.6959635416666666 0.00927734375 0.018229166666666668
0 0.709228515625 0.607421875 0.00634765625 0.015625
0 0.385498046875 0.455078125 0.00537109375 0.015625
0 0.2333984375 0.4524739583333333 0.005859375 0.016927083333333332
0 0.584716796875 0.2874348958333333 0.00341796875 0.011067708333333334
0 0.59375 0.3984375 0.0087890625 0.015625
0 0.592041015625 0.451171875 0.00341796875 0.014322916666666666
0 0.626220703125 0.3821614583333333 0.00244140625 0.020833333333333332
0 0.58984375 0.4339192708333333 0.0029296875 0.020182291666666668
0 0.43408203125 0.3883463541666667 0.005859375 0.009765625
0 0.4384765625 0.3802083333333333 0.0048828125 0.013020833333333334
0 0.43359375 0.4251302083333333 0.0087890625 0.018229166666666668
0 0.502685546875 0.3304036458333333 0.00732421875 0.017578125
0 0.439208984375 0.3958333333333333 0.00341796875 0.015625
0 0.441162109375 0.51953125 0.00439453125 0.015625
0 0.42529296875 0.5325520833333334 0.001953125 0.014322916666666666
0 0.427978515625 0.4052734375 0.00341796875 0.008463541666666666
0 0.501953125 0.3525390625 0.0078125 0.018880208333333332
0 0.486572265625 0.3603515625 0.00439453125 0.012369791666666666
0 0.4921875 0.4098307291666667 0.005859375 0.011067708333333334
0 0.507080078125 0.4798177083333333 0.00341796875 0.010416666666666666
0 0.43310546875 0.5436197916666666 0.0078125 0.016927083333333332
0 0.59521484375 0.4235026041666667 0.0048828125 0.011067708333333334
0 0.710693359375 0.4576822916666667 0.01123046875 0.015625
0 0.616943359375 0.3717447916666667 0.00927734375 0.01171875
0 0.620849609375 0.48046875 0.00634765625 0.01953125
0 0.590087890625 0.4986979166666667 0.00244140625 0.016927083333333332
0 0.608642578125 0.3968098958333333 0.00439453125 0.014973958333333334
0 0.600341796875 0.3763020833333333 0.00537109375 0.013020833333333334
0 0.5947265625 0.359375 0.0078125 0.020833333333333332
0 0.614990234375 0.4182942708333333 0.00537109375 0.013671875
0 0.59375 0.3414713541666667 0.005859375 0.016276041666666668
0 0.61865234375 0.3466796875 0.0078125 0.012369791666666666
0 0.615478515625 0.3606770833333333 0.00634765625 0.013020833333333334
0 0.613525390625 0.3313802083333333 0.00634765625 0.016927083333333332
0 0.596923828125 0.3108723958333333 0.00927734375 0.018880208333333332
0 0.6025390625 0.5813802083333334 0.00390625 0.01171875
0 0.602294921875 0.3258463541666667 0.00537109375 0.011067708333333334
0 0.600830078125 0.3430989583333333 0.00537109375 0.018229166666666668
0 0.490966796875 0.3001302083333333 0.00927734375 0.0234375
0 0.61767578125 0.4290364583333333 0.0048828125 0.013020833333333334
0 0.508544921875 0.3525390625 0.00341796875 0.009765625
0 0.592041015625 0.4860026041666667 0.00439453125 0.014973958333333334
0 0.712158203125 0.4348958333333333 0.00927734375 0.016927083333333332
0 0.587158203125 0.2236328125 0.00634765625 0.011067708333333334
0 0.730712890625 0.783203125 0.00439453125 0.013020833333333334
0 0.707763671875 0.3225911458333333 0.00634765625 0.009765625
0 0.60107421875 0.5416666666666666 0.0068359375 0.016927083333333332
0 0.59619140625 0.3255208333333333 0.0068359375 0.015625
0 0.712158203125 0.3639322916666667 0.01025390625 0.028645833333333332
0 0.247314453125 0.2828776041666667 0.01025390625 0.021484375
0 0.234375 0.3180338541666667 0.0107421875 0.020182291666666668
0 0.70703125 0.5677083333333334 0.0068359375 0.01953125
0 0.24365234375 0.3323567708333333 0.0078125 0.014973958333333334
0 0.244384765625 0.3694661458333333 0.01025390625 0.014973958333333334
0 0.239990234375 0.3821614583333333 0.00732421875 0.015625
0 0.7119140625 0.6888020833333334 0.0048828125 0.01171875
0 0.232177734375 0.3854166666666667 0.00732421875 0.015625
0 0.2578125 0.5462239583333334 0.00390625 0.018229166666666668
0 0.257568359375 0.5608723958333334 0.00341796875 0.008463541666666666
0 0.2353515625 0.3453776041666667 0.009765625 0.026692708333333332
0 0.59033203125 0.5582682291666666 0.001953125 0.013671875
0 0.587158203125 0.3134765625 0.00244140625 0.012369791666666666
0 0.4267578125 0.5940755208333334 0.001953125 0.007161458333333333
0 0.719970703125 0.16634114583333334 0.00732421875 0.011067708333333334
0 0.71484375 0.15592447916666666 0.0078125 0.014973958333333334
0 0.71533203125 0.1708984375 0.0087890625 0.013671875
0 0.7041015625 0.3564453125 0.0048828125 0.018880208333333332
0 0.726806640625 0.19563802083333334 0.00830078125 0.017578125
0 0.7158203125 0.5735677083333334 0.005859375 0.010416666666666666
0 0.729736328125 0.21516927083333334 0.00537109375 0.014973958333333334
0 0.731201171875 0.18522135416666666 0.00732421875 0.013671875
0 0.7177734375 0.580078125 0.00390625 0.009114583333333334
0 0.377685546875 0.3684895833333333 0.00634765625 0.015625
0 0.73388671875 0.5208333333333334 0.001953125 0.01171875
0 0.592041015625 0.6982421875 0.00146484375 0.012369791666666666
0 0.315185546875 0.4156901041666667 0.00634765625 0.009765625
0 0.327880859375 0.416015625 0.00439453125 0.0078125
0 0.43115234375 0.56640625 0.005859375 0.010416666666666666
0 0.237548828125 0.515625 0.00537109375 0.01171875
0 0.237548828125 0.61328125 0.00634765625 0.016927083333333332
0 0.240478515625 0.3997395833333333 0.00439453125 0.010416666666666666
0 0.73046875 0.3850911458333333 0.0048828125 0.017578125
0 0.5986328125 0.21647135416666666 0.009765625 0.017578125
0 0.592041015625 0.21354166666666666 0.00732421875 0.016927083333333332
0 0.586181640625 0.20052083333333334 0.00341796875 0.01953125
0 0.25390625 0.61328125 0.005859375 0.016927083333333332
0 0.58740234375 0.17578125 0.005859375 0.022135416666666668
0 0.598388671875 0.169921875 0.01318359375 0.02734375
0 0.710205078125 0.4462890625 0.01123046875 0.011067708333333334
0 0.61767578125 0.17057291666666666 0.0048828125 0.028645833333333332
0 0.621826171875 0.185546875 0.00537109375 0.015625
0 0.61376953125 0.18880208333333334 0.0087890625 0.022135416666666668
0 0.600341796875 0.4033203125 0.00341796875 0.008463541666666666
0 0.606689453125 0.4088541666666667 0.00341796875 0.009114583333333334
0 0.728271484375 0.7932942708333334 0.00634765625 0.020182291666666668
0 0.70361328125 0.7897135416666666 0.00390625 0.013020833333333334
0 0.62158203125 0.173828125 0.00390625 0.014322916666666666
0 0.702392578125 0.4208984375 0.00830078125 0.022786458333333332
0 0.59228515625 0.1796875 0.0078125 0.024739583333333332
0 0.23291015625 0.6481119791666666 0.0029296875 0.009765625
0 0.239013671875 0.6360677083333334 0.00732421875 0.014322916666666666
0 0.70751953125 0.3955078125 0.0087890625 0.020182291666666668
0 0.238037109375 0.6546223958333334 0.00537109375 0.011067708333333334
0 0.239990234375 0.6998697916666666 0.00732421875 0.01171875
0 0.259033203125 0.7493489583333334 0.00439453125 0.014322916666666666
0 0.32568359375 0.5091145833333334 0.005859375 0.013020833333333334
0 0.324951171875 0.4967447916666667 0.00537109375 0.010416666666666666
0 0.318115234375 0.4788411458333333 0.00439453125 0.012369791666666666
0 0.23828125 0.6682942708333334 0.0048828125 0.013671875
0 0.31591796875 0.4459635416666667 0.0068359375 0.016927083333333332
0 0.316650390625 0.4303385416666667 0.00537109375 0.013020833333333334
0 0.322021484375 0.4296875 0.00341796875 0.006510416666666667
0 0.31298828125 0.4007161458333333 0.00390625 0.013671875
0 0.325439453125 0.40234375 0.00439453125 0.010416666666666666
0 0.38427734375 0.4807942708333333 0.009765625 0.021484375
0 0.314697265625 0.4772135416666667 0.00244140625 0.010416666666666666
