0 0.5185546875 0.4397786458333333 0.0068359375 0.014973958333333334
0 0.697998046875 0.5826822916666666 0.00634765625 0.015625
0 0.45556640625 0.3515625 0.005859375 0.0078125
0 0.6982421875 0.5979817708333334 0.005859375 0.017578125
0 0.69580078125 0.6015625 0.0048828125 0.009114583333333334
0 0.59619140625 0.6126302083333334 0.00390625 0.018229166666666668
0 0.46435546875 0.4466145833333333 0.00390625 0.010416666666666666
0 0.514404296875 0.4036458333333333 0.00439453125 0.010416666666666666
0 0.464111328125 0.42578125 0.00341796875 0.01171875
0 0.5869140625 0.4625651041666667 0.0048828125 0.011067708333333334
0 0.453857421875 0.3717447916666667 0.00537109375 0.010416666666666666
0 0.4541015625 0.3841145833333333 0.005859375 0.010416666666666666
0 0.45751953125 0.4104817708333333 0.005859375 0.007161458333333333
0 0.45751953125 0.4020182291666667 0.005859375 0.011067708333333334
0 0.462158203125 0.384765625 0.00341796875 0.015625
0 0.462890625 0.3987630208333333 0.0029296875 0.012369791666666666
0 0.46337890625 0.4140625 0.0029296875 0.010416666666666666
0 0.5146484375 0.3857421875 0.0078125 0.016276041666666668
0 0.695556640625 0.5081380208333334 0.00537109375 0.009765625
0 0.457763671875 0.3440755208333333 0.00439453125 0.008463541666666666
0 0.46728515625 0.5270182291666666 0.001953125 0.009765625
0 0.465087890625 0.4527994791666667 0.00341796875 0.009765625
0 0.456787109375 0.4684244791666667 0.00341796875 0.009765625
0 0.46728515625 0.5133463541666666 0.001953125 0.007161458333333333
0 0.458740234375 0.478515625 0.00244140625 0.005208333333333333
0 0.460693359375 0.4684244791666667 0.00244140625 0.005859375
0 0.46044921875 0.4625651041666667 0.005859375 0.008463541666666666
0 0.46533203125 0.5084635416666666 0.00390625 0.010416666666666666
0 0.46630859375 0.4970703125 0.00390625 0.014973958333333334
0 0.699462890625 0.5693359375 0.00537109375 0.012369791666666666
0 0.513671875 0.3746744791666667 0.0078125 0.009765625
0 0.520751953125 0.3701171875 0.00341796875 0.012369791666666666
0 0.519775390625 0.4537760416666667 0.00439453125 0.0078125
0 0.52197265625 0.4615885416666667 0.0029296875 0.006510416666666667
0 0.52197265625 0.447265625 0.0029296875 0.005208333333333333
0 0.45263671875 0.3333333333333333 0.005859375 0.014322916666666666
0 0.457763671875 0.4537760416666667 0.00537109375 0.01171875
0 0.69482421875 0.5159505208333334 0.0068359375 0.011067708333333334
0 0.453857421875 0.3460286458333333 0.00341796875 0.008463541666666666
