0 0.50048828125 0.4606119791666667 0.0029296875 0.007161458333333333
0 0.50634765625 0.4456380208333333 0.0068359375 0.007161458333333333
0 0.512939453125 0.4443359375 0.00244140625 0.009765625
0 0.50341796875 0.5377604166666666 0.0068359375 0.014322916666666666
0 0.51318359375 0.4143880208333333 0.001953125 0.011067708333333334
0 0.507080078125 0.3828125 0.00341796875 0.0078125
0 0.498046875 0.5361328125 0.0048828125 0.013671875
0 0.509521484375 0.4527994791666667 0.00634765625 0.011067708333333334
0 0.495849609375 0.5677083333333334 0.00439453125 0.01953125
0 0.5107421875 0.4645182291666667 0.005859375 0.014973958333333334
0 0.500244140625 0.5081380208333334 0.00341796875 0.011067708333333334
0 0.50048828125 0.4498697916666667 0.005859375 0.014322916666666666
0 0.505859375 0.4615885416666667 0.0087890625 0.014322916666666666
0 0.50732421875 0.4720052083333333 0.0068359375 0.01171875
0 0.50439453125 0.4912109375 0.0087890625 0.013671875
0 0.503173828125 0.4866536458333333 0.00634765625 0.018880208333333332
0 0.503662109375 0.5026041666666666 0.00732421875 0.014322916666666666
0 0.507080078125 0.4300130208333333 0.00830078125 0.016276041666666668
0 0.557861328125 0.4440104166666667 0.00634765625 0.016927083333333332
0 0.51318359375 0.3271484375 0.0048828125 0.014973958333333334
0 0.5 0.5533854166666666 0.005859375 0.01171875
0 0.28466796875 0.5016276041666666 0.0087890625 0.021484375
0 0.500244140625 0.5315755208333334 0.00634765625 0.016276041666666668
0 0.430419921875 0.5133463541666666 0.00634765625 0.016276041666666668
0 0.437255859375 0.4163411458333333 0.00732421875 0.009765625
0 0.4375 0.419921875 0.0078125 0.010416666666666666
0 0.439208984375 0.4264322916666667 0.00732421875 0.018229166666666668
0 0.42626953125 0.533203125 0.0078125 0.018229166666666668
0 0.431640625 0.5263671875 0.005859375 0.014973958333333334
0 0.435791015625 0.5198567708333334 0.00634765625 0.012369791666666666
0 0.438232421875 0.4371744791666667 0.00732421875 0.013671875
0 0.425048828125 0.5576171875 0.00537109375 0.012369791666666666
0 0.43505859375 0.5377604166666666 0.0078125 0.020833333333333332
0 0.290771484375 0.4420572916666667 0.00927734375 0.016927083333333332
0 0.2900390625 0.4602864583333333 0.01171875 0.018229166666666668
0 0.287109375 0.3981119791666667 0.0107421875 0.022786458333333332
0 0.284423828125 0.4833984375 0.00732421875 0.020182291666666668
0 0.357666015625 0.4397786458333333 0.00732421875 0.018880208333333332
0 0.35546875 0.4544270833333333 0.0048828125 0.014322916666666666
0 0.366943359375 0.4498697916666667 0.00537109375 0.028645833333333332
