0 0.4931640625 0.4635416666666667 0.0029296875 0.006510416666666667
0 0.49365234375 0.4716796875 0.0029296875 0.004557291666666667
0 0.495361328125 0.4788411458333333 0.00146484375 0.005859375
0 0.489990234375 0.4928385416666667 0.00341796875 0.0078125
0 0.490234375 0.5289713541666666 0.005859375 0.014973958333333334
0 0.491455078125 0.5712890625 0.00537109375 0.012369791666666666
0 0.491455078125 0.5992838541666666 0.00439453125 0.013671875
0 0.494873046875 0.5084635416666666 0.00341796875 0.006510416666666667
0 0.49072265625 0.5172526041666666 0.0068359375 0.008463541666666666
0 0.57861328125 0.6565755208333334 0.005859375 0.012369791666666666
0 0.580078125 0.6298828125 0.0068359375 0.012369791666666666
0 0.49462890625 0.4853515625 0.0029296875 0.004557291666666667
0 0.577880859375 0.60546875 0.00732421875 0.01171875
0 0.4912109375 0.5817057291666666 0.005859375 0.009765625
0 0.4912109375 0.4807942708333333 0.0048828125 0.008463541666666666
0 0.272705078125 0.3460286458333333 0.00341796875 0.004557291666666667
0 0.434814453125 0.5354817708333334 0.00439453125 0.008463541666666666
0 0.42919921875 0.3688151041666667 0.0029296875 0.005859375
0 0.254150390625 0.5289713541666666 0.00634765625 0.009765625
0 0.25732421875 0.5133463541666666 0.005859375 0.012369791666666666
0 0.255859375 0.5208333333333334 0.0048828125 0.0078125
0 0.256103515625 0.5026041666666666 0.00830078125 0.014322916666666666
0 0.27734375 0.314453125 0.0029296875 0.0078125
0 0.435546875 0.5247395833333334 0.0068359375 0.009114583333333334
0 0.269775390625 0.3447265625 0.00341796875 0.005859375
0 0.26953125 0.32421875 0.00390625 0.010416666666666666
0 0.26513671875 0.3404947916666667 0.001953125 0.00390625
0 0.26318359375 0.3994140625 0.00390625 0.007161458333333333
0 0.255126953125 0.5423177083333334 0.00244140625 0.006510416666666667
0 0.438232421875 0.5393880208333334 0.00439453125 0.012369791666666666
0 0.43310546875 0.5328776041666666 0.00390625 0.012369791666666666
0 0.271484375 0.33203125 0.0048828125 0.005208333333333333
0 0.426513671875 0.4137369791666667 0.00341796875 0.004557291666666667
0 0.388671875 0.5068359375 0.0068359375 0.016276041666666668
0 0.427001953125 0.4095052083333333 0.00341796875 0.005208333333333333
0 0.423095703125 0.3753255208333333 0.00244140625 0.007161458333333333
0 0.3916015625 0.5166015625 0.005859375 0.009765625
0 0.390380859375 0.53125 0.00537109375 0.009114583333333334
0 0.38720703125 0.5517578125 0.005859375 0.016276041666666668
0 0.439697265625 0.5494791666666666 0.00341796875 0.0078125
0 0.39111328125 0.5442708333333334 0.005859375 0.014322916666666666
0 0.43994140625 0.5618489583333334 0.0048828125 0.016927083333333332
0 0.433349609375 0.5537109375 0.00146484375 0.012369791666666666
0 0.43408203125 0.5494791666666666 0.001953125 0.005208333333333333
0 0.39501953125 0.5166015625 0.001953125 0.011067708333333334
0 0.390380859375 0.5738932291666666 0.00439453125 0.005859375
0 0.29541015625 0.5657552083333334 0.005859375 0.01171875
0 0.383544921875 0.4762369791666667 0.00537109375 0.018880208333333332
0 0.3828125 0.45703125 0.00390625 0.01171875
0 0.303466796875 0.5374348958333334 0.00537109375 0.009765625
0 0.39111328125 0.5833333333333334 0.0048828125 0.01171875
0 0.29833984375 0.55078125 0.005859375 0.014322916666666666
0 0.427490234375 0.3307291666666667 0.00341796875 0.009114583333333334
0 0.302001953125 0.5455729166666666 0.00537109375 0.01171875
0 0.44091796875 0.591796875 0.0048828125 0.010416666666666666
0 0.25244140625 0.5367838541666666 0.0048828125 0.007161458333333333
0 0.43310546875 0.5208333333333334 0.0048828125 0.009114583333333334
0 0.25439453125 0.5559895833333334 0.0048828125 0.01171875
0 0.384765625 0.4820963541666667 0.0048828125 0.008463541666666666
0 0.43798828125 0.5924479166666666 0.0029296875 0.009114583333333334
0 0.25341796875 0.560546875 0.0048828125 0.005208333333333333
0 0.2939453125 0.5709635416666666 0.0068359375 0.01171875
0 0.247314453125 0.595703125 0.00634765625 0.010416666666666666
0 0.252197265625 0.5862630208333334 0.00341796875 0.008463541666666666
0 0.25390625 0.4716796875 0.00390625 0.013671875
0 0.43359375 0.5439453125 0.00390625 0.009765625
0 0.2509765625 0.482421875 0.00390625 0.0078125
