0 0.379150390625 0.20930989583333334 0.00439453125 0.013671875
0 0.47802734375 0.3460286458333333 0.0048828125 0.011067708333333334
0 0.473388671875 0.3450520833333333 0.00439453125 0.013020833333333334
0 0.47802734375 0.3678385416666667 0.0048828125 0.015625
0 0.475341796875 0.3307291666666667 0.00341796875 0.009114583333333334
0 0.464599609375 0.416015625 0.00439453125 0.009114583333333334
0 0.381591796875 0.23307291666666666 0.00830078125 0.013020833333333334
0 0.381103515625 0.2236328125 0.00830078125 0.011067708333333334
0 0.374755859375 0.2216796875 0.00341796875 0.009765625
0 0.5869140625 0.7835286458333334 0.0048828125 0.011067708333333334
0 0.52978515625 0.572265625 0.0048828125 0.014322916666666666
0 0.58447265625 0.8118489583333334 0.0087890625 0.01953125
0 0.583984375 0.7972005208333334 0.0087890625 0.014973958333333334
0 0.582275390625 0.7838541666666666 0.00537109375 0.01171875
0 0.5849609375 0.7711588541666666 0.0078125 0.016276041666666668
0 0.586181640625 0.7086588541666666 0.00341796875 0.008463541666666666
0 0.5771484375 0.5641276041666666 0.0068359375 0.012369791666666666
0 0.477783203125 0.4602864583333333 0.00537109375 0.014322916666666666
0 0.472412109375 0.3238932291666667 0.00634765625 0.013671875
0 0.583251953125 0.7106119791666666 0.00537109375 0.012369791666666666
0 0.378173828125 0.255859375 0.00537109375 0.013020833333333334
0 0.38037109375 0.2848307291666667 0.005859375 0.011067708333333334
0 0.58447265625 0.7265625 0.005859375 0.013020833333333334
0 0.375244140625 0.24381510416666666 0.00830078125 0.011067708333333334
0 0.373779296875 0.23209635416666666 0.00537109375 0.013671875
0 0.581787109375 0.5550130208333334 0.00439453125 0.011067708333333334
0 0.58203125 0.5403645833333334 0.005859375 0.010416666666666666
0 0.625 0.65234375 0.00390625 0.015625
0 0.420166015625 0.2978515625 0.00439453125 0.011067708333333334
0 0.419189453125 0.2887369791666667 0.00341796875 0.005859375
0 0.576904296875 0.5478515625 0.00634765625 0.007161458333333333
0 0.422119140625 0.3440755208333333 0.00244140625 0.008463541666666666
0 0.467041015625 0.2981770833333333 0.00341796875 0.009114583333333334
0 0.474853515625 0.2926432291666667 0.00146484375 0.0032552083333333335
0 0.466796875 0.24869791666666666 0.005859375 0.006510416666666667
0 0.481201171875 0.2766927083333333 0.00146484375 0.010416666666666666
0 0.569580078125 0.3372395833333333 0.00341796875 0.0078125
0 0.58056640625 0.76171875 0.00390625 0.010416666666666666
0 0.470458984375 0.3020833333333333 0.00244140625 0.005208333333333333
0 0.420654296875 0.3128255208333333 0.00244140625 0.005859375
