0 0.262939453125 0.4674479166666667 0.00537109375 0.0234375
0 0.263916015625 0.5358072916666666 0.00732421875 0.015625
0 0.2666015625 0.6448567708333334 0.0068359375 0.016276041666666668
0 0.274169921875 0.6650390625 0.00439453125 0.022786458333333332
0 0.400634765625 0.3873697916666667 0.00634765625 0.01953125
0 0.143310546875 0.3834635416666667 0.00341796875 0.01953125
0 0.148681640625 0.580078125 0.00439453125 0.015625
0 0.47265625 0.4700520833333333 0.001953125 0.014322916666666666
0 0.47314453125 0.5 0.001953125 0.009114583333333334
0 0.196044921875 0.4684244791666667 0.00341796875 0.014973958333333334
0 0.272705078125 0.466796875 0.00634765625 0.01953125
0 0.4736328125 0.5227864583333334 0.001953125 0.01171875
0 0.4736328125 0.5104166666666666 0.00390625 0.014322916666666666
0 0.4736328125 0.5589192708333334 0.0029296875 0.011067708333333334
0 0.4853515625 0.5751953125 0.005859375 0.014973958333333334
0 0.473388671875 0.4860026041666667 0.00244140625 0.014973958333333334
0 0.487548828125 0.533203125 0.00537109375 0.016927083333333332
0 0.48876953125 0.5475260416666666 0.0068359375 0.015625
0 0.4853515625 0.37109375 0.005859375 0.01953125
0 0.3974609375 0.3717447916666667 0.00390625 0.01953125
0 0.336669921875 0.3170572916666667 0.00439453125 0.015625
0 0.343505859375 0.314453125 0.00830078125 0.015625
0 0.481689453125 0.5221354166666666 0.00341796875 0.0026041666666666665
