0 0.5390625 0.9293619791666666 0.005859375 0.024088541666666668
0 0.4150390625 0.3076171875 0.01953125 0.041015625
0 0.438720703125 0.3001302083333333 0.00732421875 0.024739583333333332
0 0.332763671875 0.9381510416666666 0.00732421875 0.014322916666666666
0 0.44140625 0.2578125 0.00390625 0.041666666666666664
0 0.410888671875 0.2545572916666667 0.01611328125 0.032552083333333336
0 0.417236328125 0.21809895833333334 0.01904296875 0.036458333333333336
0 0.414306640625 0.177734375 0.01806640625 0.045572916666666664
0 0.39453125 0.12434895833333333 0.0107421875 0.0390625
0 0.398681640625 0.3522135416666667 0.01416015625 0.040364583333333336
0 0.427734375 0.2760416666666667 0.0166015625 0.037760416666666664
0 0.420166015625 0.35546875 0.01611328125 0.029947916666666668
0 0.437744140625 0.5084635416666666 0.00732421875 0.022135416666666668
0 0.398681640625 0.3916015625 0.01513671875 0.037109375
0 0.414306640625 0.4290364583333333 0.01318359375 0.024739583333333332
0 0.42919921875 0.4127604166666667 0.0087890625 0.026041666666666668
0 0.43505859375 0.4036458333333333 0.0107421875 0.037760416666666664
0 0.42333984375 0.5055338541666666 0.017578125 0.037109375
0 0.416015625 0.55078125 0.009765625 0.026041666666666668
0 0.50537109375 0.9736328125 0.0107421875 0.022786458333333332
0 0.510009765625 0.9602864583333334 0.00927734375 0.01953125
0 0.425048828125 0.3307291666666667 0.01513671875 0.02734375
0 0.504150390625 0.17903645833333334 0.00732421875 0.045572916666666664
0 0.437255859375 0.541015625 0.00634765625 0.041666666666666664
0 0.33056640625 0.923828125 0.00390625 0.0234375
0 0.409912109375 0.3759765625 0.01416015625 0.039713541666666664
0 0.5146484375 0.17610677083333334 0.017578125 0.047526041666666664
0 0.546142578125 0.4853515625 0.00927734375 0.035807291666666664
0 0.421142578125 0.2880859375 0.01611328125 0.035807291666666664
0 0.527099609375 0.4807942708333333 0.01708984375 0.029296875
0 0.50732421875 0.92578125 0.009765625 0.026041666666666668
0 0.514892578125 0.505859375 0.01416015625 0.028645833333333332
0 0.529296875 0.5009765625 0.015625 0.022786458333333332
0 0.526611328125 0.5504557291666666 0.01416015625 0.024088541666666668
0 0.54052734375 0.5266927083333334 0.0107421875 0.033854166666666664
0 0.514892578125 0.54296875 0.01220703125 0.032552083333333336
0 0.504638671875 0.7288411458333334 0.00634765625 0.020182291666666668
0 0.515625 0.6536458333333334 0.015625 0.024739583333333332
0 0.541015625 0.4456380208333333 0.013671875 0.034505208333333336
0 0.53125 0.373046875 0.0185546875 0.032552083333333336
0 0.517822265625 0.4381510416666667 0.02197265625 0.032552083333333336
0 0.50927734375 0.4873046875 0.0146484375 0.025390625
0 0.526611328125 0.4108072916666667 0.00927734375 0.020833333333333332
0 0.525146484375 0.4309895833333333 0.01708984375 0.029947916666666668
0 0.525146484375 0.7581380208333334 0.01025390625 0.024088541666666668
0 0.530029296875 0.17903645833333334 0.00927734375 0.028645833333333332
0 0.5048828125 0.7516276041666666 0.0078125 0.020182291666666668
0 0.54541015625 0.18229166666666666 0.0078125 0.033854166666666664
0 0.546142578125 0.4143880208333333 0.00537109375 0.025390625
0 0.548095703125 0.3388671875 0.00634765625 0.027994791666666668
0 0.53564453125 0.3020833333333333 0.0166015625 0.029947916666666668
0 0.520263671875 0.3893229166666667 0.02001953125 0.028645833333333332
0 0.53759765625 0.4166666666666667 0.013671875 0.040364583333333336
0 0.50830078125 0.306640625 0.013671875 0.03125
