0 0.39599609375 0.3658854166666667 0.001953125 0.005208333333333333
0 0.39306640625 0.4576822916666667 0.0029296875 0.009114583333333334
0 0.39404296875 0.4427083333333333 0.001953125 0.006510416666666667
0 0.39208984375 0.4410807291666667 0.0029296875 0.009765625
0 0.39453125 0.3912760416666667 0.0009765625 0.00390625
0 0.3935546875 0.4140625 0.001953125 0.006510416666666667
0 0.391845703125 0.3896484375 0.00146484375 0.004557291666666667
0 0.393310546875 0.4664713541666667 0.00146484375 0.005859375
0 0.39892578125 0.4290364583333333 0.001953125 0.006510416666666667
0 0.399658203125 0.4534505208333333 0.00244140625 0.007161458333333333
0 0.287841796875 0.4430338541666667 0.00244140625 0.008463541666666666
0 0.677001953125 0.4768880208333333 0.00439453125 0.012369791666666666
0 0.679443359375 0.6334635416666666 0.00146484375 0.00390625
0 0.66552734375 0.4752604166666667 0.0029296875 0.01171875
0 0.270751953125 0.3050130208333333 0.00146484375 0.018880208333333332
0 0.402099609375 0.5589192708333334 0.00146484375 0.004557291666666667
0 0.68896484375 0.3994140625 0.00390625 0.008463541666666666
0 0.6787109375 0.4332682291666667 0.0087890625 0.024088541666666668
0 0.396484375 0.4016927083333333 0.0009765625 0.00390625
0 0.673583984375 0.4833984375 0.00244140625 0.004557291666666667
0 0.39892578125 0.50390625 0.001953125 0.006510416666666667
0 0.2744140625 0.4537760416666667 0.00390625 0.013020833333333334
0 0.670654296875 0.4378255208333333 0.00439453125 0.016276041666666668
0 0.27587890625 0.423828125 0.0078125 0.022135416666666668
0 0.400634765625 0.392578125 0.00146484375 0.00390625
0 0.580810546875 0.4664713541666667 0.00537109375 0.012369791666666666
0 0.693115234375 0.333984375 0.00146484375 0.0078125
0 0.57421875 0.2734375 0.0029296875 0.009114583333333334
0 0.595947265625 0.625 0.00341796875 0.009114583333333334
0 0.694580078125 0.3597005208333333 0.00341796875 0.027994791666666668
0 0.6943359375 0.3932291666666667 0.001953125 0.009114583333333334
0 0.694580078125 0.4228515625 0.00244140625 0.013671875
0 0.597412109375 0.6116536458333334 0.00341796875 0.013671875
0 0.272216796875 0.4482421875 0.00341796875 0.005859375
0 0.5859375 0.5732421875 0.005859375 0.016276041666666668
0 0.4794921875 0.20540364583333334 0.001953125 0.016276041666666668
0 0.505126953125 0.4521484375 0.00732421875 0.017578125
0 0.39892578125 0.6328125 0.00390625 0.0078125
0 0.3984375 0.5625 0.00390625 0.005208333333333333
0 0.273681640625 0.50390625 0.00244140625 0.014322916666666666
0 0.397705078125 0.5680338541666666 0.00341796875 0.007161458333333333
0 0.3984375 0.5374348958333334 0.0009765625 0.005859375
0 0.21435546875 0.5319010416666666 0.0029296875 0.010416666666666666
0 0.279541015625 0.3160807291666667 0.00927734375 0.021484375
0 0.576904296875 0.7356770833333334 0.00439453125 0.024739583333333332
0 0.3974609375 0.4182942708333333 0.0009765625 0.0032552083333333335
0 0.390625 0.4498697916666667 0.0009765625 0.00390625
0 0.3935546875 0.3785807291666667 0.0009765625 0.0032552083333333335
0 0.50390625 0.5891927083333334 0.0029296875 0.020833333333333332
0 0.4775390625 0.6471354166666666 0.001953125 0.018229166666666668
0 0.673583984375 0.9576822916666666 0.00537109375 0.015625
0 0.5869140625 0.6240234375 0.001953125 0.004557291666666667
0 0.585693359375 0.6201171875 0.00146484375 0.004557291666666667
0 0.587158203125 0.6188151041666666 0.00146484375 0.0032552083333333335
0 0.401123046875 0.4817708333333333 0.00244140625 0.006510416666666667
0 0.3984375 0.5107421875 0.001953125 0.004557291666666667
0 0.396728515625 0.41015625 0.00146484375 0.00390625
0 0.271240234375 0.4537760416666667 0.00244140625 0.006510416666666667
0 0.58154296875 0.583984375 0.0068359375 0.022135416666666668
0 0.199951171875 0.4957682291666667 0.00341796875 0.008463541666666666
0 0.199462890625 0.4658203125 0.00732421875 0.017578125
0 0.19970703125 0.4791666666666667 0.0068359375 0.009114583333333334
0 0.19677734375 0.458984375 0.00390625 0.01171875
0 0.20703125 0.48828125 0.0048828125 0.014322916666666666
0 0.21337890625 0.4820963541666667 0.0029296875 0.011067708333333334
0 0.2138671875 0.5081380208333334 0.00390625 0.012369791666666666
0 0.392822265625 0.4124348958333333 0.00146484375 0.0032552083333333335
0 0.66845703125 0.8365885416666666 0.0068359375 0.015625
0 0.681640625 0.6435546875 0.0009765625 0.001953125
0 0.39501953125 0.6041666666666666 0.001953125 0.00390625
0 0.678466796875 0.5921223958333334 0.00537109375 0.013671875
0 0.670654296875 0.6123046875 0.00537109375 0.013671875
0 0.399658203125 0.373046875 0.00146484375 0.00390625
0 0.401611328125 0.4733072916666667 0.00146484375 0.006510416666666667
0 0.394775390625 0.4811197916666667 0.00146484375 0.0026041666666666665
0 0.39697265625 0.4759114583333333 0.00390625 0.009114583333333334
0 0.397705078125 0.4615885416666667 0.00146484375 0.00390625
0 0.3916015625 0.5367838541666666 0.0009765625 0.005859375
0 0.286865234375 0.3121744791666667 0.00244140625 0.007161458333333333
0 0.39794921875 0.4495442708333333 0.0009765625 0.0032552083333333335
0 0.276123046875 0.5465494791666666 0.00244140625 0.017578125
0 0.395263671875 0.5621744791666666 0.00146484375 0.0032552083333333335
0 0.669921875 0.5595703125 0.0029296875 0.007161458333333333
0 0.295166015625 0.4671223958333333 0.00146484375 0.004557291666666667
0 0.6650390625 0.4873046875 0.0029296875 0.011067708333333334
0 0.294189453125 0.4524739583333333 0.00146484375 0.005208333333333333
0 0.68798828125 0.4934895833333333 0.00390625 0.010416666666666666
0 0.684326171875 0.5052083333333334 0.00244140625 0.006510416666666667
0 0.679443359375 0.517578125 0.00634765625 0.014322916666666666
0 0.667724609375 0.5504557291666666 0.00634765625 0.017578125
0 0.288330078125 0.3642578125 0.00146484375 0.005859375
0 0.684814453125 0.5677083333333334 0.00537109375 0.010416666666666666
