0 0.57421875 0.5804036458333334 0.00390625 0.020182291666666668
0 0.671142578125 0.4573567708333333 0.00341796875 0.020182291666666668
0 0.67529296875 0.4423828125 0.0068359375 0.016276041666666668
0 0.67919921875 0.4739583333333333 0.0048828125 0.01171875
0 0.6708984375 0.419921875 0.0029296875 0.014322916666666666
0 0.620361328125 0.5185546875 0.01123046875 0.034505208333333336
0 0.565185546875 0.4736328125 0.00537109375 0.014973958333333334
0 0.5087890625 0.4641927083333333 0.00390625 0.010416666666666666
0 0.56787109375 0.4332682291666667 0.005859375 0.014973958333333334
0 0.624755859375 0.24641927083333334 0.00341796875 0.009765625
0 0.67529296875 0.4593098958333333 0.0068359375 0.016276041666666668
0 0.58935546875 0.2900390625 0.001953125 0.017578125
0 0.5595703125 0.6038411458333334 0.009765625 0.011067708333333334
0 0.510009765625 0.4309895833333333 0.00244140625 0.006510416666666667
0 0.441162109375 0.30078125 0.00439453125 0.006510416666666667
0 0.67919921875 0.4114583333333333 0.0068359375 0.016927083333333332
0 0.675048828125 0.4759114583333333 0.00830078125 0.015625
0 0.670654296875 0.4908854166666667 0.00341796875 0.01171875
0 0.677490234375 0.5029296875 0.00537109375 0.013671875
0 0.679443359375 0.5130208333333334 0.00146484375 0.00390625
0 0.671142578125 0.4365234375 0.00244140625 0.013671875
0 0.433349609375 0.4267578125 0.00341796875 0.009765625
0 0.566162109375 0.421875 0.00341796875 0.014322916666666666
0 0.4296875 0.4290364583333333 0.001953125 0.006510416666666667
0 0.57421875 0.4020182291666667 0.0068359375 0.013671875
0 0.674560546875 0.5511067708333334 0.00244140625 0.0032552083333333335
0 0.670166015625 0.5472005208333334 0.00048828125 0.004557291666666667
0 0.423095703125 0.3313802083333333 0.00244140625 0.015625
0 0.669921875 0.4788411458333333 0.001953125 0.008463541666666666
0 0.515625 0.4430338541666667 0.0048828125 0.007161458333333333
0 0.58544921875 0.318359375 0.00390625 0.010416666666666666
0 0.31787109375 0.4378255208333333 0.0087890625 0.021484375
0 0.3095703125 0.38671875 0.009765625 0.01953125
0 0.674072265625 0.5361328125 0.00244140625 0.004557291666666667
0 0.505615234375 0.40234375 0.00341796875 0.013020833333333334
0 0.576904296875 0.3037109375 0.00634765625 0.013671875
0 0.5830078125 0.3011067708333333 0.0048828125 0.012369791666666666
0 0.22705078125 0.3668619791666667 0.00390625 0.009765625
0 0.51904296875 0.427734375 0.0068359375 0.016927083333333332
0 0.505859375 0.5074869791666666 0.0029296875 0.007161458333333333
0 0.52001953125 0.5211588541666666 0.0048828125 0.016276041666666668
0 0.511962890625 0.5608723958333334 0.00830078125 0.026692708333333332
0 0.423828125 0.2900390625 0.0048828125 0.014973958333333334
0 0.442626953125 0.3606770833333333 0.00244140625 0.016927083333333332
0 0.429931640625 0.380859375 0.00634765625 0.015625
0 0.42578125 0.4075520833333333 0.0029296875 0.006510416666666667
0 0.43212890625 0.4391276041666667 0.00390625 0.009765625
0 0.510986328125 0.390625 0.00341796875 0.009114583333333334
0 0.32568359375 0.4934895833333333 0.005859375 0.015625
0 0.42578125 0.4371744791666667 0.0048828125 0.020182291666666668
0 0.308349609375 0.4091796875 0.00732421875 0.022786458333333332
0 0.3154296875 0.4095052083333333 0.0068359375 0.01953125
0 0.311767578125 0.4241536458333333 0.00732421875 0.011067708333333334
0 0.3076171875 0.4309895833333333 0.005859375 0.010416666666666666
0 0.3076171875 0.4417317708333333 0.005859375 0.009765625
0 0.319580078125 0.4176432291666667 0.00341796875 0.007161458333333333
0 0.314453125 0.4388020833333333 0.0068359375 0.016927083333333332
0 0.316650390625 0.4641927083333333 0.00927734375 0.020833333333333332
0 0.309326171875 0.46484375 0.00439453125 0.015625
0 0.311279296875 0.48046875 0.00439453125 0.013020833333333334
0 0.3310546875 0.5673828125 0.0048828125 0.018880208333333332
0 0.317138671875 0.4508463541666667 0.00439453125 0.007161458333333333
