0 0.618408203125 0.546875 0.00732421875 0.016927083333333332
0 0.60693359375 0.4677734375 0.0107421875 0.021484375
0 0.59765625 0.5703125 0.005859375 0.016927083333333332
0 0.615966796875 0.6149088541666666 0.01220703125 0.024088541666666668
0 0.582763671875 0.5221354166666666 0.00537109375 0.013020833333333334
0 0.59912109375 0.2991536458333333 0.0078125 0.017578125
0 0.6298828125 0.630859375 0.005859375 0.015625
0 0.18994140625 0.388671875 0.0087890625 0.026041666666666668
0 0.474853515625 0.013346354166666666 0.00830078125 0.025390625
0 0.500732421875 0.5485026041666666 0.00830078125 0.022786458333333332
0 0.49853515625 0.6438802083333334 0.0126953125 0.026041666666666668
0 0.51318359375 0.7913411458333334 0.0146484375 0.031901041666666664
0 0.21630859375 0.455078125 0.009765625 0.020833333333333332
0 0.2080078125 0.5270182291666666 0.01171875 0.020182291666666668
0 0.595703125 0.5367838541666666 0.0068359375 0.018880208333333332
0 0.616455078125 0.6868489583333334 0.00537109375 0.032552083333333336
0 0.596923828125 0.5924479166666666 0.01123046875 0.026041666666666668
0 0.48486328125 0.09375 0.0078125 0.018229166666666668
0 0.555908203125 0.6751302083333334 0.01123046875 0.028645833333333332
0 0.189208984375 0.5458984375 0.00341796875 0.017578125
0 0.1982421875 0.4768880208333333 0.0087890625 0.018880208333333332
0 0.54736328125 0.6168619791666666 0.0068359375 0.014973958333333334
0 0.483154296875 0.07682291666666667 0.00634765625 0.016927083333333332
0 0.49072265625 0.09212239583333333 0.009765625 0.024088541666666668
0 0.48828125 0.13216145833333334 0.0087890625 0.03125
0 0.522705078125 0.2571614583333333 0.00830078125 0.0234375
0 0.59912109375 0.6220703125 0.0068359375 0.014973958333333334
0 0.528076171875 0.3343098958333333 0.01025390625 0.030598958333333332
0 0.5361328125 0.3922526041666667 0.0078125 0.025390625
0 0.540771484375 0.4384765625 0.00732421875 0.025390625
0 0.542724609375 0.5696614583333334 0.00927734375 0.022135416666666668
0 0.54150390625 0.5445963541666666 0.0068359375 0.016276041666666668
0 0.551513671875 0.5475260416666666 0.00634765625 0.015625
0 0.548583984375 0.6774088541666666 0.00830078125 0.020182291666666668
0 0.686767578125 0.8518880208333334 0.00537109375 0.030598958333333332
0 0.511474609375 0.322265625 0.00439453125 0.01171875
0 0.193115234375 0.5413411458333334 0.00634765625 0.016276041666666668
0 0.653564453125 0.3873697916666667 0.01025390625 0.015625
0 0.202392578125 0.5703125 0.00634765625 0.014322916666666666
0 0.521484375 0.23274739583333334 0.0078125 0.026692708333333332
0 0.67626953125 0.5797526041666666 0.0048828125 0.016276041666666668
0 0.654541015625 0.8313802083333334 0.00439453125 0.01953125
0 0.650390625 0.3720703125 0.01171875 0.022786458333333332
0 0.671142578125 0.7421875 0.01220703125 0.024739583333333332
0 0.655029296875 0.720703125 0.00634765625 0.015625
0 0.72021484375 0.4645182291666667 0.01171875 0.024088541666666668
0 0.728515625 0.6708984375 0.01171875 0.034505208333333336
0 0.72509765625 0.6409505208333334 0.009765625 0.022786458333333332
0 0.662353515625 0.7535807291666666 0.00830078125 0.018880208333333332
0 0.6669921875 0.6673177083333334 0.0078125 0.022135416666666668
0 0.66259765625 0.8365885416666666 0.00390625 0.0078125
0 0.65869140625 0.703125 0.005859375 0.024739583333333332
0 0.654296875 0.6373697916666666 0.0078125 0.020833333333333332
0 0.2099609375 0.5442708333333334 0.0107421875 0.015625
0 0.631103515625 0.9033203125 0.00439453125 0.012369791666666666
0 0.51953125 0.8313802083333334 0.01171875 0.033854166666666664
0 0.6552734375 0.7386067708333334 0.0068359375 0.021484375
0 0.51025390625 0.9085286458333334 0.0146484375 0.025390625
0 0.208251953125 0.6761067708333334 0.01025390625 0.024088541666666668
0 0.525390625 0.8704427083333334 0.0126953125 0.03515625
0 0.20068359375 0.7884114583333334 0.005859375 0.024739583333333332
0 0.198486328125 0.755859375 0.00634765625 0.016927083333333332
0 0.253662109375 0.2275390625 0.01318359375 0.033203125
0 0.391845703125 0.8287760416666666 0.00927734375 0.024739583333333332
0 0.380859375 0.7275390625 0.009765625 0.014973958333333334
0 0.375732421875 0.6663411458333334 0.00830078125 0.017578125
0 0.23291015625 0.8180338541666666 0.0068359375 0.024088541666666668
0 0.4462890625 0.6468098958333334 0.009765625 0.013671875
0 0.366943359375 0.5520833333333334 0.00537109375 0.013020833333333334
0 0.4609375 0.705078125 0.005859375 0.02734375
0 0.454345703125 0.7698567708333334 0.00830078125 0.017578125
0 0.45849609375 0.78515625 0.0068359375 0.018229166666666668
0 0.352294921875 0.5572916666666666 0.01220703125 0.022135416666666668
0 0.447265625 0.6380208333333334 0.01171875 0.018229166666666668
