0 0.5498046875 0.3658854166666667 0.00390625 0.00390625
0 0.5673828125 0.3684895833333333 0.001953125 0.013020833333333334
0 0.552734375 0.3587239583333333 0.00390625 0.009114583333333334
0 0.44775390625 0.4466145833333333 0.0029296875 0.006510416666666667
0 0.550537109375 0.4560546875 0.00244140625 0.004557291666666667
0 0.4453125 0.4674479166666667 0.00390625 0.014322916666666666
0 0.30712890625 0.5016276041666666 0.00390625 0.009765625
0 0.4599609375 0.5979817708333334 0.001953125 0.008463541666666666
0 0.306640625 0.4860026041666667 0.00390625 0.011067708333333334
0 0.3115234375 0.490234375 0.0029296875 0.0026041666666666665
0 0.548828125 0.4287109375 0.0029296875 0.005859375
0 0.563232421875 0.3141276041666667 0.00439453125 0.014973958333333334
0 0.5458984375 0.3841145833333333 0.0048828125 0.013020833333333334
0 0.454345703125 0.22493489583333334 0.00830078125 0.022786458333333332
0 0.542724609375 0.3623046875 0.00341796875 0.018880208333333332
0 0.567626953125 0.3125 0.00439453125 0.0234375
0 0.447265625 0.2255859375 0.0048828125 0.013671875
0 0.54931640625 0.3274739583333333 0.0078125 0.01953125
0 0.550048828125 0.3479817708333333 0.00927734375 0.016276041666666668
0 0.550048828125 0.3138020833333333 0.00341796875 0.0078125
0 0.543212890625 0.3297526041666667 0.00439453125 0.018880208333333332
0 0.45361328125 0.4755859375 0.00390625 0.009765625
