0 0.621337890625 0.6500651041666666 0.00146484375 0.004557291666666667
0 0.536376953125 0.4456380208333333 0.00537109375 0.016276041666666668
0 0.62548828125 0.5869140625 0.00390625 0.012369791666666666
0 0.620361328125 0.6432291666666666 0.00146484375 0.00390625
0 0.534423828125 0.41015625 0.00634765625 0.0234375
0 0.620849609375 0.6572265625 0.00244140625 0.004557291666666667
0 0.537841796875 0.3974609375 0.00634765625 0.014973958333333334
0 0.619873046875 0.6712239583333334 0.00341796875 0.006510416666666667
0 0.625732421875 0.6402994791666666 0.00244140625 0.005859375
0 0.531494140625 0.4514973958333333 0.00341796875 0.012369791666666666
0 0.54248046875 0.4554036458333333 0.0068359375 0.013671875
0 0.539306640625 0.6311848958333334 0.00341796875 0.007161458333333333
0 0.620361328125 0.6614583333333334 0.00146484375 0.00390625
0 0.41552734375 0.6220703125 0.0068359375 0.021484375
0 0.53662109375 0.67578125 0.0048828125 0.01171875
0 0.433837890625 0.5830078125 0.00244140625 0.008463541666666666
0 0.439208984375 0.599609375 0.00341796875 0.01953125
0 0.548828125 0.4407552083333333 0.0087890625 0.014322916666666666
0 0.632568359375 0.4869791666666667 0.00537109375 0.010416666666666666
0 0.633056640625 0.4772135416666667 0.00537109375 0.0078125
0 0.531982421875 0.3294270833333333 0.00244140625 0.015625
0 0.532958984375 0.3095703125 0.00244140625 0.008463541666666666
0 0.298095703125 0.3082682291666667 0.00439453125 0.022786458333333332
0 0.626953125 0.6220703125 0.00390625 0.007161458333333333
0 0.27880859375 0.474609375 0.00390625 0.013020833333333334
0 0.530029296875 0.4212239583333333 0.00439453125 0.016927083333333332
0 0.276123046875 0.66796875 0.00537109375 0.018229166666666668
0 0.441162109375 0.4664713541666667 0.00537109375 0.020182291666666668
0 0.443115234375 0.482421875 0.00244140625 0.01171875
0 0.289306640625 0.2584635416666667 0.00439453125 0.010416666666666666
