0 0.18359375 0.537109375 0.009765625 0.018229166666666668
0 0.1748046875 0.4775390625 0.0048828125 0.013671875
0 0.24072265625 0.5589192708333334 0.0068359375 0.013671875
0 0.185546875 0.3792317708333333 0.005859375 0.017578125
0 0.20166015625 0.3889973958333333 0.005859375 0.014973958333333334
0 0.18212890625 0.4111328125 0.005859375 0.025390625
0 0.1923828125 0.4612630208333333 0.0068359375 0.009765625
0 0.17529296875 0.5758463541666666 0.0078125 0.014973958333333334
0 0.387939453125 0.5725911458333334 0.00537109375 0.012369791666666666
0 0.17724609375 0.53125 0.009765625 0.016927083333333332
0 0.23974609375 0.568359375 0.0078125 0.015625
0 0.087158203125 0.7174479166666666 0.00439453125 0.010416666666666666
0 0.0947265625 0.716796875 0.005859375 0.010416666666666666
0 0.211181640625 0.24479166666666666 0.00341796875 0.009114583333333334
0 0.096923828125 0.69921875 0.00634765625 0.013020833333333334
0 0.17236328125 0.4996744791666667 0.0048828125 0.014973958333333334
0 0.234619140625 0.5462239583333334 0.00439453125 0.018229166666666668
0 0.38525390625 0.6005859375 0.005859375 0.011067708333333334
0 0.470703125 0.6438802083333334 0.0068359375 0.014322916666666666
0 0.211669921875 0.298828125 0.00439453125 0.01171875
0 0.2314453125 0.5618489583333334 0.00390625 0.014322916666666666
0 0.24169921875 0.5432942708333334 0.0087890625 0.009765625
0 0.24462890625 0.533203125 0.0087890625 0.015625
0 0.248779296875 0.5205078125 0.00830078125 0.013671875
0 0.244873046875 0.50390625 0.00537109375 0.01171875
0 0.29833984375 0.6253255208333334 0.0048828125 0.011067708333333334
0 0.380859375 0.5774739583333334 0.005859375 0.010416666666666666
0 0.46923828125 0.6650390625 0.0068359375 0.017578125
0 0.385009765625 0.5543619791666666 0.00537109375 0.013671875
0 0.3896484375 0.5543619791666666 0.0048828125 0.011067708333333334
0 0.3896484375 0.541015625 0.0078125 0.016927083333333332
0 0.24609375 0.5563151041666666 0.005859375 0.017578125
0 0.097412109375 0.6822916666666666 0.00732421875 0.01171875
0 0.476318359375 0.6318359375 0.00634765625 0.014973958333333334
0 0.561279296875 0.8492838541666666 0.00927734375 0.021484375
0 0.211669921875 0.2643229166666667 0.00927734375 0.018229166666666668
0 0.56982421875 0.8603515625 0.005859375 0.013671875
0 0.23046875 0.5872395833333334 0.0087890625 0.018229166666666668
0 0.74365234375 0.6077473958333334 0.009765625 0.018880208333333332
0 0.67822265625 0.7135416666666666 0.005859375 0.01953125
0 0.738037109375 0.58203125 0.00634765625 0.01171875
0 0.57080078125 0.8037109375 0.0048828125 0.009765625
0 0.5654296875 0.7809244791666666 0.0048828125 0.012369791666666666
0 0.57861328125 0.7532552083333334 0.0048828125 0.014322916666666666
0 0.6591796875 0.87890625 0.0048828125 0.016927083333333332
0 0.659423828125 0.8531901041666666 0.00341796875 0.013671875
0 0.6845703125 0.7151692708333334 0.001953125 0.017578125
0 0.747314453125 0.5654296875 0.00732421875 0.013671875
0 0.66845703125 0.6702473958333334 0.0068359375 0.018880208333333332
0 0.68310546875 0.6650390625 0.005859375 0.017578125
0 0.743408203125 0.4694010416666667 0.00634765625 0.015625
0 0.685546875 0.6865234375 0.0029296875 0.021484375
0 0.5546875 0.8352864583333334 0.0048828125 0.018229166666666668
0 0.105224609375 0.5999348958333334 0.00830078125 0.017578125
0 0.742431640625 0.6477864583333334 0.01220703125 0.01953125
0 0.576416015625 0.7763671875 0.00732421875 0.016276041666666668
0 0.122314453125 0.5550130208333334 0.00634765625 0.020182291666666668
0 0.564453125 0.833984375 0.0048828125 0.010416666666666666
0 0.117919921875 0.4811197916666667 0.00634765625 0.015625
0 0.474365234375 0.6800130208333334 0.00634765625 0.013671875
0 0.573974609375 0.8294270833333334 0.00439453125 0.015625
0 0.73193359375 0.7203776041666666 0.005859375 0.018880208333333332
0 0.734130859375 0.7063802083333334 0.00634765625 0.016927083333333332
0 0.737548828125 0.7685546875 0.00634765625 0.011067708333333334
0 0.1015625 0.611328125 0.0078125 0.01171875
0 0.655517578125 0.7864583333333334 0.00146484375 0.020833333333333332
0 0.097900390625 0.6324869791666666 0.00439453125 0.014973958333333334
0 0.74169921875 0.6276041666666666 0.01171875 0.020833333333333332
0 0.0986328125 0.6383463541666666 0.0048828125 0.008463541666666666
0 0.099609375 0.6217447916666666 0.005859375 0.010416666666666666
0 0.6591796875 0.841796875 0.00390625 0.0078125
0 0.56591796875 0.8053385416666666 0.0048828125 0.016927083333333332
0 0.10888671875 0.5758463541666666 0.0078125 0.016276041666666668
