0 0.40478515625 0.3997395833333333 0.0009765625 0.00390625
0 0.48828125 0.4339192708333333 0.0068359375 0.012369791666666666
0 0.406494140625 0.4033203125 0.00244140625 0.005859375
0 0.408935546875 0.3977864583333333 0.00244140625 0.005208333333333333
0 0.40576171875 0.4186197916666667 0.0009765625 0.00390625
0 0.487548828125 0.4140625 0.00439453125 0.015625
0 0.498779296875 0.4156901041666667 0.00537109375 0.022786458333333332
0 0.495849609375 0.39453125 0.00927734375 0.018229166666666668
0 0.4931640625 0.4143880208333333 0.0068359375 0.022786458333333332
0 0.485107421875 0.4020182291666667 0.00830078125 0.014973958333333334
