0 0.774658203125 0.5960286458333334 0.00634765625 0.011067708333333334
0 0.671630859375 0.52734375 0.00439453125 0.01171875
0 0.677001953125 0.5266927083333334 0.00537109375 0.0078125
0 0.68603515625 0.5979817708333334 0.00390625 0.009765625
0 0.6845703125 0.5869140625 0.00390625 0.011067708333333334
0 0.762451171875 0.4944661458333333 0.00439453125 0.013671875
0 0.7783203125 0.5367838541666666 0.005859375 0.011067708333333334
0 0.67626953125 0.4840494791666667 0.0087890625 0.012369791666666666
0 0.44189453125 0.4700520833333333 0.0068359375 0.01171875
0 0.76806640625 0.529296875 0.005859375 0.010416666666666666
0 0.67138671875 0.412109375 0.005859375 0.013020833333333334
0 0.43798828125 0.4811197916666667 0.0068359375 0.01171875
0 0.429931640625 0.4202473958333333 0.00830078125 0.012369791666666666
0 0.66943359375 0.494140625 0.0048828125 0.010416666666666666
0 0.77294921875 0.5712890625 0.0078125 0.014973958333333334
0 0.451904296875 0.6357421875 0.00439453125 0.013671875
0 0.685546875 0.6647135416666666 0.0068359375 0.01953125
0 0.4482421875 0.7841796875 0.00390625 0.007161458333333333
0 0.427734375 0.4254557291666667 0.0068359375 0.008463541666666666
0 0.68212890625 0.5514322916666666 0.009765625 0.013020833333333334
0 0.68359375 0.625 0.0068359375 0.013020833333333334
0 0.595947265625 0.537109375 0.00732421875 0.01171875
0 0.61083984375 0.6516927083333334 0.00390625 0.010416666666666666
0 0.6884765625 0.6884765625 0.0068359375 0.017578125
0 0.666015625 0.46875 0.0029296875 0.01171875
0 0.6884765625 0.646484375 0.0048828125 0.016927083333333332
0 0.677734375 0.4772135416666667 0.005859375 0.0078125
0 0.684814453125 0.5611979166666666 0.00537109375 0.013020833333333334
0 0.6767578125 0.5608723958333334 0.005859375 0.011067708333333334
0 0.6748046875 0.5543619791666666 0.005859375 0.011067708333333334
0 0.67822265625 0.4674479166666667 0.005859375 0.013020833333333334
0 0.6806640625 0.4586588541666667 0.0029296875 0.007161458333333333
0 0.688232421875 0.626953125 0.00439453125 0.01953125
0 0.4560546875 0.7223307291666666 0.0009765625 0.001953125
0 0.690185546875 0.6673177083333334 0.00537109375 0.022135416666666668
0 0.455810546875 0.7132161458333334 0.00244140625 0.005859375
0 0.777099609375 0.5501302083333334 0.00341796875 0.009114583333333334
0 0.7783203125 0.6223958333333334 0.00390625 0.006510416666666667
0 0.777587890625 0.6256510416666666 0.00244140625 0.0026041666666666665
0 0.770751953125 0.736328125 0.00341796875 0.00390625
0 0.6083984375 0.658203125 0.00390625 0.0078125
0 0.601318359375 0.625 0.00146484375 0.00390625
0 0.679931640625 0.4264322916666667 0.00146484375 0.005208333333333333
0 0.601318359375 0.6022135416666666 0.00146484375 0.00390625
0 0.49853515625 0.453125 0.0029296875 0.00390625
0 0.447998046875 0.6005859375 0.00341796875 0.008463541666666666
0 0.43603515625 0.638671875 0.00390625 0.010416666666666666
0 0.4365234375 0.6490885416666666 0.001953125 0.00390625
0 0.45751953125 0.7278645833333334 0.0009765625 0.009114583333333334
0 0.66748046875 0.5218098958333334 0.0009765625 0.008463541666666666
0 0.455078125 0.71875 0.0009765625 0.00390625
0 0.681396484375 0.5377604166666666 0.00537109375 0.0078125
0 0.769287109375 0.58984375 0.00244140625 0.00390625
0 0.430419921875 0.3824869791666667 0.00341796875 0.008463541666666666
0 0.67724609375 0.3815104166666667 0.001953125 0.00390625
0 0.427490234375 0.4072265625 0.00537109375 0.009765625
0 0.427001953125 0.4104817708333333 0.00146484375 0.004557291666666667
0 0.424072265625 0.4095052083333333 0.00341796875 0.006510416666666667
0 0.426025390625 0.3935546875 0.00537109375 0.011067708333333334
0 0.43310546875 0.4547526041666667 0.0029296875 0.005859375
0 0.43212890625 0.447265625 0.001953125 0.00390625
0 0.677734375 0.4065755208333333 0.0048828125 0.011067708333333334
0 0.435546875 0.4697265625 0.0078125 0.009765625
0 0.677734375 0.4140625 0.0029296875 0.005208333333333333
0 0.680419921875 0.41015625 0.00146484375 0.006510416666666667
0 0.676025390625 0.4274088541666667 0.00341796875 0.011067708333333334
0 0.67919921875 0.4195963541666667 0.00390625 0.007161458333333333
0 0.674560546875 0.4378255208333333 0.00732421875 0.007161458333333333
0 0.680908203125 0.4469401041666667 0.00244140625 0.007161458333333333
0 0.447265625 0.7213541666666666 0.001953125 0.005208333333333333
