0 0.24365234375 0.4078776041666667 0.0068359375 0.024088541666666668
0 0.343017578125 0.8235677083333334 0.00537109375 0.015625
0 0.337646484375 0.8356119791666666 0.00341796875 0.012369791666666666
0 0.25537109375 0.3434244791666667 0.0185546875 0.035807291666666664
0 0.3583984375 0.5309244791666666 0.005859375 0.012369791666666666
0 0.375732421875 0.390625 0.01611328125 0.033854166666666664
0 0.367919921875 0.2639973958333333 0.00634765625 0.014973958333333334
0 0.385498046875 0.3072916666666667 0.00830078125 0.032552083333333336
0 0.36328125 0.2897135416666667 0.0029296875 0.0078125
0 0.3564453125 0.3515625 0.0068359375 0.01171875
0 0.4873046875 0.3740234375 0.0029296875 0.007161458333333333
0 0.356689453125 0.3922526041666667 0.01025390625 0.041015625
0 0.592529296875 0.5836588541666666 0.00927734375 0.026692708333333332
0 0.3779296875 0.4166666666666667 0.013671875 0.026041666666666668
0 0.17138671875 0.39453125 0.0166015625 0.037760416666666664
0 0.5771484375 0.3512369791666667 0.005859375 0.021484375
0 0.489990234375 0.3486328125 0.00341796875 0.009765625
0 0.581298828125 0.3264973958333333 0.00439453125 0.022786458333333332
0 0.5927734375 0.6119791666666666 0.0048828125 0.020833333333333332
0 0.599365234375 0.4720052083333333 0.00439453125 0.016927083333333332
0 0.59130859375 0.4918619791666667 0.015625 0.018880208333333332
0 0.583740234375 0.51171875 0.01611328125 0.029947916666666668
0 0.58984375 0.2890625 0.0126953125 0.028645833333333332
0 0.587890625 0.4788411458333333 0.015625 0.018880208333333332
0 0.386962890625 0.3356119791666667 0.00537109375 0.016276041666666668
0 0.38037109375 0.3714192708333333 0.0107421875 0.017578125
0 0.356689453125 0.3372395833333333 0.00830078125 0.016927083333333332
0 0.381103515625 0.3541666666666667 0.01416015625 0.02734375
0 0.493408203125 0.3294270833333333 0.00927734375 0.018229166666666668
0 0.5751953125 0.4612630208333333 0.009765625 0.030598958333333332
0 0.470703125 0.4375 0.005859375 0.014322916666666666
