0 0.275634765625 0.5556640625 0.01123046875 0.021484375
0 0.28564453125 0.5556640625 0.0078125 0.016276041666666668
0 0.283203125 0.030598958333333332 0.01171875 0.022135416666666668
0 0.260498046875 0.642578125 0.00634765625 0.01953125
0 0.293212890625 0.6256510416666666 0.00537109375 0.0390625
0 0.26416015625 0.623046875 0.0087890625 0.020833333333333332
0 0.28076171875 0.5989583333333334 0.0185546875 0.02734375
0 0.267822265625 0.5706380208333334 0.01025390625 0.022786458333333332
0 0.410888671875 0.76171875 0.00634765625 0.041666666666666664
0 0.482421875 0.248046875 0.01171875 0.014322916666666666
0 0.265625 0.544921875 0.009765625 0.022135416666666668
0 0.342041015625 0.58984375 0.01025390625 0.01953125
0 0.423583984375 0.6175130208333334 0.00439453125 0.017578125
0 0.4228515625 0.7805989583333334 0.005859375 0.01953125
0 0.486572265625 0.2705078125 0.01416015625 0.033203125
0 0.477783203125 0.2620442708333333 0.01025390625 0.017578125
0 0.468017578125 0.2822265625 0.00439453125 0.026692708333333332
0 0.3466796875 0.2972005208333333 0.005859375 0.013671875
0 0.346923828125 0.5524088541666666 0.01318359375 0.022786458333333332
0 0.4091796875 0.654296875 0.0048828125 0.028645833333333332
0 0.421142578125 0.759765625 0.00341796875 0.006510416666666667
0 0.29296875 0.17578125 0.0146484375 0.02734375
0 0.421630859375 0.666015625 0.00732421875 0.022135416666666668
0 0.291748046875 0.3541666666666667 0.01123046875 0.024739583333333332
0 0.30517578125 0.173828125 0.005859375 0.029947916666666668
0 0.277099609375 0.5345052083333334 0.01123046875 0.018229166666666668
0 0.2763671875 0.515625 0.0185546875 0.0234375
0 0.2763671875 0.4778645833333333 0.0126953125 0.022135416666666668
0 0.415771484375 0.642578125 0.00634765625 0.018229166666666668
0 0.266357421875 0.4921875 0.01123046875 0.024739583333333332
0 0.425048828125 0.705078125 0.00537109375 0.024739583333333332
0 0.40966796875 0.6988932291666666 0.0048828125 0.041015625
0 0.420654296875 0.7171223958333334 0.00732421875 0.021484375
0 0.284912109375 0.3987630208333333 0.01123046875 0.014973958333333334
0 0.281494140625 0.4573567708333333 0.00927734375 0.017578125
0 0.284912109375 0.3727213541666667 0.02001953125 0.021484375
0 0.298583984375 0.37109375 0.00830078125 0.026041666666666668
0 0.474365234375 0.2770182291666667 0.00927734375 0.020182291666666668
0 0.42138671875 0.7682291666666666 0.0048828125 0.013020833333333334
0 0.54052734375 0.5696614583333334 0.001953125 0.005208333333333333
0 0.596923828125 0.3567708333333333 0.00341796875 0.013020833333333334
0 0.27685546875 0.3863932291666667 0.015625 0.024088541666666668
0 0.47314453125 0.3450520833333333 0.013671875 0.036458333333333336
0 0.52685546875 0.6917317708333334 0.0048828125 0.020182291666666668
0 0.54736328125 0.5442708333333334 0.0107421875 0.033854166666666664
0 0.522705078125 0.4554036458333333 0.00439453125 0.021484375
0 0.5419921875 0.4537760416666667 0.0126953125 0.03125
0 0.541748046875 0.4117838541666667 0.00439453125 0.008463541666666666
0 0.522216796875 0.3404947916666667 0.00439453125 0.014322916666666666
0 0.632568359375 0.994140625 0.01123046875 0.01171875
0 0.284423828125 0.042317708333333336 0.01513671875 0.02734375
0 0.60107421875 0.369140625 0.0107421875 0.03125
0 0.59814453125 0.4827473958333333 0.0048828125 0.033203125
0 0.540283203125 0.5592447916666666 0.00146484375 0.00390625
0 0.619384765625 0.4733072916666667 0.00439453125 0.01171875
0 0.6142578125 0.5270182291666666 0.0146484375 0.048828125
0 0.300537109375 0.3518880208333333 0.00634765625 0.022786458333333332
0 0.53125 0.4755859375 0.001953125 0.005859375
0 0.531982421875 0.4814453125 0.00146484375 0.005859375
0 0.472412109375 0.3199869791666667 0.01220703125 0.020182291666666668
0 0.521484375 0.3756510416666667 0.00390625 0.02734375
0 0.421142578125 0.7434895833333334 0.00732421875 0.01953125
0 0.280517578125 0.012369791666666666 0.00732421875 0.014322916666666666
0 0.468994140625 0.3076171875 0.00634765625 0.025390625
0 0.36279296875 0.2926432291666667 0.005859375 0.013671875
0 0.2705078125 0.3040364583333333 0.0048828125 0.009114583333333334
0 0.2919921875 0.3343098958333333 0.005859375 0.009765625
0 0.532958984375 0.5068359375 0.00244140625 0.007161458333333333
0 0.53173828125 0.5126953125 0.0009765625 0.004557291666666667
0 0.537109375 0.5397135416666666 0.001953125 0.005208333333333333
0 0.554931640625 0.5436197916666666 0.00146484375 0.009114583333333334
0 0.52392578125 0.5247395833333334 0.0029296875 0.015625
0 0.55419921875 0.5524088541666666 0.0009765625 0.005859375
0 0.540283203125 0.576171875 0.00146484375 0.005208333333333333
0 0.54296875 0.57421875 0.001953125 0.00390625
0 0.539794921875 0.48828125 0.00146484375 0.005208333333333333
0 0.534423828125 0.6028645833333334 0.00146484375 0.005208333333333333
0 0.53857421875 0.5869140625 0.001953125 0.005859375
0 0.540283203125 0.5458984375 0.00244140625 0.004557291666666667
0 0.2861328125 0.2874348958333333 0.013671875 0.029296875
0 0.35693359375 0.2913411458333333 0.0068359375 0.013671875
