0 0.613525390625 0.5104166666666666 0.00537109375 0.010416666666666666
0 0.353271484375 0.7425130208333334 0.00830078125 0.018880208333333332
0 0.5810546875 0.501953125 0.0068359375 0.015625
0 0.57568359375 0.4749348958333333 0.0048828125 0.016276041666666668
0 0.34375 0.697265625 0.0068359375 0.022135416666666668
0 0.2607421875 0.6829427083333334 0.005859375 0.01171875
0 0.262939453125 0.7233072916666666 0.00732421875 0.01953125
0 0.612060546875 0.5003255208333334 0.00341796875 0.007161458333333333
0 0.581298828125 0.4889322916666667 0.00634765625 0.01171875
0 0.575927734375 0.5013020833333334 0.00439453125 0.013020833333333334
0 0.61376953125 0.4889322916666667 0.005859375 0.01171875
0 0.612548828125 0.5501302083333334 0.00341796875 0.0078125
0 0.605224609375 0.4091796875 0.00439453125 0.012369791666666666
0 0.614013671875 0.5185546875 0.00537109375 0.008463541666666666
0 0.72900390625 0.4925130208333333 0.005859375 0.014973958333333334
0 0.613037109375 0.56640625 0.00439453125 0.014322916666666666
0 0.2724609375 0.7373046875 0.0068359375 0.017578125
0 0.439208984375 0.7014973958333334 0.00634765625 0.014973958333333334
0 0.4384765625 0.6031901041666666 0.0029296875 0.007161458333333333
0 0.438232421875 0.6142578125 0.00244140625 0.007161458333333333
0 0.65576171875 0.5546875 0.005859375 0.016927083333333332
0 0.654052734375 0.5003255208333334 0.00439453125 0.008463541666666666
0 0.677001953125 0.43359375 0.00439453125 0.006510416666666667
0 0.67822265625 0.4430338541666667 0.0029296875 0.005859375
0 0.681640625 0.4947916666666667 0.0029296875 0.009114583333333334
0 0.58203125 0.5436197916666666 0.001953125 0.014322916666666666
0 0.608642578125 0.4983723958333333 0.00537109375 0.014973958333333334
0 0.396240234375 0.697265625 0.00146484375 0.00390625
0 0.677001953125 0.4274088541666667 0.00244140625 0.005859375
0 0.7255859375 0.4762369791666667 0.00390625 0.007161458333333333
0 0.6064453125 0.3968098958333333 0.005859375 0.013671875
0 0.671875 0.455078125 0.001953125 0.006510416666666667
0 0.400634765625 0.7184244791666666 0.00341796875 0.013671875
0 0.681640625 0.4869791666666667 0.001953125 0.005208333333333333
