0 0.146240234375 0.5888671875 0.00537109375 0.017578125
0 0.28271484375 0.4098307291666667 0.005859375 0.018880208333333332
0 0.264892578125 0.5618489583333334 0.00341796875 0.014322916666666666
0 0.481201171875 0.2565104166666667 0.00244140625 0.010416666666666666
0 0.139892578125 0.5826822916666666 0.00830078125 0.005208333333333333
0 0.148193359375 0.3606770833333333 0.00439453125 0.0078125
0 0.1416015625 0.607421875 0.0078125 0.020833333333333332
0 0.135498046875 0.6051432291666666 0.00830078125 0.018880208333333332
0 0.123291015625 0.4934895833333333 0.00537109375 0.022135416666666668
0 0.3623046875 0.5888671875 0.0068359375 0.009765625
0 0.145751953125 0.3453776041666667 0.00927734375 0.021484375
0 0.13818359375 0.5908203125 0.0078125 0.013671875
0 0.4208984375 0.4283854166666667 0.0048828125 0.016927083333333332
0 0.352783203125 0.6695963541666666 0.00732421875 0.012369791666666666
0 0.3486328125 0.5504557291666666 0.001953125 0.008463541666666666
0 0.3486328125 0.5836588541666666 0.0029296875 0.009765625
0 0.358154296875 0.6389973958333334 0.00634765625 0.017578125
0 0.362060546875 0.6468098958333334 0.00830078125 0.016276041666666668
0 0.354736328125 0.6865234375 0.00634765625 0.013671875
0 0.434326171875 0.7135416666666666 0.00634765625 0.016927083333333332
0 0.4375 0.7086588541666666 0.005859375 0.018880208333333332
0 0.436279296875 0.6458333333333334 0.00439453125 0.013020833333333334
0 0.435302734375 0.6393229166666666 0.00341796875 0.00390625
0 0.418212890625 0.6370442708333334 0.00830078125 0.014973958333333334
0 0.41650390625 0.583984375 0.0048828125 0.01171875
0 0.35498046875 0.6103515625 0.00390625 0.011067708333333334
0 0.427978515625 0.4306640625 0.00830078125 0.020182291666666668
0 0.368408203125 0.5986328125 0.00439453125 0.016276041666666668
0 0.42529296875 0.4013671875 0.009765625 0.016276041666666668
0 0.289306640625 0.4391276041666667 0.00244140625 0.004557291666666667
0 0.502685546875 0.837890625 0.00732421875 0.020833333333333332
0 0.34814453125 0.4921875 0.001953125 0.010416666666666666
0 0.34814453125 0.5244140625 0.001953125 0.008463541666666666
0 0.11669921875 0.5947265625 0.005859375 0.027994791666666668
0 0.421142578125 0.36328125 0.00927734375 0.020833333333333332
0 0.4814453125 0.2740885416666667 0.00390625 0.015625
0 0.49560546875 0.3603515625 0.005859375 0.016276041666666668
0 0.491455078125 0.35546875 0.00244140625 0.006510416666666667
0 0.495361328125 0.3782552083333333 0.00537109375 0.01171875
0 0.4990234375 0.4052734375 0.0048828125 0.008463541666666666
0 0.484619140625 0.4114583333333333 0.00537109375 0.01953125
0 0.483154296875 0.451171875 0.00341796875 0.013020833333333334
0 0.498291015625 0.7083333333333334 0.01025390625 0.01953125
0 0.497314453125 0.7799479166666666 0.00732421875 0.015625
0 0.41259765625 0.3076171875 0.0048828125 0.017578125
0 0.426025390625 0.3880208333333333 0.00927734375 0.01171875
0 0.483154296875 0.748046875 0.00244140625 0.015625
0 0.365478515625 0.669921875 0.00244140625 0.005208333333333333
0 0.2880859375 0.4775390625 0.001953125 0.005859375
0 0.347900390625 0.5133463541666666 0.00146484375 0.011067708333333334
0 0.198974609375 0.5944010416666666 0.00732421875 0.009114583333333334
0 0.199462890625 0.5657552083333334 0.00244140625 0.0078125
0 0.20947265625 0.5944010416666666 0.0029296875 0.013020833333333334
0 0.30126953125 0.4368489583333333 0.001953125 0.0078125
0 0.302734375 0.4163411458333333 0.0029296875 0.008463541666666666
0 0.295166015625 0.4091796875 0.00537109375 0.013671875
0 0.485595703125 0.8356119791666666 0.00341796875 0.009765625
0 0.495849609375 0.8352864583333334 0.00927734375 0.02734375
0 0.438232421875 0.6774088541666666 0.00244140625 0.013671875
