0 0.534912109375 0.3206380208333333 0.00146484375 0.004557291666666667
0 0.391357421875 0.3606770833333333 0.00830078125 0.01171875
0 0.39013671875 0.3427734375 0.0087890625 0.016276041666666668
0 0.38916015625 0.3209635416666667 0.009765625 0.0234375
0 0.384521484375 0.2887369791666667 0.00634765625 0.022786458333333332
0 0.464111328125 0.3668619791666667 0.00537109375 0.011067708333333334
0 0.46484375 0.3538411458333333 0.0087890625 0.013671875
0 0.469970703125 0.37890625 0.00830078125 0.01171875
0 0.536376953125 0.31640625 0.00244140625 0.009114583333333334
0 0.5390625 0.5152994791666666 0.005859375 0.021484375
0 0.53369140625 0.3880208333333333 0.0068359375 0.018229166666666668
0 0.535888671875 0.5611979166666666 0.00439453125 0.015625
0 0.534912109375 0.3297526041666667 0.00341796875 0.007161458333333333
0 0.53662109375 0.3349609375 0.0029296875 0.004557291666666667
0 0.535888671875 0.3642578125 0.00537109375 0.008463541666666666
0 0.538330078125 0.3277994791666667 0.00146484375 0.004557291666666667
0 0.4697265625 0.2893880208333333 0.0068359375 0.014973958333333334
0 0.537841796875 0.357421875 0.00439453125 0.009114583333333334
0 0.390380859375 0.3704427083333333 0.00732421875 0.014322916666666666
0 0.533447265625 0.3115234375 0.00341796875 0.011067708333333334
0 0.46630859375 0.494140625 0.005859375 0.018229166666666668
0 0.53662109375 0.3388671875 0.0029296875 0.0032552083333333335
0 0.46728515625 0.603515625 0.0048828125 0.016927083333333332
0 0.472412109375 0.6276041666666666 0.00732421875 0.022135416666666668
0 0.5400390625 0.3229166666666667 0.0009765625 0.00390625
0 0.53955078125 0.3277994791666667 0.0009765625 0.004557291666666667
0 0.53466796875 0.3375651041666667 0.001953125 0.005859375
0 0.538330078125 0.3424479166666667 0.00439453125 0.014322916666666666
0 0.531494140625 0.591796875 0.00048828125 0.00390625
0 0.539794921875 0.5686848958333334 0.00146484375 0.007161458333333333
0 0.5400390625 0.5452473958333334 0.001953125 0.008463541666666666
0 0.539794921875 0.5524088541666666 0.00244140625 0.005859375
0 0.537353515625 0.5852864583333334 0.00244140625 0.005208333333333333
0 0.466552734375 0.3704427083333333 0.00537109375 0.009114583333333334
0 0.46484375 0.3863932291666667 0.0048828125 0.013671875
0 0.475341796875 0.4544270833333333 0.00537109375 0.014322916666666666
0 0.537109375 0.3248697916666667 0.001953125 0.00390625
0 0.39501953125 0.3014322916666667 0.00390625 0.015625
0 0.4736328125 0.478515625 0.0068359375 0.026041666666666668
0 0.538818359375 0.5794270833333334 0.00244140625 0.005208333333333333
0 0.39453125 0.2805989583333333 0.0068359375 0.01953125
0 0.531982421875 0.3216145833333333 0.00146484375 0.00390625
0 0.53271484375 0.3196614583333333 0.001953125 0.00390625
