0 0.2939453125 0.4293619791666667 0.0078125 0.016276041666666668
0 0.373779296875 0.6490885416666666 0.01025390625 0.020833333333333332
0 0.303466796875 0.3333333333333333 0.00439453125 0.015625
0 0.304443359375 0.3430989583333333 0.00537109375 0.010416666666666666
0 0.3154296875 0.2835286458333333 0.009765625 0.017578125
0 0.3193359375 0.2604166666666667 0.0087890625 0.013020833333333334
0 0.3017578125 0.3844401041666667 0.009765625 0.016276041666666668
0 0.3056640625 0.3935546875 0.0087890625 0.012369791666666666
0 0.3037109375 0.4036458333333333 0.005859375 0.010416666666666666
0 0.286865234375 0.4482421875 0.00439453125 0.013671875
0 0.370361328125 0.6139322916666666 0.00439453125 0.0078125
0 0.279541015625 0.4840494791666667 0.00439453125 0.017578125
0 0.371337890625 0.6591796875 0.01220703125 0.026692708333333332
0 0.30712890625 0.4072265625 0.005859375 0.014973958333333334
0 0.37744140625 0.6334635416666666 0.0048828125 0.01171875
0 0.2841796875 0.4573567708333333 0.0029296875 0.009765625
0 0.288330078125 0.4840494791666667 0.00146484375 0.005859375
0 0.300537109375 0.4521484375 0.00146484375 0.004557291666666667
0 0.308349609375 0.3291015625 0.00341796875 0.008463541666666666
0 0.37353515625 0.5677083333333334 0.001953125 0.005208333333333333
0 0.2841796875 0.4723307291666667 0.005859375 0.017578125
