0 0.519775390625 0.4078776041666667 0.00439453125 0.014973958333333334
0 0.534912109375 0.3444010416666667 0.00244140625 0.009114583333333334
0 0.5439453125 0.3190104166666667 0.0029296875 0.005208333333333333
0 0.54638671875 0.3138020833333333 0.00390625 0.010416666666666666
0 0.442138671875 0.4241536458333333 0.01806640625 0.018880208333333332
0 0.450439453125 0.3883463541666667 0.00732421875 0.020182291666666668
0 0.461181640625 0.3388671875 0.00634765625 0.020182291666666668
0 0.431884765625 0.36328125 0.00341796875 0.02734375
0 0.326416015625 0.47265625 0.00439453125 0.010416666666666666
0 0.459716796875 0.5472005208333334 0.00244140625 0.012369791666666666
0 0.177001953125 0.5852864583333334 0.00927734375 0.015625
0 0.53466796875 0.24251302083333334 0.017578125 0.035807291666666664
0 0.53271484375 0.3017578125 0.013671875 0.024088541666666668
0 0.517578125 0.443359375 0.00390625 0.013020833333333334
0 0.5361328125 0.3291015625 0.0068359375 0.014973958333333334
0 0.532958984375 0.3229166666666667 0.00830078125 0.018229166666666668
0 0.523193359375 0.3138020833333333 0.00634765625 0.0078125
0 0.54296875 0.3349609375 0.0068359375 0.024088541666666668
0 0.540771484375 0.310546875 0.00341796875 0.0078125
0 0.53271484375 0.271484375 0.013671875 0.02734375
0 0.543212890625 0.2659505208333333 0.00634765625 0.025390625
0 0.5400390625 0.2692057291666667 0.0068359375 0.012369791666666666
0 0.546142578125 0.298828125 0.00341796875 0.014322916666666666
0 0.532958984375 0.3802083333333333 0.01416015625 0.02734375
0 0.52197265625 0.302734375 0.0029296875 0.006510416666666667
0 0.524169921875 0.3297526041666667 0.01123046875 0.022786458333333332
0 0.31591796875 0.44921875 0.001953125 0.0078125
0 0.18505859375 0.4505208333333333 0.009765625 0.013020833333333334
0 0.521728515625 0.3922526041666667 0.00537109375 0.011067708333333334
0 0.304931640625 0.5244140625 0.00537109375 0.024088541666666668
0 0.305419921875 0.4986979166666667 0.00634765625 0.024739583333333332
0 0.326171875 0.4300130208333333 0.005859375 0.020182291666666668
0 0.322509765625 0.4052734375 0.00927734375 0.024088541666666668
0 0.453369140625 0.3623046875 0.01708984375 0.038411458333333336
0 0.45068359375 0.3255208333333333 0.0185546875 0.028645833333333332
0 0.442138671875 0.3349609375 0.02001953125 0.033203125
0 0.441162109375 0.3206380208333333 0.00927734375 0.016276041666666668
0 0.451416015625 0.4495442708333333 0.00927734375 0.026692708333333332
0 0.320068359375 0.4228515625 0.00634765625 0.016276041666666668
0 0.320068359375 0.5579427083333334 0.01611328125 0.029947916666666668
0 0.3349609375 0.6520182291666666 0.0068359375 0.021484375
0 0.458740234375 0.4029947916666667 0.01025390625 0.0390625
0 0.336181640625 0.6780598958333334 0.00439453125 0.021484375
0 0.5126953125 0.5462239583333334 0.0048828125 0.026041666666666668
0 0.325439453125 0.6129557291666666 0.01416015625 0.026692708333333332
0 0.4404296875 0.4622395833333333 0.0107421875 0.02734375
0 0.1826171875 0.5201822916666666 0.0078125 0.018229166666666668
0 0.1884765625 0.5201822916666666 0.0068359375 0.014322916666666666
0 0.18359375 0.5572916666666666 0.0048828125 0.014322916666666666
0 0.319580078125 0.5904947916666666 0.01708984375 0.03125
0 0.542236328125 0.3557942708333333 0.00927734375 0.025390625
0 0.186767578125 0.4684244791666667 0.00830078125 0.009765625
0 0.18798828125 0.4847005208333333 0.0126953125 0.024088541666666668
0 0.185302734375 0.4938151041666667 0.02001953125 0.034505208333333336
0 0.189697265625 0.4840494791666667 0.01318359375 0.013671875
