0 0.441162109375 0.2877604166666667 0.00244140625 0.0078125
0 0.1884765625 0.5677083333333334 0.001953125 0.0078125
0 0.189208984375 0.5289713541666666 0.00439453125 0.012369791666666666
0 0.20263671875 0.5055338541666666 0.0029296875 0.008463541666666666
0 0.42578125 0.2545572916666667 0.0048828125 0.014322916666666666
0 0.277099609375 0.37109375 0.00634765625 0.01171875
0 0.44189453125 0.2607421875 0.00390625 0.013671875
0 0.2734375 0.3863932291666667 0.0029296875 0.008463541666666666
0 0.432373046875 0.2548828125 0.00634765625 0.014973958333333334
0 0.273681640625 0.6087239583333334 0.00634765625 0.013020833333333334
0 0.4326171875 0.3017578125 0.005859375 0.020182291666666668
0 0.422607421875 0.2939453125 0.00634765625 0.018880208333333332
0 0.437744140625 0.2819010416666667 0.00537109375 0.013020833333333334
0 0.188720703125 0.5094401041666666 0.00341796875 0.007161458333333333
0 0.20947265625 0.462890625 0.0029296875 0.010416666666666666
0 0.4130859375 0.279296875 0.0048828125 0.01171875
