0 0.63427734375 0.4007161458333333 0.0107421875 0.016276041666666668
0 0.642333984375 0.3525390625 0.01611328125 0.029296875
0 0.23876953125 0.5797526041666666 0.0078125 0.017578125
0 0.26953125 0.7190755208333334 0.0078125 0.020182291666666668
0 0.227294921875 0.501953125 0.00634765625 0.028645833333333332
0 0.22509765625 0.623046875 0.0068359375 0.024739583333333332
0 0.626708984375 0.4951171875 0.00439453125 0.012369791666666666
0 0.245849609375 0.4290364583333333 0.01220703125 0.02734375
0 0.6201171875 0.5589192708333334 0.0107421875 0.022786458333333332
0 0.639892578125 0.3863932291666667 0.01513671875 0.037109375
0 0.635009765625 0.3277994791666667 0.00439453125 0.011067708333333334
0 0.63232421875 0.3450520833333333 0.0048828125 0.009114583333333334
0 0.62890625 0.3505859375 0.0048828125 0.011067708333333334
0 0.6416015625 0.3102213541666667 0.0087890625 0.011067708333333334
0 0.23291015625 0.654296875 0.0048828125 0.014322916666666666
0 0.240966796875 0.6585286458333334 0.00927734375 0.022786458333333332
0 0.2412109375 0.5546875 0.01171875 0.02734375
0 0.243408203125 0.5169270833333334 0.01220703125 0.028645833333333332
0 0.225830078125 0.6673177083333334 0.00439453125 0.020833333333333332
