0 0.690673828125 0.5182291666666666 0.01025390625 0.01953125
0 0.69873046875 0.5126953125 0.009765625 0.013671875
0 0.692626953125 0.5081380208333334 0.01025390625 0.017578125
0 0.67578125 0.3974609375 0.0087890625 0.022786458333333332
0 0.700927734375 0.3678385416666667 0.01416015625 0.033854166666666664
0 0.778564453125 0.4508463541666667 0.01513671875 0.017578125
0 0.754638671875 0.21842447916666666 0.01123046875 0.043619791666666664
0 0.7666015625 0.3108723958333333 0.0107421875 0.024088541666666668
0 0.7705078125 0.3616536458333333 0.01171875 0.027994791666666668
0 0.77392578125 0.4088541666666667 0.0087890625 0.018229166666666668
0 0.802490234375 0.4661458333333333 0.00927734375 0.01953125
0 0.693115234375 0.40234375 0.01123046875 0.01953125
0 0.34228515625 0.4251302083333333 0.013671875 0.03125
0 0.69287109375 0.4921875 0.009765625 0.018229166666666668
0 0.691650390625 0.2503255208333333 0.00537109375 0.021484375
0 0.701416015625 0.6442057291666666 0.00634765625 0.025390625
0 0.39208984375 0.4069010416666667 0.0087890625 0.015625
0 0.392822265625 0.3942057291666667 0.00830078125 0.011067708333333334
0 0.4033203125 0.3434244791666667 0.0087890625 0.017578125
0 0.38916015625 0.3382161458333333 0.0078125 0.024088541666666668
0 0.336181640625 0.4296875 0.00537109375 0.02734375
0 0.351806640625 0.4244791666666667 0.01025390625 0.026041666666666668
0 0.349853515625 0.4039713541666667 0.01416015625 0.021484375
0 0.341552734375 0.3974609375 0.00927734375 0.026692708333333332
0 0.28662109375 0.5237630208333334 0.0107421875 0.022786458333333332
0 0.711669921875 0.4938151041666667 0.01904296875 0.026692708333333332
0 0.802978515625 0.4453125 0.01123046875 0.015625
0 0.68115234375 0.4521484375 0.0078125 0.022786458333333332
0 0.60498046875 0.5849609375 0.01171875 0.031901041666666664
0 0.778076171875 0.4264322916666667 0.01806640625 0.014322916666666666
0 0.513427734375 0.4365234375 0.00732421875 0.030598958333333332
0 0.42724609375 0.6930338541666666 0.0068359375 0.017578125
0 0.6259765625 0.4567057291666667 0.0126953125 0.027994791666666668
0 0.429443359375 0.7093098958333334 0.00634765625 0.018880208333333332
0 0.43017578125 0.74609375 0.0048828125 0.026041666666666668
0 0.3974609375 0.7275390625 0.00390625 0.016276041666666668
0 0.622314453125 0.24772135416666666 0.01123046875 0.024088541666666668
0 0.6279296875 0.2669270833333333 0.015625 0.036458333333333336
0 0.616943359375 0.4527994791666667 0.01123046875 0.029296875
0 0.51171875 0.375 0.0107421875 0.018229166666666668
0 0.6201171875 0.4957682291666667 0.0087890625 0.020182291666666668
0 0.811767578125 0.8639322916666666 0.01611328125 0.0234375
0 0.405517578125 0.65234375 0.00732421875 0.01953125
0 0.78076171875 0.4371744791666667 0.01953125 0.014973958333333334
0 0.42529296875 0.6458333333333334 0.0068359375 0.020833333333333332
0 0.398681640625 0.6985677083333334 0.00732421875 0.028645833333333332
0 0.407470703125 0.6708984375 0.00634765625 0.012369791666666666
0 0.40576171875 0.6865234375 0.0087890625 0.017578125
0 0.39892578125 0.5628255208333334 0.0068359375 0.017578125
0 0.4228515625 0.7115885416666666 0.0087890625 0.020833333333333332
0 0.792236328125 0.5403645833333334 0.01318359375 0.024739583333333332
0 0.806640625 0.5524088541666666 0.0078125 0.031901041666666664
0 0.7939453125 0.6103515625 0.015625 0.029296875
0 0.81201171875 0.6038411458333334 0.0078125 0.031901041666666664
0 0.8056640625 0.5953776041666666 0.0087890625 0.027994791666666668
0 0.813232421875 0.6516927083333334 0.00927734375 0.032552083333333336
0 0.78369140625 0.6643880208333334 0.0146484375 0.025390625
0 0.396484375 0.6279296875 0.005859375 0.021484375
0 0.39599609375 0.6790364583333334 0.0048828125 0.014322916666666666
0 0.818115234375 0.8567708333333334 0.01123046875 0.018229166666666668
0 0.3974609375 0.5065104166666666 0.0068359375 0.018229166666666668
0 0.394775390625 0.5940755208333334 0.00244140625 0.008463541666666666
0 0.668212890625 0.3427734375 0.00244140625 0.011067708333333334
0 0.66552734375 0.326171875 0.0048828125 0.018229166666666668
0 0.6796875 0.2926432291666667 0.0078125 0.016276041666666668
0 0.510986328125 0.3489583333333333 0.02001953125 0.036458333333333336
0 0.678955078125 0.3717447916666667 0.01416015625 0.03125
0 0.69287109375 0.3811848958333333 0.013671875 0.022786458333333332
0 0.68212890625 0.47265625 0.00390625 0.014322916666666666
0 0.6875 0.4677734375 0.0078125 0.020182291666666668
0 0.76123046875 0.1748046875 0.013671875 0.021484375
0 0.710205078125 0.5546875 0.00927734375 0.014322916666666666
0 0.767333984375 0.1767578125 0.01123046875 0.017578125
0 0.721923828125 0.5501302083333334 0.00341796875 0.01171875
0 0.401611328125 0.6018880208333334 0.00439453125 0.012369791666666666
0 0.62939453125 0.3753255208333333 0.0107421875 0.027994791666666668
0 0.622802734375 0.53125 0.00732421875 0.01953125
0 0.69921875 0.5338541666666666 0.0029296875 0.009114583333333334
0 0.701904296875 0.5374348958333334 0.00537109375 0.008463541666666666
0 0.710693359375 0.5380859375 0.00244140625 0.008463541666666666
0 0.71923828125 0.6995442708333334 0.0087890625 0.022786458333333332
0 0.82177734375 0.9446614583333334 0.009765625 0.01953125
0 0.7119140625 0.6637369791666666 0.0087890625 0.021484375
0 0.6982421875 0.6175130208333334 0.00390625 0.011067708333333334
0 0.71923828125 0.5979817708333334 0.0068359375 0.016276041666666668
0 0.814697265625 0.6907552083333334 0.00732421875 0.033854166666666664
0 0.728271484375 0.578125 0.00341796875 0.010416666666666666
0 0.823974609375 0.91796875 0.00634765625 0.018229166666666668
0 0.60595703125 0.388671875 0.0029296875 0.020833333333333332
0 0.672607421875 0.3736979166666667 0.00537109375 0.015625
0 0.668212890625 0.3567708333333333 0.00244140625 0.014322916666666666
0 0.6044921875 0.8121744791666666 0.0068359375 0.012369791666666666
0 0.39599609375 0.5774739583333334 0.00390625 0.01171875
0 0.41552734375 0.611328125 0.001953125 0.006510416666666667
0 0.3916015625 0.3717447916666667 0.009765625 0.018229166666666668
0 0.394775390625 0.4345703125 0.00634765625 0.017578125
0 0.68701171875 0.4521484375 0.0068359375 0.012369791666666666
0 0.39697265625 0.4606119791666667 0.009765625 0.020182291666666668
0 0.52294921875 0.18196614583333334 0.0107421875 0.030598958333333332
0 0.411865234375 0.5784505208333334 0.00830078125 0.017578125
0 0.400634765625 0.6611328125 0.00634765625 0.008463541666666666
0 0.50341796875 0.3779296875 0.009765625 0.011067708333333334
0 0.52294921875 0.3528645833333333 0.0068359375 0.020833333333333332
0 0.68798828125 0.419921875 0.015625 0.02734375
0 0.509033203125 0.4602864583333333 0.00830078125 0.0234375
0 0.531494140625 0.2916666666666667 0.00341796875 0.022135416666666668
0 0.395751953125 0.4886067708333333 0.00830078125 0.011067708333333334
0 0.8056640625 0.529296875 0.00390625 0.006510416666666667
0 0.79736328125 0.5615234375 0.0078125 0.012369791666666666
0 0.790771484375 0.5205078125 0.00830078125 0.009765625
0 0.404052734375 0.5328776041666666 0.01220703125 0.016276041666666668
0 0.410400390625 0.5201822916666666 0.00341796875 0.009114583333333334
0 0.42626953125 0.5833333333333334 0.0029296875 0.0234375
0 0.62744140625 0.3971354166666667 0.009765625 0.032552083333333336
0 0.402099609375 0.3626302083333333 0.01416015625 0.022135416666666668
0 0.403076171875 0.3821614583333333 0.01318359375 0.026041666666666668
0 0.400390625 0.3994140625 0.0107421875 0.024088541666666668
0 0.395751953125 0.4759114583333333 0.00927734375 0.015625
0 0.40576171875 0.4755859375 0.005859375 0.014973958333333334
0 0.418212890625 0.6087239583333334 0.00244140625 0.0078125
