0 0.697509765625 0.3876953125 0.00634765625 0.004557291666666667
0 0.489501953125 0.5618489583333334 0.01025390625 0.00390625
0 0.48974609375 0.5511067708333334 0.0205078125 0.013671875
0 0.611328125 0.3880208333333333 0.00390625 0.00390625
0 0.747314453125 0.4817708333333333 0.00439453125 0.0026041666666666665
0 0.57763671875 0.4645182291666667 0.0078125 0.001953125
0 0.607177734375 0.392578125 0.00244140625 0.0026041666666666665
0 0.671875 0.4850260416666667 0.0146484375 0.006510416666666667
0 0.5361328125 0.6474609375 0.009765625 0.007161458333333333
0 0.62158203125 0.3876953125 0.005859375 0.004557291666666667
0 0.562744140625 0.662109375 0.01220703125 0.006510416666666667
0 0.558349609375 0.65625 0.01123046875 0.0078125
0 0.7099609375 0.3902994791666667 0.005859375 0.0032552083333333335
0 0.513427734375 0.6458333333333334 0.01318359375 0.01171875
0 0.505615234375 0.6591796875 0.01318359375 0.008463541666666666
0 0.42724609375 0.6448567708333334 0.015625 0.009765625
0 0.41748046875 0.6354166666666666 0.01171875 0.00390625
0 0.630859375 0.3850911458333333 0.0029296875 0.001953125
0 0.50390625 0.5361328125 0.0087890625 0.005859375
0 0.754638671875 0.56640625 0.00439453125 0.0026041666666666665
0 0.739013671875 0.4798177083333333 0.00732421875 0.005208333333333333
0 0.404541015625 0.6471354166666666 0.01416015625 0.010416666666666666
0 0.514892578125 0.5511067708333334 0.00927734375 0.008463541666666666
0 0.62451171875 0.552734375 0.0107421875 0.009114583333333334
0 0.533935546875 0.5602213541666666 0.00537109375 0.007161458333333333
0 0.53955078125 0.537109375 0.0087890625 0.005208333333333333
0 0.57470703125 0.5384114583333334 0.005859375 0.005208333333333333
0 0.590576171875 0.5641276041666666 0.01025390625 0.004557291666666667
0 0.608154296875 0.5569661458333334 0.00244140625 0.0032552083333333335
0 0.59912109375 0.5498046875 0.0087890625 0.007161458333333333
0 0.615478515625 0.5540364583333334 0.00439453125 0.009114583333333334
0 0.70849609375 0.5540364583333334 0.0068359375 0.006510416666666667
0 0.639404296875 0.5550130208333334 0.01220703125 0.011067708333333334
0 0.6494140625 0.5582682291666666 0.0107421875 0.007161458333333333
0 0.7138671875 0.5660807291666666 0.0048828125 0.0032552083333333335
0 0.720458984375 0.5654296875 0.00830078125 0.004557291666666667
0 0.720703125 0.556640625 0.00390625 0.006510416666666667
0 0.7724609375 0.48046875 0.0048828125 0.0026041666666666665
0 0.50537109375 0.5615234375 0.0078125 0.005859375
0 0.49267578125 0.5358072916666666 0.009765625 0.00390625
0 0.70166015625 0.390625 0.005859375 0.00390625
0 0.621826171875 0.3919270833333333 0.00634765625 0.00390625
0 0.650634765625 0.3981119791666667 0.00537109375 0.0032552083333333335
0 0.667236328125 0.3958333333333333 0.00341796875 0.0026041666666666665
0 0.663818359375 0.3896484375 0.00341796875 0.001953125
0 0.67333984375 0.3961588541666667 0.005859375 0.0032552083333333335
0 0.61669921875 0.3968098958333333 0.0068359375 0.004557291666666667
0 0.659423828125 0.3863932291666667 0.00537109375 0.0032552083333333335
0 0.657958984375 0.388671875 0.00634765625 0.005208333333333333
0 0.5908203125 0.3909505208333333 0.0068359375 0.007161458333333333
0 0.64697265625 0.390625 0.0078125 0.005208333333333333
0 0.596435546875 0.3919270833333333 0.00634765625 0.005208333333333333
0 0.582763671875 0.3922526041666667 0.01123046875 0.007161458333333333
0 0.572021484375 0.39453125 0.00341796875 0.005208333333333333
0 0.567626953125 0.3932291666666667 0.00537109375 0.006510416666666667
0 0.63916015625 0.3977864583333333 0.0068359375 0.00390625
0 0.641845703125 0.3935546875 0.00634765625 0.004557291666666667
0 0.6435546875 0.3860677083333333 0.005859375 0.00390625
0 0.68896484375 0.3955078125 0.0048828125 0.004557291666666667
0 0.686279296875 0.3990885416666667 0.00634765625 0.0026041666666666665
0 0.634521484375 0.3899739583333333 0.00634765625 0.005208333333333333
0 0.59375 0.3850911458333333 0.013671875 0.007161458333333333
0 0.69091796875 0.3909505208333333 0.0068359375 0.004557291666666667
0 0.612548828125 0.3955078125 0.00634765625 0.004557291666666667
0 0.60302734375 0.4703776041666667 0.0068359375 0.0032552083333333335
0 0.637939453125 0.3098958333333333 0.00732421875 0.006510416666666667
0 0.66796875 0.3177083333333333 0.005859375 0.0026041666666666665
0 0.6318359375 0.3082682291666667 0.005859375 0.004557291666666667
0 0.61962890625 0.3095703125 0.00390625 0.004557291666666667
0 0.628173828125 0.3063151041666667 0.00439453125 0.001953125
0 0.53369140625 0.3232421875 0.0078125 0.004557291666666667
0 0.617919921875 0.4729817708333333 0.01806640625 0.009765625
0 0.65185546875 0.30859375 0.0126953125 0.005208333333333333
0 0.627197265625 0.3912760416666667 0.00537109375 0.006510416666666667
0 0.54248046875 0.4697265625 0.0078125 0.007161458333333333
0 0.53369140625 0.4664713541666667 0.0087890625 0.004557291666666667
0 0.526123046875 0.4703776041666667 0.01220703125 0.009765625
0 0.47900390625 0.4654947916666667 0.0068359375 0.005208333333333333
0 0.728515625 0.4798177083333333 0.0048828125 0.00390625
0 0.681396484375 0.396484375 0.00537109375 0.00390625
0 0.60107421875 0.4759114583333333 0.0078125 0.006510416666666667
