0 0.299072265625 0.7307942708333334 0.00341796875 0.011067708333333334
0 0.313232421875 0.5823567708333334 0.00634765625 0.014973958333333334
0 0.306640625 0.591796875 0.00390625 0.014322916666666666
0 0.31201171875 0.5693359375 0.0048828125 0.011067708333333334
0 0.545654296875 0.3528645833333333 0.00341796875 0.006510416666666667
0 0.32568359375 0.4928385416666667 0.0048828125 0.01953125
0 0.31591796875 0.5475260416666666 0.00390625 0.013020833333333334
0 0.387939453125 0.7666015625 0.00439453125 0.014973958333333334
0 0.154296875 0.6341145833333334 0.0068359375 0.010416666666666666
0 0.549072265625 0.8785807291666666 0.00341796875 0.013671875
0 0.3193359375 0.5504557291666666 0.0048828125 0.011067708333333334
0 0.317138671875 0.5319010416666666 0.01611328125 0.022135416666666668
0 0.5458984375 0.3518880208333333 0.0029296875 0.011067708333333334
0 0.533935546875 0.3968098958333333 0.00244140625 0.005859375
0 0.536865234375 0.5179036458333334 0.00439453125 0.008463541666666666
0 0.550537109375 0.9407552083333334 0.00146484375 0.005208333333333333
0 0.54931640625 0.7337239583333334 0.001953125 0.006510416666666667
0 0.550537109375 0.6897786458333334 0.00146484375 0.004557291666666667
0 0.548828125 0.5465494791666666 0.0009765625 0.0032552083333333335
0 0.550048828125 0.5439453125 0.00146484375 0.004557291666666667
0 0.539306640625 0.408203125 0.00341796875 0.010416666666666666
0 0.54443359375 0.3766276041666667 0.00390625 0.009765625
0 0.546142578125 0.3421223958333333 0.00146484375 0.009765625
0 0.544921875 0.8688151041666666 0.00390625 0.008463541666666666
0 0.53759765625 0.5123697916666666 0.005859375 0.005208333333333333
0 0.543212890625 0.8740234375 0.00341796875 0.008463541666666666
0 0.392578125 0.7317708333333334 0.0087890625 0.010416666666666666
0 0.54541015625 0.84375 0.0029296875 0.009114583333333334
0 0.5458984375 0.8785807291666666 0.0029296875 0.009765625
0 0.53857421875 0.4993489583333333 0.0029296875 0.00390625
0 0.535400390625 0.470703125 0.00439453125 0.009114583333333334
0 0.547119140625 0.4541015625 0.00341796875 0.008463541666666666
0 0.53076171875 0.3932291666666667 0.00390625 0.013020833333333334
0 0.532958984375 0.4055989583333333 0.00439453125 0.010416666666666666
0 0.53173828125 0.2958984375 0.00390625 0.009765625
0 0.5361328125 0.380859375 0.0029296875 0.006510416666666667
0 0.40771484375 0.64453125 0.0068359375 0.013020833333333334
0 0.404052734375 0.6520182291666666 0.00146484375 0.004557291666666667
0 0.389404296875 0.7473958333333334 0.00537109375 0.016927083333333332
0 0.3115234375 0.6461588541666666 0.0068359375 0.012369791666666666
0 0.530029296875 0.2659505208333333 0.00244140625 0.007161458333333333
0 0.299072265625 0.7591145833333334 0.00537109375 0.01171875
0 0.5498046875 0.6526692708333334 0.0048828125 0.011067708333333334
0 0.315673828125 0.498046875 0.00634765625 0.015625
0 0.549072265625 0.66796875 0.00244140625 0.01171875
0 0.237060546875 0.466796875 0.00439453125 0.018229166666666668
0 0.15380859375 0.6438802083333334 0.005859375 0.010416666666666666
0 0.542724609375 0.5224609375 0.00439453125 0.011067708333333334
0 0.541259765625 0.5094401041666666 0.00341796875 0.001953125
0 0.405029296875 0.6184895833333334 0.00341796875 0.0078125
0 0.394775390625 0.6842447916666666 0.00146484375 0.006510416666666667
0 0.3984375 0.6559244791666666 0.00390625 0.007161458333333333
0 0.229736328125 0.5221354166666666 0.00244140625 0.013020833333333334
