0 0.313720703125 0.5260416666666666 0.00244140625 0.005208333333333333
0 0.379638671875 0.5257161458333334 0.00341796875 0.012369791666666666
0 0.369140625 0.5068359375 0.001953125 0.004557291666666667
0 0.3671875 0.349609375 0.001953125 0.005208333333333333
0 0.5498046875 0.4778645833333333 0.0087890625 0.016927083333333332
0 0.55810546875 0.5091145833333334 0.0107421875 0.01171875
0 0.732177734375 0.6429036458333334 0.00634765625 0.016276041666666668
0 0.556640625 0.4593098958333333 0.0048828125 0.007161458333333333
0 0.378173828125 0.65625 0.00341796875 0.00390625
0 0.5458984375 0.5048828125 0.00390625 0.018880208333333332
0 0.722900390625 0.5706380208333334 0.00927734375 0.013671875
0 0.54736328125 0.5794270833333334 0.00390625 0.014322916666666666
0 0.466552734375 0.6263020833333334 0.00244140625 0.009114583333333334
0 0.56201171875 0.5472005208333334 0.005859375 0.018880208333333332
0 0.550048828125 0.568359375 0.00634765625 0.01953125
0 0.726318359375 0.4749348958333333 0.00439453125 0.016276041666666668
0 0.72265625 0.5348307291666666 0.0107421875 0.017578125
0 0.730712890625 0.5595703125 0.00732421875 0.025390625
0 0.726806640625 0.578125 0.01025390625 0.016927083333333332
0 0.662841796875 0.3681640625 0.00439453125 0.026692708333333332
0 0.565185546875 0.5029296875 0.00244140625 0.011067708333333334
0 0.38330078125 0.3756510416666667 0.001953125 0.01171875
0 0.5615234375 0.5169270833333334 0.0068359375 0.013020833333333334
0 0.311279296875 0.5052083333333334 0.00439453125 0.0078125
0 0.558837890625 0.5341796875 0.00927734375 0.018880208333333332
0 0.36669921875 0.3932291666666667 0.0029296875 0.020833333333333332
0 0.383544921875 0.5276692708333334 0.00341796875 0.012369791666666666
0 0.54736328125 0.5940755208333334 0.0029296875 0.014973958333333334
0 0.5537109375 0.5237630208333334 0.01171875 0.016276041666666668
0 0.562744140625 0.5751953125 0.00732421875 0.021484375
0 0.556640625 0.560546875 0.009765625 0.01953125
0 0.5478515625 0.5445963541666666 0.005859375 0.021484375
0 0.374755859375 0.427734375 0.01123046875 0.014322916666666666
0 0.55419921875 0.5846354166666666 0.0068359375 0.014322916666666666
0 0.376220703125 0.4052734375 0.01025390625 0.011067708333333334
0 0.37158203125 0.4915364583333333 0.0078125 0.013020833333333334
0 0.372802734375 0.4143880208333333 0.01220703125 0.022786458333333332
0 0.31298828125 0.4993489583333333 0.00390625 0.006510416666666667
0 0.313232421875 0.4879557291666667 0.00244140625 0.008463541666666666
0 0.312255859375 0.4801432291666667 0.00244140625 0.004557291666666667
0 0.317626953125 0.5120442708333334 0.00537109375 0.016276041666666668
0 0.31298828125 0.4537760416666667 0.0048828125 0.015625
0 0.31787109375 0.4348958333333333 0.0048828125 0.013020833333333334
0 0.369873046875 0.3619791666666667 0.00634765625 0.022135416666666668
0 0.316162109375 0.482421875 0.00244140625 0.00390625
