0 0.192138671875 0.5035807291666666 0.01416015625 0.025390625
0 0.176513671875 0.11881510416666667 0.00927734375 0.037109375
0 0.215087890625 0.2809244791666667 0.00927734375 0.039713541666666664
0 0.207275390625 0.4065755208333333 0.01904296875 0.029296875
0 0.212158203125 0.3225911458333333 0.01025390625 0.039713541666666664
0 0.2041015625 0.4309895833333333 0.0224609375 0.03125
0 0.4462890625 0.6233723958333334 0.0224609375 0.048828125
0 0.197265625 0.5286458333333334 0.0234375 0.033854166666666664
0 0.208251953125 0.4850260416666667 0.01611328125 0.022135416666666668
0 0.44287109375 0.6624348958333334 0.017578125 0.029296875
0 0.458251953125 0.6614583333333334 0.01025390625 0.028645833333333332
0 0.20849609375 0.4563802083333333 0.0146484375 0.0234375
