0 0.409912109375 0.6201171875 0.00244140625 0.004557291666666667
0 0.406005859375 0.6533203125 0.00146484375 0.004557291666666667
0 0.404052734375 0.6643880208333334 0.00146484375 0.004557291666666667
0 0.27685546875 0.3014322916666667 0.0068359375 0.022135416666666668
0 0.40478515625 0.6878255208333334 0.001953125 0.0032552083333333335
0 0.33447265625 0.6614583333333334 0.0087890625 0.015625
0 0.33447265625 0.6702473958333334 0.0087890625 0.014973958333333334
0 0.330322265625 0.66015625 0.00341796875 0.010416666666666666
0 0.328125 0.666015625 0.001953125 0.005208333333333333
0 0.40234375 0.7255859375 0.0009765625 0.0032552083333333335
0 0.40771484375 0.8050130208333334 0.0078125 0.016276041666666668
0 0.400146484375 0.7278645833333334 0.00048828125 0.0026041666666666665
0 0.4033203125 0.7135416666666666 0.0009765625 0.0026041666666666665
0 0.40380859375 0.7158203125 0.001953125 0.0032552083333333335
0 0.40185546875 0.7106119791666666 0.0009765625 0.001953125
0 0.4013671875 0.701171875 0.0009765625 0.00390625
0 0.4052734375 0.6790364583333334 0.0029296875 0.005208333333333333
0 0.481201171875 0.3841145833333333 0.00439453125 0.013020833333333334
0 0.411865234375 0.7890625 0.00537109375 0.018229166666666668
0 0.619873046875 0.6819661458333334 0.00927734375 0.009765625
0 0.614013671875 0.46875 0.00830078125 0.018229166666666668
0 0.53173828125 0.4873046875 0.00390625 0.014973958333333334
0 0.423828125 0.4830729166666667 0.00390625 0.016927083333333332
0 0.4130859375 0.3994140625 0.005859375 0.009765625
0 0.40380859375 0.6715494791666666 0.001953125 0.005859375
0 0.475341796875 0.4319661458333333 0.00244140625 0.012369791666666666
0 0.485107421875 0.3922526041666667 0.00341796875 0.008463541666666666
0 0.485595703125 0.404296875 0.00341796875 0.009114583333333334
0 0.479248046875 0.4029947916666667 0.00341796875 0.0078125
0 0.4716796875 0.3955078125 0.001953125 0.007161458333333333
0 0.473388671875 0.4000651041666667 0.00244140625 0.008463541666666666
0 0.471435546875 0.4072265625 0.00244140625 0.011067708333333334
0 0.481201171875 0.421875 0.00732421875 0.010416666666666666
0 0.481201171875 0.43359375 0.00732421875 0.016927083333333332
0 0.470703125 0.4267578125 0.00390625 0.011067708333333334
0 0.607177734375 0.6402994791666666 0.00634765625 0.016276041666666668
0 0.47021484375 0.4358723958333333 0.00390625 0.011067708333333334
0 0.53369140625 0.3782552083333333 0.0078125 0.018229166666666668
0 0.535400390625 0.3958333333333333 0.00830078125 0.016927083333333332
0 0.5478515625 0.3206380208333333 0.00390625 0.018880208333333332
0 0.516357421875 0.045247395833333336 0.00732421875 0.020182291666666668
0 0.53466796875 0.6708984375 0.0068359375 0.009765625
0 0.615478515625 0.6591796875 0.00830078125 0.016276041666666668
0 0.26806640625 0.3408203125 0.005859375 0.011067708333333334
0 0.404296875 0.6669921875 0.001953125 0.0032552083333333335
0 0.62744140625 0.5224609375 0.0068359375 0.013671875
0 0.63232421875 0.5016276041666666 0.0029296875 0.014973958333333334
0 0.34326171875 0.5374348958333334 0.009765625 0.020182291666666668
0 0.414794921875 0.5224609375 0.00244140625 0.005859375
0 0.41650390625 0.5087890625 0.0068359375 0.016276041666666668
0 0.33544921875 0.6829427083333334 0.005859375 0.0078125
0 0.61474609375 0.5543619791666666 0.005859375 0.012369791666666666
0 0.62744140625 0.45703125 0.0048828125 0.01171875
0 0.615234375 0.4075520833333333 0.0048828125 0.01171875
0 0.621826171875 0.345703125 0.00439453125 0.009114583333333334
0 0.545166015625 0.4632161458333333 0.00341796875 0.012369791666666666
0 0.603515625 0.6790364583333334 0.0029296875 0.01171875
0 0.4814453125 0.4065755208333333 0.001953125 0.004557291666666667
0 0.47802734375 0.4095052083333333 0.001953125 0.0026041666666666665
0 0.48486328125 0.3981119791666667 0.001953125 0.004557291666666667
0 0.47607421875 0.359375 0.0009765625 0.005208333333333333
0 0.258056640625 0.24251302083333334 0.00439453125 0.021484375
0 0.403564453125 0.6608072916666666 0.00048828125 0.0026041666666666665
0 0.610595703125 0.6223958333333334 0.00830078125 0.018229166666666668
0 0.47607421875 0.3805338541666667 0.0009765625 0.0032552083333333335
0 0.54541015625 0.4055989583333333 0.0029296875 0.010416666666666666
0 0.634765625 0.3834635416666667 0.00390625 0.010416666666666666
0 0.61279296875 0.5237630208333334 0.00390625 0.009765625
0 0.35498046875 0.4479166666666667 0.0029296875 0.0078125
0 0.61572265625 0.6123046875 0.00390625 0.005859375
0 0.634765625 0.4231770833333333 0.001953125 0.016927083333333332
0 0.257568359375 0.3479817708333333 0.00439453125 0.008463541666666666
0 0.345947265625 0.5166015625 0.01025390625 0.020182291666666668
0 0.34228515625 0.5035807291666666 0.005859375 0.013671875
0 0.411376953125 0.4368489583333333 0.00732421875 0.015625
0 0.4052734375 0.6357421875 0.0009765625 0.0032552083333333335
0 0.2666015625 0.353515625 0.0029296875 0.0026041666666666665
0 0.3515625 0.4361979166666667 0.0029296875 0.005208333333333333
0 0.420166015625 0.4303385416666667 0.00634765625 0.013020833333333334
0 0.629638671875 0.5852864583333334 0.00341796875 0.014322916666666666
0 0.40087890625 0.7119140625 0.001953125 0.0032552083333333335
0 0.403076171875 0.7018229166666666 0.00146484375 0.00390625
0 0.40185546875 0.6904296875 0.001953125 0.004557291666666667
0 0.404052734375 0.7080078125 0.00146484375 0.0032552083333333335
0 0.403076171875 0.6982421875 0.00048828125 0.001953125
0 0.404541015625 0.6907552083333334 0.00048828125 0.0026041666666666665
0 0.406005859375 0.6458333333333334 0.00146484375 0.00390625
0 0.4072265625 0.6412760416666666 0.0009765625 0.00390625
