0 0.478515625 0.8186848958333334 0.0166015625 0.025390625
0 0.490966796875 0.3733723958333333 0.01025390625 0.033203125
0 0.464599609375 0.6650390625 0.01220703125 0.025390625
0 0.461669921875 0.8772786458333334 0.00927734375 0.021484375
0 0.4873046875 0.6728515625 0.0166015625 0.025390625
0 0.479736328125 0.3977864583333333 0.01708984375 0.024739583333333332
0 0.461669921875 0.5029296875 0.01025390625 0.029296875
0 0.47607421875 0.4759114583333333 0.0126953125 0.02734375
0 0.466552734375 0.24967447916666666 0.00732421875 0.027994791666666668
0 0.483154296875 0.5836588541666666 0.01416015625 0.026692708333333332
