0 0.454345703125 0.9720052083333334 0.00634765625 0.01953125
0 0.472412109375 0.9352213541666666 0.00732421875 0.021484375
0 0.4599609375 0.8896484375 0.00390625 0.016276041666666668
0 0.60693359375 0.6624348958333334 0.0068359375 0.013671875
0 0.6005859375 0.7044270833333334 0.0087890625 0.020833333333333332
0 0.448486328125 0.97265625 0.00341796875 0.010416666666666666
0 0.449462890625 0.9632161458333334 0.00341796875 0.012369791666666666
0 0.31689453125 0.845703125 0.005859375 0.0078125
0 0.490478515625 0.7001953125 0.00830078125 0.009765625
0 0.322509765625 0.8395182291666666 0.00537109375 0.011067708333333334
0 0.343994140625 0.7770182291666666 0.00537109375 0.008463541666666666
0 0.49267578125 0.6904296875 0.0068359375 0.012369791666666666
0 0.533203125 0.318359375 0.005859375 0.014322916666666666
0 0.335205078125 0.8209635416666666 0.00439453125 0.010416666666666666
0 0.211669921875 0.5608723958333334 0.01220703125 0.016276041666666668
0 0.2880859375 0.5673828125 0.009765625 0.024088541666666668
0 0.3173828125 0.8372395833333334 0.0048828125 0.010416666666666666
0 0.127685546875 0.5432942708333334 0.00732421875 0.022786458333333332
