0 0.410888671875 0.6946614583333334 0.00146484375 0.00390625
0 0.406494140625 0.6575520833333334 0.00146484375 0.00390625
0 0.4111328125 0.5989583333333334 0.0009765625 0.0026041666666666665
0 0.409912109375 0.6002604166666666 0.00146484375 0.00390625
0 0.41064453125 0.5908203125 0.0009765625 0.0032552083333333335
0 0.409912109375 0.5950520833333334 0.00146484375 0.00390625
0 0.412841796875 0.6940104166666666 0.00146484375 0.00390625
0 0.411865234375 0.6829427083333334 0.00146484375 0.005208333333333333
0 0.408935546875 0.6666666666666666 0.00244140625 0.005208333333333333
0 0.407470703125 0.6845703125 0.00146484375 0.0032552083333333335
0 0.486328125 0.6513671875 0.001953125 0.005859375
0 0.48779296875 0.6432291666666666 0.001953125 0.005208333333333333
0 0.48876953125 0.6735026041666666 0.0009765625 0.0032552083333333335
0 0.48486328125 0.6813151041666666 0.001953125 0.004557291666666667
0 0.324951171875 0.5029296875 0.00732421875 0.017578125
0 0.48828125 0.6783854166666666 0.0009765625 0.0026041666666666665
0 0.405029296875 0.6845703125 0.00244140625 0.004557291666666667
