0 0.515625 0.4127604166666667 0.0078125 0.010416666666666666
0 0.519287109375 0.4306640625 0.00830078125 0.018880208333333332
0 0.723388671875 0.4700520833333333 0.00732421875 0.014322916666666666
0 0.72314453125 0.4573567708333333 0.0068359375 0.011067708333333334
0 0.71044921875 0.4296875 0.00390625 0.01953125
0 0.5224609375 0.4593098958333333 0.005859375 0.012369791666666666
0 0.597412109375 0.6419270833333334 0.00341796875 0.0078125
0 0.732421875 0.2604166666666667 0.005859375 0.018229166666666668
0 0.523681640625 0.6227213541666666 0.00439453125 0.009765625
0 0.53564453125 0.6572265625 0.0029296875 0.007161458333333333
0 0.71044921875 0.4814453125 0.0029296875 0.011067708333333334
0 0.7333984375 0.521484375 0.00390625 0.013020833333333334
0 0.732421875 0.5348307291666666 0.005859375 0.007161458333333333
0 0.537353515625 0.5143229166666666 0.00244140625 0.006510416666666667
0 0.51611328125 0.4013671875 0.0078125 0.012369791666666666
0 0.51708984375 0.580078125 0.0029296875 0.006510416666666667
0 0.51611328125 0.3668619791666667 0.0078125 0.020182291666666668
0 0.6650390625 0.4798177083333333 0.0078125 0.016927083333333332
0 0.5341796875 0.4449869791666667 0.00390625 0.014973958333333334
0 0.727783203125 0.3359375 0.01025390625 0.018229166666666668
0 0.529296875 0.458984375 0.0048828125 0.010416666666666666
0 0.711181640625 0.46875 0.00537109375 0.015625
0 0.7119140625 0.4505208333333333 0.0068359375 0.018229166666666668
0 0.716064453125 0.5045572916666666 0.00927734375 0.014322916666666666
0 0.7314453125 0.4970703125 0.005859375 0.017578125
0 0.72705078125 0.5192057291666666 0.0087890625 0.022786458333333332
0 0.66015625 0.5185546875 0.0078125 0.017578125
0 0.665283203125 0.4544270833333333 0.00732421875 0.016927083333333332
0 0.597900390625 0.4127604166666667 0.00244140625 0.0078125
0 0.58837890625 0.4332682291666667 0.0107421875 0.022786458333333332
0 0.586669921875 0.4791666666666667 0.00341796875 0.013020833333333334
0 0.59765625 0.5152994791666666 0.005859375 0.011067708333333334
0 0.595703125 0.6178385416666666 0.0078125 0.01953125
0 0.528076171875 0.2975260416666667 0.00634765625 0.020833333333333332
0 0.522216796875 0.3525390625 0.00537109375 0.008463541666666666
0 0.514892578125 0.5123697916666666 0.00341796875 0.009114583333333334
0 0.36669921875 0.3330078125 0.005859375 0.013671875
0 0.6650390625 0.5185546875 0.0029296875 0.011067708333333334
0 0.371337890625 0.689453125 0.00537109375 0.010416666666666666
0 0.37353515625 0.7161458333333334 0.0078125 0.016927083333333332
0 0.373046875 0.6529947916666666 0.005859375 0.01171875
0 0.5205078125 0.6025390625 0.0029296875 0.009765625
0 0.517333984375 0.46484375 0.00439453125 0.013020833333333334
0 0.52490234375 0.4798177083333333 0.005859375 0.013020833333333334
0 0.372802734375 0.7018229166666666 0.00732421875 0.01171875
0 0.381103515625 0.5888671875 0.00439453125 0.014973958333333334
0 0.5234375 0.5830078125 0.005859375 0.012369791666666666
0 0.5361328125 0.5035807291666666 0.00390625 0.011067708333333334
0 0.520263671875 0.6259765625 0.00439453125 0.011067708333333334
0 0.5302734375 0.6158854166666666 0.0048828125 0.01171875
0 0.452880859375 0.3512369791666667 0.00927734375 0.013671875
0 0.60302734375 0.5537109375 0.0009765625 0.004557291666666667
0 0.515869140625 0.5540364583333334 0.00146484375 0.0078125
0 0.36181640625 0.322265625 0.00390625 0.009114583333333334
0 0.53369140625 0.6123046875 0.005859375 0.011067708333333334
0 0.364013671875 0.4182942708333333 0.00634765625 0.017578125
0 0.365478515625 0.3782552083333333 0.00537109375 0.010416666666666666
0 0.7294921875 0.36328125 0.0029296875 0.005208333333333333
0 0.36083984375 0.3121744791666667 0.00390625 0.009765625
0 0.36083984375 0.3310546875 0.0029296875 0.005859375
0 0.72705078125 0.3193359375 0.0068359375 0.018880208333333332
0 0.515869140625 0.4488932291666667 0.00439453125 0.012369791666666666
0 0.5966796875 0.6490885416666666 0.0029296875 0.005208333333333333
0 0.7294921875 0.4127604166666667 0.0048828125 0.010416666666666666
0 0.37158203125 0.6692708333333334 0.005859375 0.013020833333333334
0 0.301025390625 0.5045572916666666 0.00732421875 0.014322916666666666
0 0.2919921875 0.4547526041666667 0.0087890625 0.016276041666666668
0 0.37548828125 0.455078125 0.0087890625 0.020833333333333332
0 0.369140625 0.4427083333333333 0.0078125 0.018229166666666668
0 0.376220703125 0.4274088541666667 0.00439453125 0.009765625
0 0.375244140625 0.4166666666666667 0.00439453125 0.009114583333333334
0 0.53515625 0.4602864583333333 0.0029296875 0.013020833333333334
