0 0.4873046875 0.509765625 0.0029296875 0.006510416666666667
0 0.365966796875 0.16959635416666666 0.00244140625 0.008463541666666666
0 0.48388671875 0.3043619791666667 0.001953125 0.005859375
0 0.47314453125 0.23307291666666666 0.001953125 0.009114583333333334
0 0.42529296875 0.4462890625 0.00390625 0.011067708333333334
0 0.37939453125 0.23046875 0.0029296875 0.006510416666666667
0 0.372802734375 0.21549479166666666 0.00244140625 0.005208333333333333
0 0.368408203125 0.21484375 0.00244140625 0.005208333333333333
0 0.482421875 0.4235026041666667 0.0048828125 0.007161458333333333
0 0.4833984375 0.4775390625 0.00390625 0.008463541666666666
0 0.420654296875 0.611328125 0.00146484375 0.010416666666666666
0 0.365234375 0.154296875 0.0048828125 0.015625
0 0.378173828125 0.2041015625 0.00537109375 0.013671875
0 0.6171875 0.4215494791666667 0.00390625 0.012369791666666666
0 0.433837890625 0.4833984375 0.00537109375 0.012369791666666666
0 0.487548828125 0.4501953125 0.00537109375 0.009765625
0 0.5673828125 0.2994791666666667 0.0048828125 0.018229166666666668
0 0.554931640625 0.23893229166666666 0.00732421875 0.018229166666666668
0 0.565673828125 0.4488932291666667 0.00537109375 0.014973958333333334
0 0.48291015625 0.3216145833333333 0.0068359375 0.013020833333333334
0 0.557861328125 0.2799479166666667 0.00537109375 0.01171875
0 0.47900390625 0.3128255208333333 0.0068359375 0.011067708333333334
0 0.4912109375 0.484375 0.005859375 0.010416666666666666
0 0.48779296875 0.4866536458333333 0.005859375 0.011067708333333334
0 0.48876953125 0.5260416666666666 0.0048828125 0.01171875
0 0.487060546875 0.4606119791666667 0.00537109375 0.009765625
