0 0.183837890625 0.5013020833333334 0.00732421875 0.01953125
0 0.183349609375 0.5458984375 0.00537109375 0.014973958333333334
0 0.192138671875 0.5755208333333334 0.00634765625 0.014322916666666666
0 0.189697265625 0.5865885416666666 0.00732421875 0.010416666666666666
0 0.187744140625 0.5986328125 0.01123046875 0.014973958333333334
0 0.1884765625 0.6204427083333334 0.0087890625 0.018229166666666668
0 0.130615234375 0.4925130208333333 0.00732421875 0.018880208333333332
0 0.123291015625 0.4736328125 0.00439453125 0.016276041666666668
0 0.12744140625 0.400390625 0.009765625 0.013020833333333334
0 0.06005859375 0.3841145833333333 0.009765625 0.014322916666666666
0 0.242919921875 0.5185546875 0.00732421875 0.016276041666666668
0 0.24609375 0.5237630208333334 0.0078125 0.013671875
0 0.184814453125 0.6334635416666666 0.00537109375 0.022135416666666668
0 0.1875 0.4104817708333333 0.0126953125 0.014973958333333334
0 0.18115234375 0.427734375 0.00390625 0.013020833333333334
0 0.183837890625 0.4537760416666667 0.00537109375 0.014322916666666666
0 0.19091796875 0.4612630208333333 0.0068359375 0.004557291666666667
0 0.2490234375 0.4329427083333333 0.0078125 0.015625
0 0.1865234375 0.3570963541666667 0.0078125 0.013671875
0 0.1845703125 0.3733723958333333 0.0078125 0.016276041666666668
0 0.19189453125 0.3684895833333333 0.0068359375 0.018229166666666668
0 0.245361328125 0.2809244791666667 0.00439453125 0.014973958333333334
0 0.244140625 0.259765625 0.0029296875 0.01171875
0 0.248046875 0.3229166666666667 0.0068359375 0.013020833333333334
0 0.25537109375 0.3255208333333333 0.0078125 0.016927083333333332
0 0.255859375 0.400390625 0.005859375 0.018229166666666668
0 0.241943359375 0.4176432291666667 0.00439453125 0.013671875
0 0.242431640625 0.5807291666666666 0.00634765625 0.015625
0 0.193603515625 0.4300130208333333 0.00341796875 0.012369791666666666
0 0.245361328125 0.59765625 0.00634765625 0.014322916666666666
0 0.328125 0.5725911458333334 0.0078125 0.013671875
0 0.402587890625 0.7021484375 0.00537109375 0.014973958333333334
0 0.240478515625 0.5068359375 0.00439453125 0.008463541666666666
0 0.634521484375 0.408203125 0.00341796875 0.006510416666666667
0 0.192138671875 0.5608723958333334 0.00537109375 0.011067708333333334
0 0.4150390625 0.6116536458333334 0.005859375 0.013671875
0 0.249755859375 0.6061197916666666 0.00537109375 0.010416666666666666
0 0.239990234375 0.6201171875 0.00537109375 0.011067708333333334
0 0.2431640625 0.6298828125 0.0078125 0.014973958333333334
0 0.2470703125 0.6513671875 0.009765625 0.017578125
0 0.23876953125 0.6666666666666666 0.0087890625 0.022135416666666668
0 0.233642578125 0.6614583333333334 0.00244140625 0.010416666666666666
0 0.3251953125 0.5110677083333334 0.0078125 0.010416666666666666
0 0.327392578125 0.4625651041666667 0.00732421875 0.012369791666666666
0 0.333251953125 0.4290364583333333 0.00634765625 0.020833333333333332
0 0.32666015625 0.4075520833333333 0.00390625 0.009114583333333334
0 0.33154296875 0.4072265625 0.0048828125 0.013671875
0 0.4013671875 0.2893880208333333 0.0078125 0.014973958333333334
0 0.406005859375 0.6041666666666666 0.00732421875 0.0234375
0 0.418701171875 0.6829427083333334 0.00244140625 0.006510416666666667
0 0.420166015625 0.62109375 0.00341796875 0.015625
0 0.403076171875 0.6259765625 0.00341796875 0.013671875
0 0.406494140625 0.6272786458333334 0.00439453125 0.007161458333333333
0 0.401611328125 0.6175130208333334 0.00537109375 0.009765625
0 0.400146484375 0.6279296875 0.00341796875 0.014973958333333334
0 0.41357421875 0.6572265625 0.0029296875 0.005859375
0 0.406982421875 0.6555989583333334 0.00439453125 0.010416666666666666
0 0.40625 0.6350911458333334 0.0029296875 0.005859375
0 0.418212890625 0.6494140625 0.00244140625 0.004557291666666667
0 0.40771484375 0.6949869791666666 0.005859375 0.011067708333333334
0 0.4091796875 0.6975911458333334 0.0068359375 0.008463541666666666
0 0.404052734375 0.6881510416666666 0.00537109375 0.014322916666666666
0 0.420654296875 0.6813151041666666 0.00439453125 0.009765625
0 0.60888671875 0.6145833333333334 0.0068359375 0.010416666666666666
0 0.63232421875 0.412109375 0.001953125 0.005208333333333333
0 0.409912109375 0.7353515625 0.00634765625 0.017578125
0 0.4091796875 0.7473958333333334 0.0048828125 0.009114583333333334
0 0.415283203125 0.7314453125 0.00537109375 0.007161458333333333
0 0.4208984375 0.712890625 0.0029296875 0.01171875
0 0.404296875 0.7180989583333334 0.0078125 0.016927083333333332
0 0.402587890625 0.7220052083333334 0.00537109375 0.015625
0 0.408203125 0.7112630208333334 0.0068359375 0.014973958333333334
0 0.413330078125 0.7119140625 0.00341796875 0.009765625
0 0.420654296875 0.6995442708333334 0.00244140625 0.016276041666666668
0 0.41552734375 0.6940104166666666 0.00390625 0.005208333333333333
0 0.415771484375 0.7014973958333334 0.00244140625 0.007161458333333333
0 0.418212890625 0.7018229166666666 0.00244140625 0.006510416666666667
0 0.40625 0.7532552083333334 0.001953125 0.0078125
0 0.51806640625 0.4143880208333333 0.0068359375 0.017578125
0 0.420166015625 0.7548828125 0.00537109375 0.014973958333333334
0 0.420654296875 0.7669270833333334 0.00439453125 0.015625
0 0.412841796875 0.80859375 0.00244140625 0.00390625
0 0.482177734375 0.8138020833333334 0.00244140625 0.015625
0 0.494873046875 0.7838541666666666 0.00732421875 0.016927083333333332
0 0.508544921875 0.7513020833333334 0.00439453125 0.022135416666666668
0 0.502197265625 0.7373046875 0.00927734375 0.012369791666666666
0 0.51611328125 0.6292317708333334 0.0048828125 0.012369791666666666
0 0.5146484375 0.6380208333333334 0.0048828125 0.009114583333333334
0 0.504150390625 0.591796875 0.00634765625 0.016927083333333332
0 0.512451171875 0.5397135416666666 0.00537109375 0.013020833333333334
0 0.51611328125 0.4632161458333333 0.0068359375 0.013671875
0 0.47998046875 0.8277994791666666 0.0029296875 0.011067708333333334
0 0.5107421875 0.6311848958333334 0.005859375 0.017578125
0 0.41259765625 0.7649739583333334 0.0029296875 0.006510416666666667
0 0.6611328125 0.12239583333333333 0.00390625 0.016927083333333332
0 0.413818359375 0.703125 0.00341796875 0.006510416666666667
0 0.649169921875 0.154296875 0.00537109375 0.01171875
0 0.596435546875 0.6982421875 0.00537109375 0.020182291666666668
0 0.657958984375 0.13932291666666666 0.00244140625 0.0078125
0 0.6435546875 0.22330729166666666 0.00390625 0.010416666666666666
0 0.642333984375 0.24186197916666666 0.00732421875 0.008463541666666666
0 0.639892578125 0.2666015625 0.00537109375 0.014973958333333334
0 0.6357421875 0.2737630208333333 0.00390625 0.011067708333333334
0 0.647216796875 0.2662760416666667 0.00439453125 0.010416666666666666
0 0.646728515625 0.25 0.00341796875 0.009114583333333334
0 0.592529296875 0.8997395833333334 0.00732421875 0.016927083333333332
0 0.58935546875 0.8929036458333334 0.009765625 0.024088541666666668
0 0.58203125 0.861328125 0.0048828125 0.01953125
0 0.5888671875 0.8544921875 0.0078125 0.024088541666666668
0 0.5947265625 0.8795572916666666 0.0048828125 0.022135416666666668
0 0.611328125 0.7158203125 0.00390625 0.007161458333333333
0 0.59765625 0.6682942708333334 0.0029296875 0.007161458333333333
0 0.657470703125 0.16666666666666666 0.00244140625 0.01171875
0 0.617431640625 0.6533203125 0.00244140625 0.007161458333333333
0 0.41650390625 0.4772135416666667 0.0029296875 0.010416666666666666
0 0.629150390625 0.4117838541666667 0.00439453125 0.011067708333333334
0 0.631103515625 0.4192708333333333 0.00634765625 0.009114583333333334
0 0.6328125 0.4274088541666667 0.0048828125 0.011067708333333334
0 0.633056640625 0.4384765625 0.00439453125 0.009765625
0 0.630615234375 0.4479166666666667 0.00341796875 0.009114583333333334
0 0.636962890625 0.3987630208333333 0.00537109375 0.012369791666666666
0 0.62353515625 0.4713541666666667 0.005859375 0.014322916666666666
0 0.61083984375 0.4847005208333333 0.001953125 0.011067708333333334
0 0.608154296875 0.5322265625 0.00439453125 0.021484375
0 0.615966796875 0.5826822916666666 0.00634765625 0.014322916666666666
0 0.396484375 0.4833984375 0.0029296875 0.012369791666666666
0 0.6201171875 0.4423828125 0.005859375 0.013671875
