0 0.65234375 0.373046875 0.0078125 0.016927083333333332
0 0.69384765625 0.5413411458333334 0.00390625 0.016276041666666668
0 0.64892578125 0.4153645833333333 0.00390625 0.01171875
0 0.568359375 0.7360026041666666 0.005859375 0.012369791666666666
0 0.609619140625 0.5172526041666666 0.00341796875 0.007161458333333333
0 0.64404296875 0.4010416666666667 0.0078125 0.014322916666666666
0 0.652587890625 0.3499348958333333 0.00830078125 0.013671875
0 0.698486328125 0.5436197916666666 0.00830078125 0.014322916666666666
0 0.608154296875 0.5071614583333334 0.00537109375 0.009114583333333334
0 0.64794921875 0.3873697916666667 0.01171875 0.015625
0 0.73828125 0.5133463541666666 0.0078125 0.024088541666666668
0 0.34521484375 0.4036458333333333 0.0048828125 0.014322916666666666
0 0.69873046875 0.4697265625 0.005859375 0.009765625
0 0.6962890625 0.45703125 0.00390625 0.010416666666666666
0 0.6259765625 0.6168619791666666 0.00390625 0.008463541666666666
0 0.628662109375 0.6487630208333334 0.00244140625 0.005859375
0 0.6357421875 0.7086588541666666 0.0029296875 0.005859375
0 0.62939453125 0.6982421875 0.0048828125 0.013671875
0 0.607421875 0.5504557291666666 0.0048828125 0.013671875
0 0.61181640625 0.525390625 0.0048828125 0.0078125
0 0.623046875 0.6796875 0.0048828125 0.01171875
0 0.55712890625 0.6116536458333334 0.00390625 0.008463541666666666
0 0.700439453125 0.4599609375 0.00537109375 0.008463541666666666
0 0.4287109375 0.6344401041666666 0.0029296875 0.008463541666666666
0 0.623779296875 0.6975911458333334 0.00537109375 0.013671875
0 0.348876953125 0.36328125 0.00439453125 0.009114583333333334
0 0.617919921875 0.6526692708333334 0.00439453125 0.012369791666666666
0 0.650390625 0.3623046875 0.005859375 0.012369791666666666
0 0.62890625 0.638671875 0.0048828125 0.01171875
0 0.328125 0.6813151041666666 0.005859375 0.013671875
0 0.33544921875 0.6751302083333334 0.005859375 0.01171875
0 0.34716796875 0.3512369791666667 0.005859375 0.014973958333333334
0 0.570556640625 0.75390625 0.00537109375 0.014322916666666666
0 0.56640625 0.7666015625 0.0078125 0.018880208333333332
0 0.555908203125 0.7666015625 0.00146484375 0.005859375
0 0.554931640625 0.7584635416666666 0.00146484375 0.006510416666666667
0 0.472900390625 0.7958984375 0.00244140625 0.012369791666666666
0 0.33056640625 0.6949869791666666 0.005859375 0.014973958333333334
0 0.471923828125 0.77734375 0.00146484375 0.009114583333333334
0 0.347412109375 0.384765625 0.00341796875 0.01171875
0 0.47412109375 0.7932942708333334 0.001953125 0.007161458333333333
0 0.33349609375 0.5520833333333334 0.001953125 0.010416666666666666
0 0.333740234375 0.6832682291666666 0.00439453125 0.007161458333333333
0 0.347412109375 0.3746744791666667 0.00244140625 0.007161458333333333
0 0.628173828125 0.6276041666666666 0.00537109375 0.010416666666666666
0 0.431396484375 0.62109375 0.00732421875 0.01171875
0 0.56201171875 0.6526692708333334 0.0029296875 0.007161458333333333
0 0.486328125 0.7906901041666666 0.00390625 0.007161458333333333
0 0.328857421875 0.6643880208333334 0.00341796875 0.009765625
