0 0.3173828125 0.3798828125 0.01171875 0.018880208333333332
0 0.51513671875 0.21744791666666666 0.013671875 0.026041666666666668
0 0.53369140625 0.3024088541666667 0.013671875 0.031901041666666664
0 0.540771484375 0.3310546875 0.01318359375 0.029296875
0 0.318603515625 0.4293619791666667 0.01318359375 0.022786458333333332
0 0.30810546875 0.4156901041666667 0.0078125 0.017578125
0 0.31103515625 0.4033203125 0.0146484375 0.021484375
0 0.314208984375 0.3450520833333333 0.00830078125 0.018229166666666668
0 0.41845703125 0.3463541666666667 0.0087890625 0.022135416666666668
0 0.298583984375 0.294921875 0.00830078125 0.015625
0 0.400146484375 0.24869791666666666 0.01220703125 0.032552083333333336
0 0.398193359375 0.2828776041666667 0.01708984375 0.039713541666666664
0 0.40283203125 0.3076171875 0.01171875 0.026692708333333332
0 0.396728515625 0.4606119791666667 0.00732421875 0.030598958333333332
0 0.4208984375 0.6025390625 0.009765625 0.024088541666666668
0 0.52978515625 0.3570963541666667 0.017578125 0.038411458333333336
0 0.3037109375 0.3411458333333333 0.009765625 0.01953125
0 0.686279296875 0.4127604166666667 0.00537109375 0.009114583333333334
0 0.4140625 0.5979817708333334 0.0068359375 0.017578125
0 0.687744140625 0.4049479166666667 0.00537109375 0.013020833333333334
0 0.3203125 0.4794921875 0.015625 0.033203125
0 0.702392578125 0.7490234375 0.01123046875 0.017578125
0 0.522216796875 0.4427083333333333 0.00439453125 0.01171875
0 0.52294921875 0.3746744791666667 0.009765625 0.018880208333333332
0 0.522705078125 0.390625 0.01318359375 0.024739583333333332
0 0.546630859375 0.3756510416666667 0.00927734375 0.02734375
0 0.548095703125 0.4055989583333333 0.01220703125 0.024739583333333332
0 0.538330078125 0.4339192708333333 0.01318359375 0.031901041666666664
0 0.549072265625 0.4339192708333333 0.01416015625 0.031901041666666664
0 0.5283203125 0.4518229166666667 0.0107421875 0.024739583333333332
0 0.552978515625 0.4625651041666667 0.01025390625 0.024088541666666668
0 0.69091796875 0.4560546875 0.00390625 0.012369791666666666
0 0.5576171875 0.4798177083333333 0.0078125 0.018229166666666668
0 0.645263671875 0.2542317708333333 0.00439453125 0.012369791666666666
0 0.6669921875 0.2906901041666667 0.0126953125 0.024088541666666668
0 0.682373046875 0.3369140625 0.00537109375 0.026692708333333332
0 0.677734375 0.3404947916666667 0.0087890625 0.02734375
0 0.318359375 0.4501953125 0.0146484375 0.022786458333333332
0 0.508056640625 0.22884114583333334 0.01416015625 0.033203125
0 0.5546875 0.6614583333333334 0.0068359375 0.015625
0 0.689697265625 0.44140625 0.00146484375 0.005208333333333333
0 0.5498046875 0.5029296875 0.01171875 0.020182291666666668
0 0.5556640625 0.5201822916666666 0.0087890625 0.022135416666666668
0 0.5419921875 0.5100911458333334 0.00390625 0.009765625
0 0.545654296875 0.5891927083333334 0.00439453125 0.005208333333333333
0 0.5439453125 0.5794270833333334 0.0029296875 0.009114583333333334
0 0.5595703125 0.6220703125 0.0048828125 0.005859375
0 0.55908203125 0.6572265625 0.0048828125 0.009765625
0 0.56494140625 0.5472005208333334 0.0068359375 0.017578125
0 0.57373046875 0.7067057291666666 0.00390625 0.008463541666666666
0 0.4111328125 0.3157552083333333 0.0048828125 0.013020833333333334
0 0.300048828125 0.3190104166666667 0.00634765625 0.015625
0 0.81103515625 0.3834635416666667 0.0146484375 0.0234375
0 0.815673828125 0.2708333333333333 0.00927734375 0.028645833333333332
0 0.533935546875 0.4713541666666667 0.01318359375 0.01953125
0 0.53173828125 0.486328125 0.0107421875 0.020833333333333332
0 0.686279296875 0.4186197916666667 0.00830078125 0.013020833333333334
0 0.385986328125 0.3264973958333333 0.00537109375 0.013671875
0 0.78662109375 0.2099609375 0.0126953125 0.021484375
0 0.8544921875 0.8570963541666666 0.0087890625 0.035807291666666664
0 0.681396484375 0.6946614583333334 0.00927734375 0.026041666666666668
0 0.70263671875 0.7301432291666666 0.0078125 0.012369791666666666
0 0.675048828125 0.4703776041666667 0.01806640625 0.043619791666666664
0 0.568115234375 0.7434895833333334 0.00830078125 0.01953125
0 0.58642578125 0.8037109375 0.0078125 0.017578125
0 0.643798828125 0.2825520833333333 0.01318359375 0.020833333333333332
0 0.648193359375 0.3037109375 0.01611328125 0.033203125
0 0.651611328125 0.333984375 0.01708984375 0.029947916666666668
0 0.587646484375 0.7646484375 0.00830078125 0.017578125
0 0.695068359375 0.4794921875 0.00634765625 0.018880208333333332
0 0.7001953125 0.6292317708333334 0.0078125 0.012369791666666666
0 0.6513671875 0.3610026041666667 0.017578125 0.034505208333333336
0 0.69677734375 0.5934244791666666 0.009765625 0.020182291666666668
0 0.692138671875 0.5651041666666666 0.01025390625 0.022135416666666668
0 0.567138671875 0.56640625 0.01025390625 0.022135416666666668
0 0.692626953125 0.5406901041666666 0.00732421875 0.017578125
0 0.697509765625 0.5016276041666666 0.00634765625 0.025390625
0 0.69189453125 0.4358723958333333 0.0029296875 0.016276041666666668
