0 0.2724609375 0.3603515625 0.001953125 0.004557291666666667
0 0.270263671875 0.3603515625 0.00146484375 0.0032552083333333335
0 0.075439453125 0.5426432291666666 0.00732421875 0.016276041666666668
0 0.277099609375 0.359375 0.00146484375 0.00390625
0 0.27197265625 0.3909505208333333 0.001953125 0.008463541666666666
0 0.27734375 0.3430989583333333 0.0009765625 0.0026041666666666665
0 0.275146484375 0.3776041666666667 0.00439453125 0.010416666666666666
0 0.272216796875 0.3544921875 0.00146484375 0.004557291666666667
0 0.27734375 0.3929036458333333 0.005859375 0.005859375
0 0.27392578125 0.34765625 0.0009765625 0.0026041666666666665
0 0.346435546875 0.33984375 0.00146484375 0.010416666666666666
0 0.532958984375 0.7347005208333334 0.01025390625 0.017578125
0 0.340576171875 0.3421223958333333 0.00341796875 0.007161458333333333
0 0.3349609375 0.3600260416666667 0.0029296875 0.006510416666666667
0 0.598876953125 0.375 0.00830078125 0.015625
0 0.52783203125 0.66796875 0.009765625 0.022135416666666668
0 0.523681640625 0.6272786458333334 0.00537109375 0.013671875
0 0.4306640625 0.53125 0.005859375 0.01171875
0 0.44384765625 0.5712890625 0.0048828125 0.009765625
0 0.435546875 0.5439453125 0.0048828125 0.013671875
0 0.43359375 0.5960286458333334 0.005859375 0.012369791666666666
0 0.447021484375 0.6097005208333334 0.00244140625 0.014973958333333334
0 0.435302734375 0.5807291666666666 0.00732421875 0.016927083333333332
0 0.28271484375 0.4248046875 0.005859375 0.009765625
0 0.427734375 0.6106770833333334 0.00390625 0.009114583333333334
0 0.173095703125 0.3369140625 0.00732421875 0.018880208333333332
0 0.443603515625 0.7141927083333334 0.00732421875 0.013020833333333334
0 0.28759765625 0.416015625 0.0029296875 0.006510416666666667
0 0.076171875 0.5071614583333334 0.009765625 0.0234375
0 0.270751953125 0.4127604166666667 0.00244140625 0.014322916666666666
0 0.43505859375 0.658203125 0.0078125 0.015625
0 0.432373046875 0.6826171875 0.00830078125 0.018880208333333332
0 0.434814453125 0.6985677083333334 0.00830078125 0.014322916666666666
0 0.429931640625 0.7288411458333334 0.00439453125 0.016276041666666668
0 0.429931640625 0.7718098958333334 0.00341796875 0.017578125
0 0.428955078125 0.7509765625 0.00341796875 0.018880208333333332
0 0.341796875 0.3567708333333333 0.005859375 0.020833333333333332
0 0.287841796875 0.3968098958333333 0.00634765625 0.011067708333333334
0 0.42919921875 0.599609375 0.0048828125 0.013020833333333334
0 0.27294921875 0.4309895833333333 0.005859375 0.018229166666666668
0 0.23388671875 0.4915364583333333 0.0078125 0.014322916666666666
0 0.189208984375 0.3736979166666667 0.00927734375 0.01953125
0 0.191162109375 0.3531901041666667 0.00537109375 0.011067708333333334
0 0.18798828125 0.3349609375 0.01171875 0.012369791666666666
0 0.182373046875 0.2923177083333333 0.01220703125 0.018229166666666668
0 0.165283203125 0.6761067708333334 0.00439453125 0.013671875
0 0.0810546875 0.3902994791666667 0.0068359375 0.012369791666666666
0 0.076416015625 0.421875 0.00634765625 0.018229166666666668
0 0.07861328125 0.4029947916666667 0.0068359375 0.01953125
0 0.074951171875 0.4456380208333333 0.00537109375 0.017578125
0 0.278076171875 0.3981119791666667 0.00634765625 0.009765625
