0 0.311279296875 0.6399739583333334 0.00146484375 0.006510416666666667
0 0.423095703125 0.6419270833333334 0.00341796875 0.01171875
0 0.488525390625 0.5875651041666666 0.00341796875 0.007161458333333333
0 0.26611328125 0.6487630208333334 0.0029296875 0.008463541666666666
0 0.310546875 0.6106770833333334 0.001953125 0.005208333333333333
0 0.3232421875 0.5361328125 0.0029296875 0.008463541666666666
0 0.306396484375 0.6070963541666666 0.00146484375 0.004557291666666667
0 0.302490234375 0.5895182291666666 0.00146484375 0.007161458333333333
0 0.311767578125 0.560546875 0.00244140625 0.006510416666666667
0 0.311279296875 0.5393880208333334 0.00146484375 0.001953125
0 0.317138671875 0.505859375 0.00244140625 0.006510416666666667
0 0.3076171875 0.6048177083333334 0.001953125 0.009114583333333334
0 0.2666015625 0.5149739583333334 0.00390625 0.010416666666666666
0 0.264892578125 0.4889322916666667 0.00537109375 0.009114583333333334
0 0.266845703125 0.494140625 0.00341796875 0.00390625
0 0.325439453125 0.4866536458333333 0.00146484375 0.004557291666666667
0 0.32666015625 0.4710286458333333 0.001953125 0.004557291666666667
0 0.491943359375 0.6220703125 0.01025390625 0.021484375
0 0.481201171875 0.6220703125 0.00830078125 0.025390625
0 0.48291015625 0.6057942708333334 0.0068359375 0.016276041666666668
0 0.494873046875 0.4934895833333333 0.00341796875 0.009114583333333334
0 0.327880859375 0.50390625 0.00341796875 0.010416666666666666
0 0.496337890625 0.4873046875 0.00244140625 0.005859375
0 0.434326171875 0.4814453125 0.00830078125 0.018880208333333332
0 0.432861328125 0.5045572916666666 0.01025390625 0.024739583333333332
0 0.427001953125 0.5296223958333334 0.00927734375 0.021484375
0 0.42626953125 0.5472005208333334 0.0068359375 0.012369791666666666
0 0.327392578125 0.5198567708333334 0.00146484375 0.008463541666666666
0 0.32373046875 0.5094401041666666 0.0029296875 0.009765625
0 0.314697265625 0.6018880208333334 0.00341796875 0.008463541666666666
0 0.321533203125 0.4710286458333333 0.00146484375 0.004557291666666667
0 0.4248046875 0.634765625 0.0029296875 0.016927083333333332
0 0.380126953125 0.4397786458333333 0.00146484375 0.004557291666666667
0 0.378662109375 0.4622395833333333 0.00146484375 0.006510416666666667
0 0.261962890625 0.5680338541666666 0.01025390625 0.020182291666666668
0 0.31103515625 0.599609375 0.0029296875 0.006510416666666667
0 0.25927734375 0.607421875 0.0078125 0.020833333333333332
0 0.2685546875 0.61328125 0.001953125 0.0078125
0 0.2685546875 0.6197916666666666 0.0029296875 0.009114583333333334
0 0.29931640625 0.6393229166666666 0.001953125 0.005208333333333333
0 0.306884765625 0.6591796875 0.00244140625 0.005859375
0 0.29736328125 0.6539713541666666 0.001953125 0.005859375
0 0.310546875 0.619140625 0.0029296875 0.005208333333333333
0 0.26513671875 0.6136067708333334 0.0029296875 0.007161458333333333
0 0.309326171875 0.6292317708333334 0.00439453125 0.009765625
0 0.3125 0.5257161458333334 0.001953125 0.007161458333333333
0 0.417236328125 0.6276041666666666 0.00830078125 0.018229166666666668
0 0.306884765625 0.595703125 0.00341796875 0.006510416666666667
0 0.316650390625 0.5543619791666666 0.00537109375 0.005859375
0 0.31005859375 0.5458984375 0.00390625 0.008463541666666666
0 0.306396484375 0.58203125 0.00146484375 0.005208333333333333
0 0.30419921875 0.6048177083333334 0.001953125 0.00390625
0 0.30810546875 0.5764973958333334 0.00390625 0.008463541666666666
0 0.30810546875 0.6168619791666666 0.001953125 0.005859375
0 0.316162109375 0.5133463541666666 0.00244140625 0.005859375
0 0.308349609375 0.611328125 0.00146484375 0.00390625
0 0.31396484375 0.5166015625 0.0009765625 0.004557291666666667
0 0.26416015625 0.5498046875 0.009765625 0.020182291666666668
0 0.306396484375 0.6012369791666666 0.00244140625 0.004557291666666667
