0 0.343994140625 0.3938802083333333 0.00927734375 0.016927083333333332
0 0.165771484375 0.3600260416666667 0.01318359375 0.028645833333333332
0 0.159912109375 0.3860677083333333 0.01123046875 0.024739583333333332
0 0.15478515625 0.4212239583333333 0.0146484375 0.03125
0 0.171875 0.3375651041666667 0.00390625 0.016276041666666668
0 0.147705078125 0.4973958333333333 0.00927734375 0.022135416666666668
0 0.251708984375 0.5804036458333334 0.00634765625 0.016276041666666668
0 0.2490234375 0.5325520833333334 0.0107421875 0.0234375
0 0.25341796875 0.5927734375 0.00390625 0.004557291666666667
0 0.163330078125 0.3297526041666667 0.01025390625 0.029296875
0 0.26025390625 0.4778645833333333 0.013671875 0.029947916666666668
0 0.25146484375 0.4202473958333333 0.021484375 0.047526041666666664
0 0.2578125 0.3453776041666667 0.0166015625 0.038411458333333336
0 0.33056640625 0.49609375 0.0078125 0.01953125
0 0.15576171875 0.462890625 0.0126953125 0.018229166666666668
0 0.26025390625 0.591796875 0.001953125 0.006510416666666667
0 0.17431640625 0.2890625 0.0068359375 0.0625
0 0.14697265625 0.345703125 0.0185546875 0.036458333333333336
0 0.155029296875 0.2884114583333333 0.01611328125 0.045572916666666664
0 0.164306640625 0.2760416666666667 0.01611328125 0.05078125
0 0.42578125 0.2848307291666667 0.0185546875 0.072265625
0 0.54833984375 0.3684895833333333 0.0146484375 0.037760416666666664
0 0.53515625 0.2945963541666667 0.017578125 0.042317708333333336
0 0.519287109375 0.20052083333333334 0.00439453125 0.015625
0 0.65234375 0.3330078125 0.017578125 0.044921875
0 0.6376953125 0.07096354166666667 0.00390625 0.01171875
0 0.657958984375 0.294921875 0.01708984375 0.046875
0 0.3291015625 0.3069661458333333 0.0048828125 0.013671875
0 0.325439453125 0.3271484375 0.00439453125 0.012369791666666666
0 0.511962890625 0.1474609375 0.01025390625 0.033203125
0 0.335205078125 0.3837890625 0.00537109375 0.011067708333333334
0 0.334228515625 0.3587239583333333 0.00634765625 0.014322916666666666
0 0.33154296875 0.4772135416666667 0.0107421875 0.0234375
0 0.14794921875 0.24934895833333334 0.013671875 0.026041666666666668
0 0.14306640625 0.267578125 0.0078125 0.028645833333333332
0 0.634765625 0.014973958333333334 0.005859375 0.018229166666666668
