0 0.407958984375 0.3583984375 0.00634765625 0.018880208333333332
0 0.562255859375 0.5598958333333334 0.00146484375 0.005208333333333333
0 0.650390625 0.4576822916666667 0.0048828125 0.010416666666666666
0 0.55419921875 0.330078125 0.0068359375 0.013020833333333334
0 0.406982421875 0.3694661458333333 0.00439453125 0.007161458333333333
0 0.4814453125 0.5533854166666666 0.0048828125 0.005208333333333333
0 0.396484375 0.4563802083333333 0.001953125 0.009114583333333334
0 0.404541015625 0.4348958333333333 0.00830078125 0.013020833333333334
0 0.404296875 0.3909505208333333 0.0068359375 0.007161458333333333
0 0.400390625 0.3831380208333333 0.0048828125 0.009765625
0 0.405517578125 0.3990885416666667 0.00927734375 0.010416666666666666
0 0.408203125 0.39453125 0.0048828125 0.005208333333333333
0 0.4794921875 0.4264322916666667 0.013671875 0.009114583333333334
0 0.412353515625 0.4508463541666667 0.00537109375 0.013671875
0 0.4072265625 0.4606119791666667 0.0087890625 0.012369791666666666
0 0.4052734375 0.486328125 0.005859375 0.010416666666666666
0 0.402099609375 0.41015625 0.00830078125 0.014322916666666666
0 0.48291015625 0.4130859375 0.0126953125 0.018880208333333332
0 0.479736328125 0.5709635416666666 0.00927734375 0.02734375
0 0.471923828125 0.57421875 0.00439453125 0.01171875
0 0.4716796875 0.5634765625 0.0048828125 0.009765625
0 0.47607421875 0.544921875 0.0087890625 0.0234375
0 0.39990234375 0.3662109375 0.0107421875 0.014973958333333334
0 0.40625 0.4720052083333333 0.0048828125 0.009114583333333334
0 0.408935546875 0.3828125 0.00341796875 0.006510416666666667
0 0.40576171875 0.4436848958333333 0.0068359375 0.007161458333333333
0 0.55908203125 0.5725911458333334 0.00390625 0.004557291666666667
0 0.410888671875 0.423828125 0.00634765625 0.014322916666666666
0 0.48193359375 0.5426432291666666 0.0048828125 0.005859375
0 0.652099609375 0.5016276041666666 0.00732421875 0.017578125
0 0.552978515625 0.3430989583333333 0.00634765625 0.014322916666666666
0 0.6396484375 0.4977213541666667 0.005859375 0.012369791666666666
0 0.561279296875 0.3447265625 0.00732421875 0.021484375
0 0.564453125 0.3707682291666667 0.005859375 0.021484375
0 0.55078125 0.4108072916666667 0.0048828125 0.0234375
0 0.556396484375 0.6380208333333334 0.00244140625 0.0078125
0 0.562255859375 0.6409505208333334 0.00439453125 0.009765625
0 0.6455078125 0.4886067708333333 0.0087890625 0.020182291666666668
0 0.643798828125 0.5152994791666666 0.01025390625 0.016276041666666668
0 0.652587890625 0.5455729166666666 0.00634765625 0.015625
0 0.654052734375 0.5716145833333334 0.00439453125 0.014322916666666666
0 0.652099609375 0.5341796875 0.00830078125 0.008463541666666666
0 0.65087890625 0.6243489583333334 0.001953125 0.005208333333333333
0 0.4052734375 0.578125 0.0078125 0.009114583333333334
0 0.47119140625 0.5185546875 0.0029296875 0.016276041666666668
0 0.649169921875 0.521484375 0.01220703125 0.01953125
0 0.6474609375 0.6136067708333334 0.0048828125 0.008463541666666666
0 0.564453125 0.572265625 0.001953125 0.005208333333333333
0 0.5625 0.5719401041666666 0.001953125 0.004557291666666667
0 0.560791015625 0.5751953125 0.00244140625 0.004557291666666667
0 0.563232421875 0.5764973958333334 0.00146484375 0.004557291666666667
0 0.56005859375 0.5654296875 0.00390625 0.008463541666666666
0 0.564697265625 0.6119791666666666 0.00146484375 0.005208333333333333
0 0.55712890625 0.6178385416666666 0.001953125 0.006510416666666667
0 0.564697265625 0.5631510416666666 0.00244140625 0.006510416666666667
