0 0.48828125 0.3541666666666667 0.0068359375 0.01953125
0 0.49267578125 0.22786458333333334 0.0087890625 0.01953125
0 0.53662109375 0.15787760416666666 0.013671875 0.029296875
0 0.5400390625 0.3701171875 0.009765625 0.026692708333333332
0 0.556396484375 0.7356770833333334 0.01904296875 0.029947916666666668
0 0.3583984375 0.2919921875 0.0078125 0.020182291666666668
0 0.641845703125 0.15397135416666666 0.00830078125 0.044921875
0 0.478515625 0.2513020833333333 0.0087890625 0.033854166666666664
0 0.201904296875 0.23079427083333334 0.01904296875 0.043619791666666664
0 0.21826171875 0.24869791666666666 0.0185546875 0.046875
0 0.455322265625 0.7171223958333334 0.00537109375 0.025390625
0 0.6220703125 0.19986979166666666 0.0126953125 0.04296875
0 0.44921875 0.6510416666666666 0.009765625 0.0234375
0 0.21240234375 0.3017578125 0.0185546875 0.034505208333333336
0 0.35498046875 0.18782552083333334 0.0126953125 0.030598958333333332
0 0.375 0.24869791666666666 0.0126953125 0.045572916666666664
0 0.213134765625 0.5065104166666666 0.01416015625 0.024739583333333332
0 0.21533203125 0.4791666666666667 0.0185546875 0.024739583333333332
0 0.21875 0.4270833333333333 0.0224609375 0.046875
0 0.245361328125 0.5263671875 0.01318359375 0.035807291666666664
0 0.2275390625 0.3606770833333333 0.0166015625 0.041666666666666664
0 0.210205078125 0.2750651041666667 0.01904296875 0.027994791666666668
0 0.2001953125 0.16796875 0.025390625 0.061197916666666664
0 0.197265625 0.3557942708333333 0.013671875 0.046223958333333336
0 0.369384765625 0.3063151041666667 0.01611328125 0.038411458333333336
0 0.428466796875 0.3772786458333333 0.01416015625 0.029296875
0 0.22216796875 0.2900390625 0.013671875 0.026692708333333332
