0 0.624267578125 0.4794921875 0.00732421875 0.014973958333333334
0 0.618408203125 0.619140625 0.00634765625 0.018229166666666668
0 0.545654296875 0.5335286458333334 0.00927734375 0.021484375
0 0.628173828125 0.3805338541666667 0.00732421875 0.013671875
0 0.548095703125 0.3382161458333333 0.00634765625 0.016276041666666668
0 0.617431640625 0.5696614583333334 0.00341796875 0.01171875
0 0.627197265625 0.3938802083333333 0.00830078125 0.013020833333333334
0 0.631591796875 0.2835286458333333 0.00732421875 0.012369791666666666
0 0.629638671875 0.3551432291666667 0.00732421875 0.008463541666666666
0 0.61572265625 0.3414713541666667 0.0029296875 0.016276041666666668
0 0.619140625 0.3287760416666667 0.00390625 0.018229166666666668
0 0.630859375 0.2994791666666667 0.01171875 0.01953125
0 0.5498046875 0.447265625 0.0029296875 0.005208333333333333
0 0.62841796875 0.3671875 0.0068359375 0.014322916666666666
0 0.552734375 0.4485677083333333 0.001953125 0.006510416666666667
0 0.320556640625 0.4378255208333333 0.00244140625 0.005859375
0 0.54931640625 0.5071614583333334 0.00390625 0.005208333333333333
0 0.46337890625 0.2802734375 0.0029296875 0.008463541666666666
0 0.324462890625 0.3502604166666667 0.00341796875 0.0078125
0 0.333984375 0.4440104166666667 0.001953125 0.010416666666666666
0 0.32421875 0.4287109375 0.0029296875 0.008463541666666666
0 0.321533203125 0.33984375 0.00341796875 0.006510416666666667
0 0.329345703125 0.3541666666666667 0.00537109375 0.013020833333333334
0 0.544189453125 0.4453125 0.00341796875 0.010416666666666666
0 0.321533203125 0.4072265625 0.00732421875 0.013671875
0 0.3251953125 0.3639322916666667 0.001953125 0.00390625
0 0.3134765625 0.3264973958333333 0.00390625 0.047526041666666664
0 0.320556640625 0.2692057291666667 0.00439453125 0.016276041666666668
0 0.318115234375 0.3756510416666667 0.00732421875 0.013020833333333334
0 0.54345703125 0.5065104166666666 0.0087890625 0.020833333333333332
0 0.547119140625 0.5162760416666666 0.00634765625 0.01171875
0 0.31884765625 0.3948567708333333 0.005859375 0.016276041666666668
0 0.4599609375 0.3079427083333333 0.00390625 0.009114583333333334
0 0.616943359375 0.3707682291666667 0.00341796875 0.014973958333333334
0 0.62939453125 0.2574869791666667 0.0078125 0.012369791666666666
0 0.32373046875 0.3092447916666667 0.0078125 0.020833333333333332
0 0.381103515625 0.6116536458333334 0.00634765625 0.013671875
0 0.317138671875 0.2727864583333333 0.00146484375 0.009114583333333334
0 0.70654296875 0.7014973958333334 0.0078125 0.017578125
0 0.3203125 0.283203125 0.0048828125 0.01171875
0 0.716064453125 0.7122395833333334 0.00341796875 0.013020833333333334
0 0.4638671875 0.3317057291666667 0.0068359375 0.017578125
0 0.702392578125 0.71484375 0.00830078125 0.018229166666666668
0 0.702392578125 0.6689453125 0.01025390625 0.018880208333333332
0 0.716552734375 0.6018880208333334 0.00439453125 0.008463541666666666
0 0.638427734375 0.24576822916666666 0.00634765625 0.017578125
0 0.723388671875 0.6090494791666666 0.00146484375 0.007161458333333333
0 0.324462890625 0.2744140625 0.00537109375 0.016276041666666668
0 0.385986328125 0.5638020833333334 0.00341796875 0.006510416666666667
0 0.629638671875 0.3125 0.00537109375 0.01171875
0 0.4619140625 0.3675130208333333 0.001953125 0.007161458333333333
0 0.62939453125 0.2701822916666667 0.0078125 0.015625
0 0.376953125 0.4938151041666667 0.001953125 0.005859375
0 0.3740234375 0.595703125 0.00390625 0.015625
0 0.47119140625 0.3841145833333333 0.005859375 0.014322916666666666
0 0.37939453125 0.5911458333333334 0.005859375 0.010416666666666666
0 0.381591796875 0.5771484375 0.01025390625 0.017578125
0 0.37353515625 0.5794270833333334 0.00390625 0.014322916666666666
0 0.374267578125 0.5647786458333334 0.00341796875 0.013671875
0 0.385498046875 0.5589192708333334 0.00537109375 0.012369791666666666
0 0.37841796875 0.5651041666666666 0.0068359375 0.013020833333333334
0 0.382568359375 0.5481770833333334 0.00830078125 0.014322916666666666
0 0.469482421875 0.3343098958333333 0.00244140625 0.004557291666666667
0 0.38720703125 0.5221354166666666 0.0068359375 0.028645833333333332
0 0.382080078125 0.4466145833333333 0.00537109375 0.010416666666666666
0 0.380126953125 0.4632161458333333 0.00341796875 0.008463541666666666
0 0.375732421875 0.4742838541666667 0.00244140625 0.008463541666666666
