0 0.652099609375 0.6204427083333334 0.01220703125 0.024739583333333332
0 0.445068359375 0.5963541666666666 0.01220703125 0.026041666666666668
0 0.34033203125 0.9049479166666666 0.0048828125 0.020833333333333332
0 0.46728515625 0.6575520833333334 0.0087890625 0.0234375
0 0.531982421875 0.7203776041666666 0.00732421875 0.033203125
0 0.569091796875 0.8880208333333334 0.01123046875 0.037760416666666664
0 0.653076171875 0.95703125 0.01220703125 0.044270833333333336
0 0.63330078125 0.6565755208333334 0.005859375 0.022786458333333332
0 0.7197265625 0.7815755208333334 0.0107421875 0.020182291666666668
0 0.65869140625 0.6484375 0.017578125 0.036458333333333336
0 0.302734375 0.8971354166666666 0.0048828125 0.01953125
0 0.554443359375 0.6715494791666666 0.01708984375 0.030598958333333332
0 0.1884765625 0.6223958333333334 0.0107421875 0.022135416666666668
0 0.668212890625 0.3450520833333333 0.01513671875 0.024739583333333332
0 0.759033203125 0.3115234375 0.00634765625 0.022786458333333332
0 0.7294921875 0.5052083333333334 0.0146484375 0.044270833333333336
0 0.726318359375 0.5904947916666666 0.00732421875 0.024739583333333332
0 0.74365234375 0.6292317708333334 0.01171875 0.027994791666666668
0 0.725341796875 0.7666015625 0.01318359375 0.017578125
0 0.724853515625 0.7789713541666666 0.01025390625 0.014973958333333334
0 0.204833984375 0.6839192708333334 0.00927734375 0.016276041666666668
0 0.2001953125 0.6080729166666666 0.0078125 0.01953125
0 0.07861328125 0.9580078125 0.013671875 0.031901041666666664
0 0.447998046875 0.6184895833333334 0.01611328125 0.02734375
0 0.08642578125 0.7054036458333334 0.017578125 0.034505208333333336
0 0.666748046875 0.6595052083333334 0.00927734375 0.029947916666666668
0 0.45947265625 0.58203125 0.015625 0.036458333333333336
0 0.3076171875 0.45703125 0.0146484375 0.0234375
0 0.65771484375 0.9049479166666666 0.0068359375 0.018229166666666668
0 0.10791015625 0.6725260416666666 0.017578125 0.0234375
0 0.3154296875 0.5231119791666666 0.0107421875 0.020182291666666668
0 0.318603515625 0.9059244791666666 0.01416015625 0.021484375
0 0.31689453125 0.8776041666666666 0.0078125 0.013020833333333334
0 0.319091796875 0.8587239583333334 0.01904296875 0.022135416666666668
0 0.305419921875 0.8229166666666666 0.00732421875 0.020833333333333332
0 0.337158203125 0.8427734375 0.00927734375 0.020182291666666668
0 0.326416015625 0.7819010416666666 0.02685546875 0.028645833333333332
0 0.301513671875 0.71875 0.00732421875 0.0234375
0 0.296875 0.4879557291666667 0.0126953125 0.024088541666666668
0 0.3193359375 0.8369140625 0.0166015625 0.016276041666666668
0 0.33984375 0.4847005208333333 0.0068359375 0.024088541666666668
0 0.46142578125 0.6142578125 0.0107421875 0.029296875
0 0.338134765625 0.4619140625 0.00927734375 0.024088541666666668
0 0.3154296875 0.359375 0.0126953125 0.026041666666666668
0 0.30517578125 0.3717447916666667 0.013671875 0.020833333333333332
0 0.18359375 0.4241536458333333 0.009765625 0.013671875
0 0.173583984375 0.4674479166666667 0.01220703125 0.029947916666666668
0 0.181640625 0.4436848958333333 0.0146484375 0.027994791666666668
0 0.163818359375 0.4938151041666667 0.00634765625 0.018880208333333332
0 0.179931640625 0.501953125 0.01611328125 0.032552083333333336
0 0.18310546875 0.53125 0.015625 0.028645833333333332
0 0.198974609375 0.6311848958333334 0.00927734375 0.021484375
0 0.33154296875 0.10384114583333333 0.0068359375 0.035807291666666664
0 0.723876953125 0.7337239583333334 0.01123046875 0.020833333333333332
0 0.716552734375 0.7936197916666666 0.01318359375 0.02734375
0 0.32421875 0.4388020833333333 0.0166015625 0.026041666666666668
0 0.110595703125 0.6966145833333334 0.01513671875 0.02734375
0 0.10693359375 0.4075520833333333 0.0244140625 0.028645833333333332
0 0.071533203125 0.9554036458333334 0.01416015625 0.037109375
0 0.08251953125 0.90234375 0.01171875 0.018229166666666668
0 0.089111328125 0.8779296875 0.02001953125 0.037109375
0 0.098876953125 0.8486328125 0.02685546875 0.026692708333333332
0 0.0927734375 0.8098958333333334 0.0166015625 0.028645833333333332
0 0.080810546875 0.8079427083333334 0.01025390625 0.016927083333333332
0 0.10498046875 0.8177083333333334 0.0146484375 0.029947916666666668
0 0.719970703125 0.8317057291666666 0.00927734375 0.017578125
0 0.078125 0.7890625 0.0078125 0.018229166666666668
0 0.630859375 0.7415364583333334 0.0048828125 0.028645833333333332
0 0.94482421875 0.408203125 0.001953125 0.006510416666666667
0 0.942138671875 0.41015625 0.00244140625 0.005208333333333333
0 0.080322265625 0.6796875 0.01904296875 0.036458333333333336
0 0.096923828125 0.7919921875 0.01904296875 0.022786458333333332
0 0.94189453125 0.3990885416666667 0.00390625 0.01171875
0 0.851806640625 0.4293619791666667 0.01123046875 0.031901041666666664
0 0.950927734375 0.482421875 0.00830078125 0.018229166666666668
0 0.718994140625 0.8147786458333334 0.01416015625 0.021484375
0 0.7529296875 0.8603515625 0.01171875 0.025390625
0 0.71435546875 0.8811848958333334 0.0107421875 0.030598958333333332
0 0.8359375 0.3538411458333333 0.0107421875 0.018880208333333332
0 0.73046875 0.9514973958333334 0.017578125 0.026692708333333332
0 0.92333984375 0.5260416666666666 0.0078125 0.0234375
0 0.944580078125 0.4339192708333333 0.01318359375 0.030598958333333332
0 0.953125 0.4488932291666667 0.0087890625 0.016276041666666668
0 0.9482421875 0.4554036458333333 0.009765625 0.020182291666666668
0 0.063720703125 0.8977864583333334 0.00634765625 0.032552083333333336
0 0.944091796875 0.3766276041666667 0.00244140625 0.011067708333333334
0 0.947021484375 0.4036458333333333 0.00341796875 0.013020833333333334
0 0.09619140625 0.6611328125 0.0234375 0.029296875
0 0.075439453125 0.7594401041666666 0.01318359375 0.026692708333333332
0 0.087646484375 0.6285807291666666 0.01318359375 0.022786458333333332
0 0.077880859375 0.6370442708333334 0.01708984375 0.033203125
0 0.09716796875 0.5846354166666666 0.017578125 0.016927083333333332
0 0.08837890625 0.6012369791666666 0.0146484375 0.027994791666666668
0 0.1025390625 0.6070963541666666 0.015625 0.021484375
0 0.12548828125 0.5465494791666666 0.0078125 0.029296875
0 0.076416015625 0.4973958333333333 0.01025390625 0.026041666666666668
0 0.094482421875 0.5250651041666666 0.01611328125 0.030598958333333332
0 0.109130859375 0.4710286458333333 0.01806640625 0.025390625
0 0.117431640625 0.4866536458333333 0.01513671875 0.031901041666666664
0 0.103271484375 0.4801432291666667 0.01611328125 0.024088541666666668
0 0.104248046875 0.4443359375 0.02392578125 0.038411458333333336
0 0.093017578125 0.5598958333333334 0.02001953125 0.032552083333333336
0 0.114501953125 0.3255208333333333 0.01220703125 0.018229166666666668
0 0.0869140625 0.3981119791666667 0.025390625 0.038411458333333336
0 0.095458984375 0.3776041666666667 0.02099609375 0.033854166666666664
0 0.123779296875 0.3642578125 0.01123046875 0.014973958333333334
0 0.085693359375 0.3557942708333333 0.01611328125 0.031901041666666664
0 0.1123046875 0.3561197916666667 0.0185546875 0.028645833333333332
0 0.09619140625 0.34375 0.0185546875 0.029947916666666668
0 0.10009765625 0.3102213541666667 0.0166015625 0.027994791666666668
0 0.118408203125 0.283203125 0.01611328125 0.022135416666666668
0 0.09521484375 0.2652994791666667 0.0185546875 0.031901041666666664
0 0.1220703125 0.4137369791666667 0.0146484375 0.025390625
0 0.097900390625 0.6861979166666666 0.01318359375 0.015625
