0 0.41748046875 0.16927083333333334 0.013671875 0.0234375
0 0.478515625 0.5335286458333334 0.0087890625 0.020182291666666668
0 0.51123046875 0.5094401041666666 0.0087890625 0.018880208333333332
0 0.50634765625 0.345703125 0.005859375 0.0234375
0 0.424072265625 0.13151041666666666 0.01708984375 0.02734375
0 0.2705078125 0.6393229166666666 0.0126953125 0.03515625
0 0.24072265625 0.8131510416666666 0.0205078125 0.037760416666666664
0 0.5107421875 0.4371744791666667 0.01171875 0.030598958333333332
0 0.35400390625 0.8759765625 0.021484375 0.043619791666666664
0 0.27734375 0.8157552083333334 0.0087890625 0.02734375
0 0.374267578125 0.8151041666666666 0.00732421875 0.026041666666666668
0 0.27294921875 0.8785807291666666 0.013671875 0.027994791666666668
0 0.283203125 0.859375 0.005859375 0.037760416666666664
0 0.331787109375 0.7265625 0.00927734375 0.0234375
0 0.260498046875 0.8483072916666666 0.01904296875 0.045572916666666664
0 0.32763671875 0.7421875 0.0107421875 0.028645833333333332
0 0.41845703125 0.20572916666666666 0.013671875 0.028645833333333332
0 0.423583984375 0.2584635416666667 0.01416015625 0.033854166666666664
0 0.35302734375 0.9147135416666666 0.01953125 0.03125
0 0.426025390625 0.18359375 0.01318359375 0.0234375
0 0.486572265625 0.5572916666666666 0.01220703125 0.0234375
0 0.25 0.8756510416666666 0.0224609375 0.041666666666666664
0 0.411865234375 0.3359375 0.01318359375 0.029947916666666668
0 0.42236328125 0.052083333333333336 0.013671875 0.024739583333333332
0 0.244384765625 0.8382161458333334 0.01416015625 0.024088541666666668
0 0.32080078125 0.8489583333333334 0.0048828125 0.026041666666666668
0 0.414306640625 0.14453125 0.01806640625 0.028645833333333332
0 0.42041015625 0.1083984375 0.0146484375 0.029296875
0 0.423095703125 0.07682291666666667 0.01416015625 0.026041666666666668
0 0.404296875 0.026041666666666668 0.0087890625 0.02734375
0 0.49169921875 0.020182291666666668 0.01171875 0.028645833333333332
0 0.5126953125 0.3938802083333333 0.0087890625 0.029947916666666668
0 0.509033203125 0.4749348958333333 0.00927734375 0.025390625
0 0.487548828125 0.5074869791666666 0.01123046875 0.024088541666666668
0 0.476318359375 0.5091145833333334 0.01318359375 0.024739583333333332
0 0.4267578125 0.027669270833333332 0.0078125 0.020182291666666668
0 0.4775390625 0.5693359375 0.0126953125 0.030598958333333332
0 0.489501953125 0.658203125 0.01904296875 0.0390625
0 0.501220703125 0.6793619791666666 0.01416015625 0.034505208333333336
0 0.490234375 0.7288411458333334 0.015625 0.038411458333333336
0 0.49609375 0.8330078125 0.0244140625 0.024088541666666668
0 0.482421875 0.7737630208333334 0.015625 0.025390625
0 0.479248046875 0.75 0.01513671875 0.0234375
0 0.27490234375 0.7900390625 0.0068359375 0.016276041666666668
0 0.5703125 0.050455729166666664 0.013671875 0.050130208333333336
0 0.263916015625 0.796875 0.01123046875 0.020833333333333332
0 0.50146484375 0.5198567708333334 0.0107421875 0.030598958333333332
