0 0.1435546875 0.2682291666666667 0.0048828125 0.0078125
0 0.25830078125 0.3349609375 0.0126953125 0.037109375
0 0.54931640625 0.3557942708333333 0.0048828125 0.018880208333333332
0 0.534423828125 0.3577473958333333 0.00830078125 0.020182291666666668
0 0.52734375 0.541015625 0.00390625 0.0078125
0 0.522705078125 0.57421875 0.00146484375 0.006510416666666667
0 0.527099609375 0.5927734375 0.01123046875 0.029296875
0 0.262451171875 0.4703776041666667 0.01611328125 0.044921875
0 0.15625 0.359375 0.0107421875 0.018229166666666668
0 0.270751953125 0.8388671875 0.01513671875 0.047526041666666664
0 0.146484375 0.2838541666666667 0.009765625 0.0234375
0 0.1630859375 0.3518880208333333 0.0048828125 0.013671875
0 0.279541015625 0.9505208333333334 0.00927734375 0.018229166666666668
0 0.265625 0.650390625 0.00390625 0.009114583333333334
0 0.261474609375 0.6370442708333334 0.00244140625 0.007161458333333333
0 0.259765625 0.5817057291666666 0.0078125 0.025390625
