0 0.38525390625 0.560546875 0.0068359375 0.010416666666666666
0 0.58056640625 0.4586588541666667 0.0048828125 0.017578125
0 0.38525390625 0.7112630208333334 0.00390625 0.013671875
0 0.386474609375 0.5511067708333334 0.00439453125 0.007161458333333333
0 0.684814453125 0.7278645833333334 0.00732421875 0.0234375
0 0.386962890625 0.6998697916666666 0.00537109375 0.0078125
0 0.385498046875 0.5445963541666666 0.00830078125 0.007161458333333333
0 0.387939453125 0.7086588541666666 0.00537109375 0.009765625
0 0.3916015625 0.7369791666666666 0.0068359375 0.026041666666666668
0 0.388427734375 0.7330729166666666 0.00537109375 0.014322916666666666
0 0.579345703125 0.4674479166666667 0.00732421875 0.016927083333333332
0 0.383544921875 0.5651041666666666 0.00439453125 0.009114583333333334
0 0.38525390625 0.640625 0.005859375 0.013020833333333334
0 0.38720703125 0.6832682291666666 0.0068359375 0.013671875
0 0.385986328125 0.6907552083333334 0.00634765625 0.01171875
0 0.3857421875 0.5380859375 0.0087890625 0.009765625
0 0.3837890625 0.5797526041666666 0.00390625 0.012369791666666666
0 0.385498046875 0.5 0.00439453125 0.0078125
0 0.3828125 0.4153645833333333 0.005859375 0.009114583333333334
0 0.38623046875 0.4690755208333333 0.0048828125 0.011067708333333334
0 0.38525390625 0.5231119791666666 0.0048828125 0.011067708333333334
