0 0.6259765625 0.7194010416666666 0.005859375 0.01953125
0 0.381103515625 0.8082682291666666 0.00634765625 0.012369791666666666
0 0.393798828125 0.8317057291666666 0.00244140625 0.004557291666666667
0 0.515625 0.5712890625 0.001953125 0.008463541666666666
0 0.244140625 0.3909505208333333 0.0048828125 0.008463541666666666
0 0.248291015625 0.3841145833333333 0.00439453125 0.005208333333333333
0 0.390625 0.5208333333333334 0.0029296875 0.005208333333333333
0 0.23291015625 0.5341796875 0.0068359375 0.012369791666666666
0 0.383544921875 0.8206380208333334 0.00927734375 0.013671875
0 0.23388671875 0.3759765625 0.0029296875 0.012369791666666666
0 0.6123046875 0.7190755208333334 0.0068359375 0.017578125
0 0.390625 0.6656901041666666 0.0029296875 0.009765625
0 0.38671875 0.8356119791666666 0.0078125 0.016276041666666668
0 0.381591796875 0.8430989583333334 0.00537109375 0.01171875
0 0.37890625 0.8274739583333334 0.0087890625 0.022135416666666668
0 0.373046875 0.787109375 0.005859375 0.022135416666666668
0 0.37548828125 0.8017578125 0.0048828125 0.012369791666666666
0 0.390869140625 0.6087239583333334 0.00439453125 0.013020833333333334
0 0.3876953125 0.6692708333333334 0.009765625 0.015625
0 0.392578125 0.7041015625 0.0029296875 0.012369791666666666
0 0.390625 0.7262369791666666 0.0048828125 0.012369791666666666
0 0.233642578125 0.5084635416666666 0.00439453125 0.01171875
0 0.6005859375 0.7171223958333334 0.001953125 0.008463541666666666
0 0.38232421875 0.681640625 0.005859375 0.009114583333333334
0 0.7275390625 0.6354166666666666 0.0078125 0.02734375
0 0.367919921875 0.8274739583333334 0.00341796875 0.016927083333333332
0 0.7080078125 0.6513671875 0.0048828125 0.012369791666666666
0 0.232177734375 0.3369140625 0.00537109375 0.026692708333333332
0 0.710693359375 0.6761067708333334 0.00634765625 0.013671875
0 0.733154296875 0.5696614583333334 0.00830078125 0.01953125
0 0.386962890625 0.7376302083333334 0.00537109375 0.010416666666666666
0 0.7216796875 0.60546875 0.013671875 0.026041666666666668
0 0.720703125 0.5865885416666666 0.0078125 0.014322916666666666
0 0.728271484375 0.5784505208333334 0.01025390625 0.014973958333333334
0 0.320556640625 0.4807942708333333 0.00732421875 0.026692708333333332
0 0.72412109375 0.5602213541666666 0.0087890625 0.022786458333333332
0 0.732666015625 0.5514322916666666 0.00927734375 0.0234375
0 0.36572265625 0.7386067708333334 0.001953125 0.009765625
0 0.614501953125 0.666015625 0.00244140625 0.0078125
0 0.62744140625 0.7639973958333334 0.0048828125 0.017578125
0 0.60302734375 0.7516276041666666 0.0068359375 0.020182291666666668
0 0.629150390625 0.7083333333333334 0.00341796875 0.015625
0 0.13525390625 0.775390625 0.00390625 0.01171875
0 0.51953125 0.5794270833333334 0.00390625 0.010416666666666666
0 0.3154296875 0.4752604166666667 0.00390625 0.010416666666666666
0 0.387451171875 0.681640625 0.00244140625 0.006510416666666667
0 0.51513671875 0.5520833333333334 0.00390625 0.022135416666666668
0 0.606201171875 0.6998697916666666 0.00537109375 0.01171875
0 0.5234375 0.61328125 0.0029296875 0.010416666666666666
0 0.3671875 0.8092447916666666 0.0029296875 0.016927083333333332
0 0.62890625 0.751953125 0.0029296875 0.018229166666666668
0 0.384765625 0.7581380208333334 0.0068359375 0.009765625
0 0.381103515625 0.6429036458333334 0.00732421875 0.013671875
0 0.39306640625 0.7610677083333334 0.0029296875 0.009114583333333334
0 0.229736328125 0.5390625 0.00341796875 0.0078125
0 0.2470703125 0.5559895833333334 0.00390625 0.01171875
0 0.245361328125 0.5 0.00537109375 0.014322916666666666
0 0.316162109375 0.4205729166666667 0.00537109375 0.013020833333333334
0 0.31689453125 0.4488932291666667 0.005859375 0.016276041666666668
0 0.389404296875 0.529296875 0.00341796875 0.010416666666666666
0 0.3916015625 0.5400390625 0.0048828125 0.017578125
0 0.392578125 0.5960286458333334 0.00390625 0.009765625
0 0.243896484375 0.4811197916666667 0.01123046875 0.013020833333333334
0 0.245849609375 0.4632161458333333 0.01025390625 0.014973958333333334
0 0.2314453125 0.59375 0.0107421875 0.014322916666666666
0 0.134765625 0.7490234375 0.0029296875 0.011067708333333334
0 0.142333984375 0.8961588541666666 0.00537109375 0.025390625
0 0.147216796875 0.8583984375 0.01123046875 0.033203125
0 0.244873046875 0.431640625 0.00830078125 0.013020833333333334
0 0.166015625 0.869140625 0.01171875 0.016927083333333332
0 0.138427734375 0.841796875 0.00439453125 0.028645833333333332
0 0.157470703125 0.8597005208333334 0.00927734375 0.020182291666666668
0 0.13671875 0.76171875 0.005859375 0.014322916666666666
0 0.1650390625 0.7337239583333334 0.0048828125 0.01953125
0 0.24267578125 0.3694661458333333 0.0126953125 0.029296875
0 0.239013671875 0.4215494791666667 0.00830078125 0.022786458333333332
0 0.372802734375 0.7666015625 0.00537109375 0.012369791666666666
0 0.392333984375 0.6429036458333334 0.00244140625 0.008463541666666666
0 0.2392578125 0.4583333333333333 0.0087890625 0.013020833333333334
0 0.238037109375 0.4391276041666667 0.00732421875 0.016276041666666668
0 0.525390625 0.5875651041666666 0.0068359375 0.016276041666666668
0 0.39599609375 0.796875 0.005859375 0.014322916666666666
0 0.389404296875 0.6409505208333334 0.00341796875 0.013671875
0 0.3876953125 0.7916666666666666 0.0087890625 0.0234375
0 0.3779296875 0.8610026041666666 0.0048828125 0.014973958333333334
0 0.52587890625 0.6526692708333334 0.0029296875 0.008463541666666666
0 0.533203125 0.6490885416666666 0.0029296875 0.006510416666666667
0 0.621826171875 0.5286458333333334 0.00537109375 0.014322916666666666
0 0.61767578125 0.697265625 0.0078125 0.01953125
0 0.627197265625 0.6731770833333334 0.00439453125 0.020833333333333332
0 0.6162109375 0.6552734375 0.0068359375 0.013671875
0 0.616455078125 0.6184895833333334 0.00634765625 0.013020833333333334
0 0.617431640625 0.5813802083333334 0.00732421875 0.014322916666666666
0 0.601318359375 0.7034505208333334 0.00341796875 0.009765625
0 0.618896484375 0.5569661458333334 0.00830078125 0.014973958333333334
0 0.609375 0.5419921875 0.0068359375 0.013671875
0 0.526123046875 0.6263020833333334 0.00439453125 0.005208333333333333
0 0.604736328125 0.5188802083333334 0.00537109375 0.016927083333333332
0 0.505126953125 0.2897135416666667 0.00341796875 0.013020833333333334
0 0.504638671875 0.4059244791666667 0.00341796875 0.020182291666666668
0 0.52978515625 0.5631510416666666 0.001953125 0.005208333333333333
0 0.52294921875 0.5706380208333334 0.0029296875 0.005859375
0 0.529052734375 0.6341145833333334 0.00146484375 0.00390625
0 0.5302734375 0.6292317708333334 0.0029296875 0.004557291666666667
0 0.227783203125 0.6080729166666666 0.00341796875 0.005208333333333333
