0 0.287353515625 0.326171875 0.00537109375 0.010416666666666666
0 0.37158203125 0.4189453125 0.0068359375 0.013671875
0 0.2900390625 0.3346354166666667 0.0068359375 0.015625
0 0.294189453125 0.34375 0.00634765625 0.013020833333333334
0 0.294921875 0.3304036458333333 0.0068359375 0.020182291666666668
0 0.329345703125 0.4378255208333333 0.00341796875 0.012369791666666666
0 0.3720703125 0.3623046875 0.005859375 0.014973958333333334
0 0.372802734375 0.4036458333333333 0.00732421875 0.014322916666666666
0 0.376708984375 0.4222005208333333 0.00634765625 0.013671875
0 0.539794921875 0.603515625 0.00439453125 0.01171875
0 0.41650390625 0.4075520833333333 0.005859375 0.0078125
0 0.530029296875 0.5966796875 0.00634765625 0.013671875
0 0.5322265625 0.5198567708333334 0.0048828125 0.013671875
0 0.52978515625 0.5472005208333334 0.009765625 0.017578125
0 0.619384765625 0.2669270833333333 0.00732421875 0.014322916666666666
0 0.291748046875 0.3763020833333333 0.00732421875 0.013020833333333334
0 0.6337890625 0.3860677083333333 0.0068359375 0.014322916666666666
0 0.623291015625 0.279296875 0.00732421875 0.016927083333333332
0 0.372314453125 0.4322916666666667 0.00927734375 0.015625
0 0.62060546875 0.3050130208333333 0.0078125 0.016276041666666668
0 0.541015625 0.6223958333333334 0.005859375 0.020833333333333332
0 0.722412109375 0.4466145833333333 0.00341796875 0.010416666666666666
0 0.630126953125 0.373046875 0.00732421875 0.014322916666666666
0 0.288818359375 0.3681640625 0.00634765625 0.013671875
0 0.291015625 0.3141276041666667 0.0078125 0.018880208333333332
0 0.634521484375 0.3984375 0.00537109375 0.01171875
0 0.630859375 0.435546875 0.0068359375 0.014322916666666666
0 0.6279296875 0.4303385416666667 0.0078125 0.015625
0 0.62646484375 0.4368489583333333 0.005859375 0.015625
0 0.633544921875 0.521484375 0.00537109375 0.009114583333333334
0 0.63134765625 0.5276692708333334 0.0068359375 0.009765625
0 0.628173828125 0.4205729166666667 0.00830078125 0.009114583333333334
0 0.630126953125 0.544921875 0.00537109375 0.010416666666666666
0 0.719482421875 0.4104817708333333 0.00634765625 0.013671875
0 0.72412109375 0.4134114583333333 0.0048828125 0.01171875
0 0.720703125 0.421875 0.0048828125 0.010416666666666666
0 0.711181640625 0.3427734375 0.00439453125 0.011067708333333334
0 0.711181640625 0.3203125 0.00244140625 0.013020833333333334
0 0.71435546875 0.3138020833333333 0.005859375 0.013020833333333334
0 0.629150390625 0.4016927083333333 0.00732421875 0.015625
0 0.711669921875 0.3323567708333333 0.00439453125 0.011067708333333334
