0 0.269775390625 0.7298177083333334 0.00927734375 0.013020833333333334
0 0.3544921875 0.5120442708333334 0.0029296875 0.008463541666666666
0 0.358642578125 0.5387369791666666 0.00732421875 0.013671875
0 0.35009765625 0.5296223958333334 0.0048828125 0.020182291666666668
0 0.3564453125 0.595703125 0.0048828125 0.010416666666666666
0 0.3515625 0.5771484375 0.00390625 0.016276041666666668
0 0.41748046875 0.4606119791666667 0.005859375 0.011067708333333334
0 0.42724609375 0.4010416666666667 0.0048828125 0.01953125
0 0.427978515625 0.4192708333333333 0.00439453125 0.014322916666666666
0 0.40869140625 0.2584635416666667 0.00390625 0.013020833333333334
0 0.50341796875 0.3395182291666667 0.0048828125 0.017578125
0 0.423583984375 0.7109375 0.00634765625 0.014322916666666666
