0 0.15094618055555545 0.9433506944444444 0.03295138888888892 0.052725694444444256
0 0.15158854166666677 0.8456944444444444 0.03606770833333349 0.05842013888888885
0 0.17319444444444443 0.7939322916666667 0.028810763888888542 0.061362847222222267
0 0.11750868055555547 0.7538368055555555 0.02198784722222216 0.06467881944444444
0 0.1430121527777778 0.7059114583333334 0.01870659722222238 0.03859375000000003
0 0.1187934027777777 0.6688888888888889 0.015755208333333017 0.05264756944444452
0 0.1447135416666667 0.6637847222222222 0.027239583333333428 0.039244791666666695
0 0.1502083333333333 0.61890625 0.03148437500000038 0.0637413194444445
0 0.18040798611111106 0.5606684027777777 0.016432291666666918 0.03813368055555561
0 0.17053819444444449 0.5862847222222222 0.014314236111110922 0.025112847222222276
0 0.14809895833333345 0.5373524305555555 0.02175347222222257 0.03923611111111115
0 0.1633854166666665 0.5195399305555556 0.01835069444444473 0.03310763888888898
0 0.16801215277777792 0.47967013888888893 0.019357638888889046 0.03583333333333331
0 0.19884548611111125 0.4356076388888889 0.011267361111110732 0.035824652777777764
0 0.18443576388888872 0.45511284722222217 0.013663194444444256 0.02986111111111119
0 0.18677951388888894 0.4198263888888889 0.013776041666666572 0.02812499999999998
0 0.6002690972222224 0.9126302083333333 0.026961805555555902 0.04704861111111095
0 0.5722743055555557 0.9118229166666667 0.016614583333333616 0.016631944444444317
0 0.5702777777777778 0.9313802083333333 0.03005208333333324 0.019887152777777653
0 0.5870833333333335 0.960703125 0.037812500000000346 0.04716145833333327
0 0.6028472222222222 0.9690104166666667 0.024383680555555683 0.042447916666666745
0 0.18020833333333325 0.5153385416666666 0.024383680555555683 0.04366319444444441
0 0.1936718750000001 0.6702083333333334 0.007578124999999621 0.01772569444444451
0 0.19810763888888872 0.6823611111111112 0.008897569444444444 0.008220486111111135
0 0.19806423611111118 0.8659809027777778 0.009288194444444287 0.022317708333333366
0 0.1371527777777778 0.9913194444444444 0.008680555555555556 0.017361111111111112
0 0.1056684027777778 0.9456857638888889 0.005217013888889078 0.03802951388888884