0 0.20308159722222208 0.12004340277777775 0.028376736111110763 0.05320312499999997
0 0.21081597222222234 0.12917534722222218 0.030868055555555902 0.051388888888888734
0 0.20592013888888872 0.18188368055555573 0.04230902777777759 0.05054687499999962
0 0.6333072916666668 0.9671180555555554 0.03224826388888857 0.06575520833333333
0 0.6824131944444444 0.7774218750000002 0.057421874999999685 0.06981770833333359
0 0.6425086805555557 0.8070572916666667 0.032404513888888827 0.05438368055555524
0 0.7350954861111111 0.7065277777777779 0.044930555555555744 0.057517361111111304
0 0.6902951388888887 0.6760677083333333 0.06156250000000006 0.07461805555555559
0 0.657777777777778 0.7524392361111111 0.04301215277777794 0.048072916666666764
0 0.7313628472222224 0.5876041666666667 0.039123263888888635 0.05373263888888857
0 0.7311979166666668 0.47080729166666657 0.04210937500000019 0.06415798611111098
0 0.6705555555555556 0.458689236111111 0.032048611111111173 0.07644097222222257
0 0.7078038194444444 0.16985243055555563 0.03184895833333298 0.05154513888888898
0 0.7599913194444446 0.20944444444444463 0.034947916666666856 0.05604166666666702
0 0.7150347222222221 0.22380208333333348 0.02506944444444454 0.03643229166666689
0 0.7354253472222223 0.14561631944444445 0.04559027777777816 0.07611111111111137
0 0.7092013888888888 0.0234375 0.03298611111111111 0.046875