0 0.7700347222222221 0.6517881944444444 0.03644097222222204 0.042638888888888796
0 0.7924913194444443 0.8499305555555554 0.014123263888889268 0.019869791666666952
0 0.7993055555555557 0.8718923611111111 0.02463541666666676 0.040217013888888827
0 0.7823177083333334 0.8848090277777779 0.012118055555555587 0.024157986111111047
0 0.8002170138888888 0.8961545138888888 0.020182291666666668 0.029973958333333113
0 0.7879079861111111 0.9254079861111113 0.019791666666666825 0.03375868055555584
0 0.796814236111111 0.9778819444444444 0.014774305555555934 0.04268229166666673
0 0.7955902777777778 0.9406857638888889 0.017213541666666603 0.024157986111111047
0 0.7751736111111112 0.9978298611111112 0.012152777777777778 0.004340277777777778
0 0.5267013888888888 0.5467708333333334 0.02381944444444449 0.032534722222222236
0 0.4839409722222222 0.5323177083333334 0.00813368055555546 0.01672743055555554
0 0.5419357638888889 0.19371527777777786 0.01848958333333349 0.03706597222222206
0 0.5407552083333333 0.23374999999999999 0.015260416666666603 0.03593750000000008
0 0.5330729166666666 0.12068576388888887 0.024340277777777745 0.040286458333333205
0 0.5347222222222222 0.012586805555555556 0.024305555555555556 0.025173611111111112
0 0.5194184027777777 0.025086805555555633 0.015355902777777826 0.02282986111111127
0 0.5406684027777777 0.09074652777777775 0.02032118055555543 0.024939236111111127
0 0.18073784722222225 0.3709461805555555 0.011987847222222174 0.04230902777777759
0 0.22352430555555555 0.014756944444444444 0.0234375 0.029513888888888888
0 0.2443576388888889 0.010416666666666666 0.011284722222222222 0.020833333333333332
0 0.5033854166666667 0.46351562500000004 0.010121527777777651 0.02144965277777781
0 0.5413888888888889 0.36115451388888886 0.015104166666666745 0.014418402777777888