0 0.8405989583333333 0.5592621527777778 0.016770833333333277 0.028871527777777968
0 0.8024131944444445 0.26747395833333343 0.008550347222222143 0.010755208333333223
0 0.8260677083333333 0.5205729166666667 0.0220138888888888 0.035355902777777795
0 0.9221614583333333 0.5057378472222221 0.0335677083333334 0.042387152777777715
0 0.8919270833333334 0.19461805555555559 0.032673611111111 0.036128472222222124
0 0.8747048611111111 0.16506944444444452 0.02463541666666676 0.04299479166666684
0 0.8746527777777778 0.12289062499999995 0.02671006944444443 0.04315972222222205
0 0.9263541666666667 0.5454427083333333 0.03291666666666673 0.035668402777777906
0 0.9275781249999999 0.5987586805555556 0.03583333333333351 0.06486111111111094
0 0.9943576388888888 0.24088541666666666 0.011284722222222222 0.03732638888888889
0 0.9904513888888888 0.1909722222222222 0.019097222222222224 0.05381944444444445