0 0.2204861111111111 0.006944444444444444 0.03819444444444445 0.013888888888888888
0 0.2462586805555556 0.030381944444444444 0.012743055555555808 0.029878472222222285
0 0.21437500000000004 0.023776041666666557 0.02825520833333349 0.040434027777777715
0 0.24973958333333318 0.1279947916666665 0.01648437499999981 0.026961805555555902
0 0.27698784722222236 0.2299045138888888 0.020208333333333113 0.04203125000000006
0 0.22418402777777796 0.2641579861111111 0.03112847222222194 0.059644097222222255
0 0.255625 0.31199652777777787 0.027942708333332986 0.05145833333333311
0 0.2955034722222223 0.4463975694444444 0.026119791666666795 0.05305555555555546
0 0.5856163194444446 0.5229340277777779 0.009218749999999906 0.04136284722222191
0 0.6478993055555556 0.4818402777777777 0.03150173611111108 0.054505208333333305
0 0.7284201388888888 0.42130208333333347 0.010312500000000094 0.043897569444444194
0 0.7317881944444444 0.3083072916666667 0.012699652777777872 0.03467881944444429
0 0.6183680555555556 0.20054687500000018 0.018342013888888984 0.03769965277777803
0 0.6165104166666665 0.23057291666666657 0.027213541666666983 0.037690972222222285
0 0.6889583333333332 0.0651822916666668 0.04909722222222257 0.08605902777777806
0 0.6500868055555556 0.04832465277777784 0.02367187500000038 0.05699652777777765
0 0.6070399305555555 0.134236111111111 0.012447916666666793 0.031579861111111204
0 0.6381163194444446 0.5976128472222221 0.012013888888889015 0.033906250000000346
0 0.5858333333333334 0.5983420138888889 0.011406250000000284 0.05289930555555521
0 0.5826562499999999 0.7549739583333334 0.01848958333333349 0.03990451388888911
0 0.6880642361111112 0.41007812499999985 0.0236197916666667 0.04445312500000003
0 0.7334895833333334 0.2814670138888889 0.00929687500000003 0.02677083333333346
0 0.728810763888889 0.2703298611111112 0.008715277777777745 0.01983506944444476
0 0.7278993055555555 0.2341579861111111 0.007890625000000127 0.0158246527777774
0 0.7426215277777778 0.021267361111111112 0.014756944444444444 0.042534722222222224