0 0.041770833333333236 0.9725434027777777 0.02288194444444416 0.047708333333333366
0 0.035529513888888746 0.907326388888889 0.0353559027777774 0.06897569444444447
0 0.019574652777777937 0.7984982638888889 0.024895833333333586 0.08243055555555559
0 0.02588541666666681 0.8566319444444445 0.014939236111111143 0.02815972222222227
0 0.027230902777777684 0.7584461805555556 0.011857638888888763 0.030694444444444358
0 0.03730034722222205 0.6624652777777778 0.05750868055555555 0.12372395833333331
0 0.14264756944444437 0.8274565972222222 0.028576388888888953 0.11341145833333341
0 0.13286458333333329 0.6622482638888889 0.017517361111111365 0.12045138888888889
0 0.5724826388888888 0.9874131944444444 0.04600694444444445 0.025173611111111112
0 0.6258680555555556 0.9869791666666666 0.019097222222222224 0.026041666666666668
0 0.6308854166666669 0.9329079861111111 0.029574652777777526 0.04358506944444448
0 0.6447135416666667 0.9107899305555556 0.018932291666667014 0.061727430555555664
0 0.5823958333333334 0.8613975694444443 0.046024305555555936 0.06785590277777784
0 0.5917534722222221 0.7785850694444444 0.04205729166666651 0.08372395833333338
0 0.5581597222222222 0.7849565972222222 0.01171875 0.025581597222222245
0 0.5360416666666666 0.7864496527777778 0.024201388888888984 0.027144097222222205
0 0.5040711805555556 0.6835850694444444 0.026901041666666476 0.09931423611111118
0 0.5829687499999999 0.5851822916666667 0.05282986111111083 0.08684027777777775
0 0.5704861111111109 0.33990451388888887 0.03921875000000025 0.08968750000000004
0 0.512717013888889 0.22015625 0.02434895833333349 0.045868055555555586
0 0.549296875 0.21866319444444446 0.04427951388888908 0.057786458333333325
0 0.5303732638888887 0.2522743055555556 0.0325086805555554 0.04445312500000003