0 0.6099305555555556 0.04710069444444463 0.020755208333333205 0.028680555555555525
0 0.5576128472222222 0.05607638888888881 0.018203124999999827 0.033463541666666825
0 0.5810503472222222 0.05117187499999984 0.03916666666666657 0.02227430555555543
0 0.597890625 0.08105902777777788 0.019296875000000015 0.031857638888888734
0 0.5969270833333334 0.1356770833333335 0.026753472222222366 0.04275173611111111
0 0.5531250000000001 0.15797743055555535 0.01889756944444443 0.024626736111111016
0 0.5856423611111112 0.19506944444444427 0.016875000000000046 0.03579861111111092
0 0.5726649305555556 0.171875 0.02624999999999981 0.03655381944444416
0 0.5859375 0.013020833333333334 0.03125 0.026041666666666668
0 0.5487934027777778 0.17191840277777792 0.029036458333333175 0.02825520833333349
0 0.5281510416666667 0.21262152777777782 0.00867187499999981 0.02264756944444457
0 0.5539149305555555 0.215373263888889 0.014687500000000063 0.025954861111110797
0 0.5441145833333333 0.02693576388888906 0.01751736111111097 0.020755208333333205
0 0.5996180555555556 0.16699652777777788 0.01769965277777767 0.02395833333333365
0 0.5484461805555555 0.10500000000000004 0.014001736111111206 0.018090277777777903
0 0.5687065972222223 0.10614583333333351 0.01250868055555543 0.020755208333333205