0 0.7825607638888891 0.6670920138888887 0.026614583333333205 0.07313368055555555
0 0.91453125 0.6481944444444443 0.02655381944444457 0.060954861111111334
0 0.9318315972222221 0.42449652777777774 0.0310503472222226 0.08213541666666657
0 0.8859201388888889 0.4101128472222221 0.03042534722222238 0.05716145833333365
0 0.8514756944444445 0.31120659722222244 0.05470486111111149 0.10543402777777781
0 0.9167881944444444 0.3474565972222222 0.030043402777777492 0.054895833333333144
0 0.8822222222222224 0.18559027777777792 0.055269097222222285 0.07521701388888857
0 0.9266406249999998 0.09091145833333335 0.03899305555555562 0.11760416666666629
0 0.9517968749999999 0.14837673611111096 0.02657118055555527 0.056553819444444126
0 0.8519965277777778 0.029947916666666668 0.0546875 0.059895833333333336
0 0.8302951388888888 0.005208333333333333 0.06163194444444445 0.010416666666666666
0 0.9526909722222222 0.013020833333333334 0.028645833333333332 0.026041666666666668