0 0.41098958333333335 0.4559722222222222 0.020798611111111143 0.03434895833333348
0 0.45229166666666665 0.22769965277777773 0.024123263888888857 0.057092013888888876
0 0.4336892361111112 0.1398177083333333 0.024973958333333712 0.03803819444444459
0 0.4392100694444443 0.07285590277777783 0.029140624999999747 0.05145833333333351
0 0.4261111111111112 0.09664930555555548 0.026640624999999654 0.04353298611111119
0 0.717265625 0.7976128472222221 0.02037326388888911 0.04105902777777794
0 0.7196961805555557 0.43131944444444453 0.015520833333333428 0.03848958333333346
0 0.7322656250000001 0.4273871527777777 0.020494791666666384 0.046076388888888827
0 0.6440451388888889 0.3294965277777777 0.018567708333333616 0.051310763888889
0 0.6655989583333333 0.3110416666666666 0.027638888888889015 0.0399565972222224
0 0.6371527777777778 0.26833333333333326 0.022265624999999685 0.05810763888888894
0 0.7306076388888888 0.28503472222222215 0.024730902777777588 0.05267361111111097
0 0.7344965277777776 0.33828125000000003 0.02185763888888914 0.04559895833333351
0 0.6346788194444445 0.21567708333333335 0.012465277777777494 0.04015625000000019
0 0.7093663194444445 0.22484374999999998 0.03134548611111083 0.04731770833333352
0 0.7117361111111111 0.16417534722222232 0.03065972222222197 0.08179687500000002
0 0.6487500000000002 0.11437499999999999 0.02313368055555524 0.04432291666666662
0 0.7024218750000001 0.08475694444444454 0.030668402777777715 0.05179687500000006
0 0.6971267361111112 0.03171874999999997 0.025720486111111204 0.04501736111111122
0 0.7122395833333334 0.006076388888888889 0.0234375 0.012152777777777778
0 0.6362847222222222 0.010416666666666666 0.020833333333333332 0.020833333333333332
0 0.9740277777777777 0.15508680555555562 0.04665798611111111 0.03563368055555571
0 0.9852430555555556 0.2582465277777778 0.029513888888888888 0.07552083333333333
0 0.9995659722222222 0.35546875 0.0008680555555555555 0.044270833333333336
0 0.9934895833333334 0.3802083333333333 0.013020833333333334 0.04861111111111111
0 0.9848090277777778 0.4144965277777778 0.030381944444444444 0.03732638888888889
0 0.9852430555555556 0.5095486111111112 0.029513888888888888 0.04513888888888889
0 0.9943576388888888 0.5481770833333334 0.011284722222222222 0.05642361111111111
0 0.9865451388888888 0.6232638888888888 0.026909722222222224 0.059027777777777776
0 0.9982638888888888 0.6623263888888888 0.003472222222222222 0.0642361111111111
0 0.9727604166666666 0.783142361111111 0.020208333333333113 0.035737847222222285