0 0.9354253472222224 0.3489322916666665 0.03847222222222197 0.07500868055555543
0 0.9597829861111111 0.33375868055555535 0.010902777777778126 0.05693576388888902
0 0.6719618055555555 0.2720920138888887 0.01755208333333316 0.04477430555555549
0 0.3894010416666666 0.029835069444444348 0.018932291666666618 0.036006944444444064
0 0.3407118055555556 0.019965277777777776 0.025173611111111112 0.03993055555555555
0 0.36100694444444453 0.49897569444444456 0.02671006944444443 0.06611111111111098
0 0.34388888888888897 0.48998263888888893 0.014539930555555556 0.048124999999999654
0 0.43243055555555565 0.5619270833333334 0.03549479166666655 0.07674479166666653
0 0.3324479166666667 0.32302083333333326 0.021085069444444413 0.049340277777777906
0 0.3456510416666667 0.3636892361111109 0.03015624999999981 0.04322048611111108
0 0.03767361111111119 0.34222222222222204 0.022569444444444444 0.048515625000000284
0 0.009548611111111112 0.3519965277777778 0.019097222222222224 0.0720486111111111
0 0.05475694444444438 0.311970486111111 0.02239583333333349 0.046875
0 0.010850694444444444 0.09114583333333333 0.021701388888888888 0.041666666666666664
0 0.006944444444444444 0.1284722222222222 0.013888888888888888 0.06770833333333333