0 0.8525781250000001 0.816345486111111 0.03876736111111098 0.09874131944444445
0 0.8357638888888891 0.6845225694444443 0.01032118055555584 0.027552083333333144
0 0.8592447916666666 0.7028385416666667 0.015902777777777526 0.020720486111111016
0 0.8381684027777779 0.7086371527777777 0.010477430555555303 0.019895833333333397
0 0.8318315972222222 0.7247222222222223 0.00867187499999981 0.021388888888888777
0 0.8530121527777779 0.6468663194444445 0.020512152777777872 0.02879340277777784
0 0.8285243055555556 0.5771527777777778 0.02687500000000003 0.03266493055555565
0 0.8200954861111112 0.6342361111111112 0.019991319444444225 0.03473958333333332
0 0.8434201388888888 0.6105121527777777 0.019887152777777653 0.04235243055555552
0 0.8490364583333334 0.5821440972222223 0.009184027777777715 0.01730034722222208
0 0.8262413194444443 0.6095572916666667 0.0145486111111113 0.038949652777777684