0 0.03515625 0.010850694444444444 0.014756944444444444 0.021701388888888888
0 0.1748524305555556 0.14627604166666666 0.020086805555555445 0.03342013888888889
0 0.1898003472222223 0.2072135416666667 0.023637152777777795 0.047586805555555695
0 0.23714409722222227 0.2016059027777778 0.02838541666666651 0.05239583333333345
0 0.2410763888888889 0.15180555555555564 0.019618055555555475 0.04618923611111114
0 0.1937239583333334 0.04420138888888895 0.02632812499999994 0.03952256944444462
0 0.21564236111111118 0.03556423611111113 0.02666666666666649 0.045355902777777776
0 0.20052083333333334 0.016927083333333332 0.036458333333333336 0.033854166666666664
0 0.21006944444444445 0.0078125 0.034722222222222224 0.015625
0 0.23177083333333334 0.012152777777777778 0.017361111111111112 0.024305555555555556
0 0.3794531250000001 0.10426215277777769 0.019314236111111112 0.026796874999999904
0 0.36852430555555554 0.05907986111111106 0.0059027777777779355 0.016015624999999842
0 0.21211805555555546 0.1441493055555555 0.01821180555555557 0.035486111111111204
0 0.22361979166666657 0.15131076388888884 0.013559027777777684 0.030651041666666618