0 0.5891840277777778 0.6438541666666667 0.02493055555555558 0.029635416666666557
0 0.5904861111111112 0.5375173611111111 0.01753472222222226 0.04182291666666652
0 0.5737065972222222 0.5449652777777777 0.011953124999999985 0.027734374999999842
0 0.616171875 0.5283246527777778 0.029036458333333372 0.055416666666666795
0 0.5958333333333333 0.4942968750000001 0.02123263888888892 0.02632812499999994
0 0.61046875 0.43693576388888883 0.029513888888888888 0.04852430555555563
0 0.6150694444444444 0.37437499999999996 0.03322916666666664 0.048315972222222094
0 0.6181684027777777 0.2991753472222223 0.019930555555555587 0.03382812499999983
0 0.652282986111111 0.12460069444444441 0.029201388888888975 0.051432291666666664
0 0.9680902777777778 0.774331597222222 0.02035590277777762 0.03899305555555542
0 0.9952256944444444 0.6410590277777778 0.009548611111111112 0.04079861111111111
0 0.9684375000000001 0.28209201388888894 0.041857638888888715 0.061536458333333224
0 0.9653211805555555 0.21976562500000008 0.04205729166666651 0.0626822916666667
0 0.9590972222222223 0.08651041666666674 0.026397569444444317 0.053784722222222255