0 0.15271701388888875 0.9411197916666667 0.02375868055555546 0.06494791666666641
0 0.12333333333333327 0.9300434027777776 0.027960069444444475 0.04724826388888914
0 0.09360243055555549 0.8903385416666667 0.010434027777778156 0.048072916666666764
0 0.14838541666666671 0.7153645833333333 0.018012152777777776 0.04859375000000002
0 0.1479427083333332 0.5141059027777778 0.013506944444444792 0.031232638888888904
0 0.14833333333333343 0.48317708333333326 0.010659722222222001 0.021145833333333443
0 0.08925347222222237 0.525295138888889 0.00587673611111149 0.023072916666666603
0 0.08630208333333339 0.36390625000000004 0.011371527777778093 0.04300347222222219
0 0.08713541666666676 0.23443576388888884 0.013020833333333334 0.034105902777777745
0 0.41658854166666653 0.2537065972222222 0.016727430555555936 0.03475694444444441
0 0.4071180555555556 0.27682291666666675 0.0188368055555554 0.026744791666666618
0 0.40644097222222203 0.5129513888888889 0.04971354166666705 0.07743923611111114
0 0.4292534722222222 0.4859548611111111 0.008871527777777999 0.029670138888888746
0 0.37296006944444454 0.5726649305555556 0.034722222222222224 0.04279513888888905
0 0.4199913194444444 0.6459809027777779 0.02827256944444419 0.062317708333333305
0 0.40614583333333343 0.6170312499999999 0.02660590277777746 0.026276041666666652
0 0.3713368055555557 0.6530989583333332 0.034722222222222224 0.03122395833333316
0 0.37057291666666675 0.6201041666666666 0.03237847222222238 0.035668402777777906
0 0.3954687499999999 0.6443055555555556 0.020651041666666634 0.051128472222222304
0 0.39890624999999996 0.6988368055555555 0.03401041666666692 0.04327256944444437
0 0.3741319444444444 0.6784288194444444 0.029782986111111458 0.03226562500000006
0 0.38607638888888907 0.7623437499999999 0.029713541666666288 0.04416666666666656
0 0.3715798611111111 0.7201649305555556 0.027118055555555368 0.04148437499999997
0 0.43221354166666653 0.711171875 0.01840277777777762 0.04936631944444435
0 0.4164322916666667 0.8467447916666665 0.015972222222221905 0.02513888888888892
0 0.43140625 0.8046875 0.023263888888889046 0.042065972222222255
0 0.3793229166666667 0.7995052083333335 0.021371527777777684 0.028532986111111016
0 0.3823177083333332 0.8304166666666666 0.013767361111110828 0.03350694444444476
0 0.712890625 0.8717708333333335 0.013246527777777968 0.03985243055555543
0 0.6984374999999999 0.8833159722222221 0.010477430555555303 0.01804687499999997
0 0.7083072916666665 0.6997309027777777 0.017265625000000284 0.07187500000000016
0 0.6624131944444444 0.4613020833333334 0.01939236111111124 0.040286458333333205
0 0.9506597222222221 0.48817708333333343 0.028315972222222128 0.03388020833333351
0 0.9302517361111112 0.4770920138888888 0.015078124999999906 0.02651909722222238
0 0.9401302083333335 0.5145746527777777 0.010503472222222539 0.019947916666666683
0 0.9217968749999998 0.5353038194444445 0.01515625000000003 0.04742187500000009
0 0.9719010416666668 0.5665972222222222 0.025503472222222316 0.039774305555555695
0 0.9307465277777776 0.6245225694444445 0.013090277777777715 0.035651041666666806
0 0.9375434027777779 0.6624913194444445 0.012447916666666793 0.03579861111111092
0 0.3740104166666668 0.4095659722222222 0.012378472222222412 0.01281250000000019
0 0.4342187499999998 0.7498871527777777 0.006475694444444476 0.02463541666666676
0 0.7098177083333334 0.6173437500000001 0.007821180555555744 0.033914930555555695
0 0.9566232638888891 0.6175781250000001 0.011276041666666478 0.015078124999999906
0 0.9636284722222221 0.6116232638888888 0.006519097222222412 0.007664930555555493
0 0.9340885416666668 0.5804253472222223 0.01252604166666692 0.04053819444444429
0 0.9196614583333331 0.47335937499999997 0.007092013888888952 0.017317708333333175
0 0.1015625 0.9835069444444444 0.013888888888888888 0.03298611111111111
0 0.10527777777777796 0.8867621527777779 0.007569444444444666 0.01232638888888873
0 0.11419270833333349 0.8174913194444444 0.008142361111111206 0.008194444444444096
0 0.6469791666666668 0.26267361111111104 0.014079861111111333 0.016223958333333382
0 0.6913975694444443 0.0806076388888888 0.005729166666666983 0.011848958333333413
0 0.9491840277777778 0.5755902777777777 0.02533854166666632 0.04900173611111095
0 0.9973958333333334 0.90234375 0.005208333333333333 0.009548611111111112
0 0.9932204861111111 0.882048611111111 0.006814236111111427 0.008489583333333113