0 0.8101822916666667 0.06056423611111109 0.05677083333333341 0.07895833333333337
0 0.7308246527777778 0.17220486111111122 0.025321180555555618 0.06155381944444432
0 0.79859375 0.16279513888888886 0.05493055555555553 0.06793402777777796
0 0.7934722222222222 0.22019965277777784 0.04026909722222231 0.049939236111111285
0 0.7595746527777778 0.30819444444444444 0.049626736111111173 0.0596527777777776
0 0.7236458333333333 0.3469270833333334 0.02223090277777769 0.039939236111111304
0 0.7867013888888889 0.3658767361111111 0.03999131944444439 0.04907118055555573
0 0.7288888888888888 0.4245225694444444 0.026979166666666603 0.06546875000000006
0 0.7612586805555556 0.4929947916666667 0.03553819444444449 0.03827256944444457
0 0.7627517361111111 0.4654253472222223 0.040121527777777805 0.03575520833333338
0 0.7680729166666667 0.44207465277777774 0.052213541666666745 0.05367187499999994
0 0.75890625 0.39786458333333324 0.03624131944444445 0.04939236111111119
0 0.8174131944444444 0.52796875 0.05575520833333335 0.08480034722222227
0 0.7476215277777778 0.5921614583333334 0.04419270833333341 0.05657118055555562
0 0.7970920138888888 0.6289322916666666 0.049869791666666705 0.0773958333333332
0 0.7496267361111112 0.6496354166666668 0.03419270833333342 0.06420138888888892
0 0.7565624999999999 0.7182552083333333 0.04624999999999998 0.06656249999999986
0 0.8429253472222222 0.7168489583333333 0.04255208333333332 0.07785590277777782
0 0.8597482638888888 0.7516319444444446 0.01609374999999997 0.03565972222222216
0 0.8664149305555555 0.8315451388888889 0.01630208333333331 0.06694444444444435
0 0.7521701388888888 0.9470486111111112 0.0685763888888889 0.10590277777777778
0 0.8319097222222223 0.8840190972222222 0.03558159722222223 0.06177951388888895