0 0.09253472222222214 0.29206597222222225 0.02506944444444454 0.05568576388888897
0 0.1109982638888888 0.19365451388888882 0.026692708333333332 0.029314236111111096
0 0.14973090277777779 0.18875000000000006 0.026684027777777588 0.03473090277777797
0 0.36815972222222215 0.06969618055555553 0.025381944444444256 0.06375000000000004
0 0.7399652777777779 0.9746961805555555 0.031579861111111204 0.04877604166666632
0 0.7173784722222223 0.7989149305555555 0.02080729166666649 0.03983506944444473
0 0.710703125 0.8324045138888887 0.016631944444444317 0.02921006944444413
0 0.7400954861111111 0.7412760416666667 0.03046006944444457 0.05109375000000011
0 0.7873784722222221 0.8284461805555554 0.009869791666666572 0.04552083333333298
0 0.7341927083333333 0.7873784722222221 0.024019097222222285 0.03741319444444456
0 0.7428472222222222 0.6312152777777779 0.019791666666666825 0.04273437500000002
0 0.7762413194444444 0.7131770833333333 0.020156250000000025 0.031050347222222205
0 0.7229253472222221 0.5933854166666666 0.024340277777777745 0.03593750000000008
0 0.33912326388888897 0.07960937500000004 0.013619791666666714 0.02101562500000003
0 0.36143229166666657 0.024548611111111087 0.014670138888888969 0.021640624999999858
0 0.3852604166666666 0.020217013888888857 0.007725694444444524 0.032404513888888827
0 0.08762152777777782 0.06282118055555547 0.006701388888888715 0.014730902777777603
0 0.0889149305555556 0.07982638888888892 0.008046874999999985 0.014244791666666541
0 0.07978298611111118 0.07935763888888896 0.007282986111111001 0.011059027777777588
0 0.10830729166666665 0.07717881944444452 0.006536458333333507 0.012473958333333238
0 0.09633680555555557 0.042135416666666634 0.005225694444444429 0.009053819444444302
0 0.11019097222222227 0.029296875 0.005642361111111111 0.009105902777777588
0 0.10041666666666672 0.13219618055555551 0.019166666666666603 0.03169270833333352
0 0.08755208333333325 0.1711458333333334 0.008654513888888715 0.025598958333333144
0 0.10848958333333335 0.17855034722222227 0.02428819444444446 0.01835937500000008
0 0.08293402777777775 0.23820312500000007 0.009904513888888763 0.04370659722222214
0 0.13105034722222225 0.27255208333333336 0.025347222222222063 0.030503472222222112
0 0.15102430555555557 0.24865451388888893 0.012361111111110922 0.019687499999999858