0 0.14401041666666675 0.7298524305555555 0.03617187500000006 0.07955729166666675
0 0.12292534722222213 0.4333767361111111 0.021788194444444367 0.04293402777777781
0 0.12405381944444452 0.4848177083333333 0.01853298611111103 0.03375000000000009
0 0.16699652777777788 0.31457465277777785 0.030286458333333224 0.04580729166666665
0 0.47061631944444454 0.3194184027777778 0.025277777777777684 0.04929687499999997
0 0.4215104166666666 0.46857638888888886 0.026362847222222128 0.07177951388888894
0 0.35670138888888897 0.9533767361111111 0.03775173611111092 0.06881944444444422
0 0.32337673611111106 0.9231597222222222 0.01671875000000019 0.019374999999999747
0 0.3286111111111111 0.8401649305555554 0.013654513888888905 0.025842013888889268
0 0.39023437499999997 0.7831336805555557 0.011901041666666699 0.014201388888888802
0 0.32760416666666675 0.889626736111111 0.012500000000000079 0.02200520833333365
0 0.3244357638888889 0.9590798611111112 0.010381944444444477 0.023593750000000253
0 0.3032638888888888 0.9508940972222221 0.0094184027777777 0.024123263888888857
0 0.3068576388888889 0.9900173611111112 0.014756944444444444 0.019965277777777776
0 0.7166579861111111 0.6668663194444444 0.0372743055555556 0.048116319444444305
0 0.7200347222222222 0.7559288194444443 0.013619791666666714 0.04642361111111093
0 0.3214670138888888 0.9400694444444445 0.010407986111110922 0.012552083333333365
0 0.3335503472222222 0.9362760416666668 0.012482638888888984 0.020998263888888542
0 0.42458333333333326 0.6830989583333333 0.010668402777777745 0.0158072916666667
0 0.33844618055555564 0.882387152777778 0.006979166666666635 0.011901041666666699
0 0.32641493055555554 0.8671961805555557 0.010720486111111031 0.01976562500000038