0 0.11241319444444445 0.9683159722222222 0.059895833333333336 0.06336805555555555
0 0.2063368055555554 0.8385937499999999 0.037864583333333236 0.06723958333333337
0 0.16485243055555543 0.6591232638888889 0.059574652777777876 0.10088541666666669
0 0.21420138888888907 0.6672569444444444 0.05108506944444476 0.11153645833333334
0 0.18866319444444457 0.29541666666666666 0.0866493055555553 0.16423611111111105
0 0.6715364583333334 0.5670659722222222 0.03355902777777765 0.09061631944444454
0 0.6526649305555554 0.2844010416666667 0.044409722222222094 0.07116319444444447
0 0.6536111111111111 0.34927083333333336 0.03967881944444448 0.07203125000000002
0 0.7609374999999999 0.2509461805555555 0.053463541666666795 0.08276909722222224
0 0.784861111111111 0.3726128472222222 0.026536458333333082 0.08308159722222225
0 0.6577864583333333 0.7707204861111111 0.013506944444444792 0.05545138888888898
0 0.7745486111111113 0.5958940972222222 0.026241319444444064 0.0635416666666667