0 0.07664930555555571 0.5899218749999999 0.021189236111110985 0.05625868055555551
0 0.14391493055555551 0.583515625 0.016857638888888953 0.04232638888888908
0 0.12316840277777767 0.5817447916666667 0.018107638888888604 0.05101562499999998
0 0.10815972222222214 0.5776909722222222 0.025451388888888635 0.05821180555555551
0 0.07950520833333347 0.5249652777777778 0.014201388888888604 0.04598958333333335
0 0.09612847222222204 0.5257031249999999 0.018203125000000223 0.03512152777777781
0 0.08799479166666657 0.4929861111111112 0.01795138888888914 0.03496527777777795
0 0.11434895833333335 0.47943576388888887 0.04312500000000025 0.03750868055555559
0 0.15379340277777784 0.4971180555555556 0.020937499999999904 0.05593750000000005
0 0.11946180555555547 0.5225868055555556 0.029522569444444632 0.04863715277777795
0 0.13738715277777777 0.5365538194444444 0.019869791666666952 0.04835937500000003
0 0.16598958333333316 0.520625 0.01401041666666695 0.03519097222222219
0 0.11290798611111125 0.21288194444444444 0.00308159722222238 0.01320312500000003
0 0.10690104166666675 0.19646701388888882 0.004036458333333017 0.01146701388888892
0 0.4153645833333333 0.984375 0.026909722222222224 0.03125
0 0.4448177083333332 0.9332118055555555 0.03606770833333349 0.05712673611111146
0 0.5000260416666669 0.8759895833333332 0.04182291666666692 0.053064236111111204
0 0.5415798611111112 0.8518750000000002 0.007491319444444539 0.04761284722222254
0 0.46692708333333344 0.8318923611111112 0.040434027777777715 0.07524305555555581
0 0.43411458333333325 0.7815625000000002 0.03898437499999988 0.04852430555555544
0 0.4326822916666665 0.7311284722222222 0.026796874999999904 0.056440972222222205
0 0.4527777777777777 0.7146701388888889 0.030703124999999904 0.04249131944444429
0 0.5072743055555556 0.7340104166666666 0.029184027777777684 0.05322048611111106
0 0.5394704861111109 0.6902430555555557 0.01732638888888892 0.04645833333333332
0 0.516050347222222 0.6739062499999999 0.030355902777778 0.07243055555555561
0 0.5321006944444444 0.6371006944444445 0.024435763888888573 0.051623263888888715
0 0.5478124999999999 0.6300434027777777 0.011206597222222095 0.05173611111111103
0 0.45593749999999983 0.6392881944444445 0.04286458333333343 0.06499131944444435
0 0.46837673611111125 0.6773437499999999 0.04281249999999975 0.05606770833333346
0 0.4256857638888888 0.6305815972222223 0.02203993055555584 0.06911458333333324
0 0.4780815972222222 0.5461892361111111 0.025503472222222316 0.05622395833333332
0 0.5164843749999998 0.5664670138888889 0.022248263888888984 0.037638888888889
0 0.5412934027777779 0.5449739583333333 0.02055555555555581 0.04639756944444429
0 0.5448784722222221 0.5043142361111111 0.016189236111110797 0.031093750000000142
0 0.548888888888889 0.4759722222222222 0.011536458333333301 0.031979166666666795
0 0.5289670138888888 0.4382986111111112 0.02039062499999981 0.043767361111111173
0 0.4573958333333334 0.4936458333333334 0.03572916666666654 0.048828125
0 0.42507812500000003 0.44273437499999996 0.01585937500000038 0.050520833333333175
0 0.4453819444444444 0.4497309027777777 0.02648437500000019 0.05554687499999981
0 0.4660243055555557 0.42696180555555546 0.03272569444444429 0.050199652777777715
0 0.42695312499999993 0.37727430555555547 0.00947916666666673 0.042126736111111285
0 0.45152777777777764 0.375234375 0.025277777777777684 0.05014756944444443
0 0.4663628472222222 0.3603993055555556 0.017786458333333144 0.033194444444444256
0 0.5138975694444446 0.34595486111111107 0.03661458333333359 0.04391493055555568
0 0.5497916666666668 0.4331163194444445 0.013576388888889172 0.04925347222222203
0 0.46852430555555535 0.2420052083333333 0.02614583333333324 0.04460069444444454
0 0.5115277777777779 0.20925347222222218 0.027126736111111112 0.03825520833333348
0 0.5078125 0.2527690972222223 0.02624999999999981 0.04370659722222214
0 0.5294618055555556 0.26470486111111113 0.012534722222221874 0.03039062500000019
0 0.4301736111111111 0.13078993055555563 0.015451388888889047 0.04820312500000017
0 0.4290625000000002 0.08665798611111104 0.012178819444444223 0.04179687500000008
0 0.5527256944444443 0.09038194444444435 0.016041666666666288 0.0592881944444446
0 0.5514930555555557 0.13860243055555563 0.01230902777777803 0.025807291666666683
0 0.5249131944444443 0.04539062499999997 0.027968750000000223 0.05802083333333346
0 0.5488454861111111 0.01977430555555553 0.009131944444444824 0.020512152777777872
0 0.7947048611111112 0.016927083333333332 0.021701388888888888 0.033854166666666664
0 0.8296180555555553 0.23618923611111103 0.03842013888888908 0.05172743055555568
0 0.8497482638888888 0.26291666666666674 0.042907986111111365 0.04867187500000014
0 0.8731684027777776 0.22605902777777784 0.012552083333333365 0.019696180555555602
0 0.8515711805555557 0.3145052083333333 0.038081597222222124 0.045902777777777876
0 0.8830555555555557 0.3739930555555555 0.02809895833333324 0.0518402777777776
0 0.888732638888889 0.41804687499999993 0.024392361111111427 0.04192708333333349
0 0.8268489583333335 0.46617187499999996 0.021588541666666572 0.018090277777777903
0 0.8117795138888889 0.4887239583333333 0.03302951388888905 0.037604166666666806
0 0.7767708333333334 0.5982899305555556 0.013628472222222065 0.02599826388888873
0 0.8112586805555557 0.6059114583333334 0.03982638888888898 0.057074652777777776
0 0.7913368055555554 0.6628559027777777 0.03198784722222254 0.06031250000000002
0 0.8857552083333332 0.6775 0.019687500000000253 0.04842881944444441
0 0.8384461805555554 0.6804079861111111 0.016067708333333524 0.02422743055555543
0 0.8167881944444445 0.6730815972222223 0.03347222222222257 0.05725694444444448
0 0.7688194444444443 0.6909461805555556 0.01304687499999978 0.04530381944444449
0 0.8052517361111112 0.7990798611111111 0.009375000000000158 0.014930555555555398
0 0.7737586805555554 0.8465277777777777 0.016440972222221874 0.03919270833333302
0 0.767873263888889 0.8692795138888888 0.014157986111111458 0.02185763888888914
0 0.7667274305555556 0.7373003472222222 0.008854166666666509 0.04029513888888895
0 0.7684027777777777 0.8060937499999999 0.013029513888889078 0.0383680555555554
0 0.8489583333333334 0.9891493055555556 0.013888888888888888 0.021701388888888888
0 0.5545486111111112 0.2445225694444445 0.008307291666666414 0.03392361111111105
0 0.5519878472222222 0.20934027777777786 0.006388888888888605 0.01965277777777767
0 0.7950781249999999 0.3464149305555555 0.023411458333333555 0.036588541666666745
0 0.1223177083333332 0.3484027777777777 0.005954861111110827 0.009218749999999906
0 0.10401909722222216 0.3264409722222222 0.0035416666666666036 0.009105902777777588
0 0.46196180555555544 0.5830642361111111 0.00890625000000019 0.014383680555555698
0 0.45070312500000004 0.5467187499999999 0.021918402777777776 0.04375868055555543
0 0.5176475694444443 0.8431510416666667 0.010060763888889015 0.013697916666666445
0 0.5059635416666666 0.8374131944444443 0.016727430555555936 0.020902777777777715
0 0.8150694444444445 0.5238802083333334 0.017126736111110732 0.023767361111111204
0 0.15774305555555537 0.5572829861111112 0.016024305555555587 0.03787326388888898