0 0.16043402777777793 0.9725000000000001 0.015399305555555366 0.02445312500000006
0 0.1608506944444446 0.9934635416666665 0.0040798611111109535 0.009774305555555744
0 0.15437500000000012 0.9857899305555556 0.007604166666666856 0.013124999999999906
0 0.15234375 0.9952256944444444 0.0078125 0.009548611111111112
0 0.1607204861111112 0.9053559027777776 0.020581597222222255 0.03717881944444438
0 0.1441666666666666 0.7865885416666667 0.015963541666666952 0.0284201388888887
0 0.1541666666666666 0.7613628472222221 0.007187499999999779 0.01282118055555554
0 0.14992187500000004 0.7709982638888889 0.012317708333332986 0.01533854166666673
0 0.15089409722222216 0.6630555555555555 0.015833333333333144 0.02371527777777792
0 0.1460503472222222 0.6806597222222222 0.012196180555555713 0.022812500000000173
0 0.1349131944444445 0.6596527777777779 0.005885416666666445 0.013758680555555477
0 0.15925347222222225 0.6795833333333334 0.015130208333333586 0.028637152777777588
0 0.16451388888888888 0.6444010416666666 0.011631944444444129 0.01364583333333316
0 0.13795138888888894 0.621970486111111 0.009869791666666572 0.021189236111110985
0 0.14602430555555537 0.6268402777777777 0.009626736111111237 0.014131944444444619
0 0.14767361111111102 0.6446354166666666 0.006770833333333491 0.009401041666666603
0 0.15704861111111118 0.6151302083333334 0.007708333333333428 0.014852430555555666
0 0.15197048611111125 0.6117274305555556 0.006979166666666635 0.009088541666666493
0 0.14280381944444465 0.5851822916666668 0.006458333333332986 0.017309027777777826
0 0.17014756944444465 0.6301215277777779 0.006649305555555429 0.021258680555555368
0 0.15854166666666655 0.5787152777777779 0.012265625000000094 0.02428819444444446
0 0.14180555555555566 0.5580381944444444 0.009704861111111364 0.014904513888888951
0 0.15189236111111112 0.5557031250000001 0.01256076388888911 0.024869791666666745
0 0.1566319444444445 0.5438368055555556 0.013151041666666351 0.025277777777777684
0 0.13075520833333343 0.514548611111111 0.013437499999999622 0.02282986111111127
0 0.13780381944444445 0.5303211805555557 0.008255208333333522 0.015381944444444271
0 0.12532986111111122 0.5302430555555555 0.010138888888889142 0.013967013888889015
0 0.13638888888888878 0.4986458333333334 0.012135416666666288 0.025286458333333428
0 0.1402604166666666 0.4781336805555555 0.012769097222222255 0.02328993055555549
0 0.1297829861111113 0.47372395833333336 0.006102430555555334 0.01868055555555554
0 0.13057291666666673 0.45518229166666657 0.008046875000000378 0.02035590277777762
0 0.1625520833333335 0.4516145833333333 0.011675347222222065 0.026597222222222112
0 0.15133680555555568 0.43520833333333325 0.009913194444444507 0.017100694444444287
0 0.1538020833333332 0.41721354166666674 0.011692708333333555 0.02197916666666681
0 0.13505208333333327 0.27518229166666663 0.006944444444444444 0.016692708333333348
0 0.1272656250000001 0.3226128472222223 0.005217013888889078 0.015269097222222349
0 0.1296006944444446 0.30717881944444436 0.009401041666666603 0.013081597222222364