0 0.20275173611111105 0.5143836805555555 0.03100694444444427 0.04342881944444462
0 0.16894097222222212 0.36327256944444447 0.03590277777777789 0.04923611111111094
0 0.5011805555555555 0.36477430555555557 0.03693576388888905 0.06435763888888878
0 0.47712673611111117 0.32846354166666675 0.03156250000000011 0.05560763888888884
0 0.5046527777777777 0.28202256944444454 0.018732638888888827 0.03118923611111097
0 0.5003559027777779 0.2506944444444444 0.019427083333333428 0.028862847222222224
0 0.4548611111111111 0.25360243055555565 0.026475694444444444 0.053229166666666806
0 0.46103298611111104 0.134765625 0.022005208333333255 0.031362847222222316
0 0.4657118055555556 0.008680555555555556 0.025173611111111112 0.017361111111111112
0 0.4856770833333333 0.9934895833333334 0.025173611111111112 0.013020833333333334
0 0.49223090277777776 0.9596093749999999 0.024583333333333474 0.03522569444444438
0 0.5230902777777777 0.764800347222222 0.017777777777777795 0.044965277777777736
0 0.8100694444444443 0.05234374999999996 0.03727430555555521 0.042196180555555664
0 0.4435763888888889 0.0008680555555555555 0.012152777777777778 0.001736111111111111