0 0.04706597222222205 0.159296875 0.01947916666666632 0.047777777777777745
0 0.01225694444444435 0.17282118055555548 0.0099652777777774 0.02812500000000008
0 0.026102430555555698 0.21243923611111112 0.025173611111111112 0.037560763888888876
0 0.014574652777777745 0.22899305555555552 0.009453125000000284 0.023645833333333144
0 0.03691840277777795 0.25973090277777783 0.010512152777777494 0.020399305555555556
0 0.010407986111110922 0.33213541666666657 0.017361111111111112 0.03193576388888886
0 0.040112847222222255 0.3982812499999999 0.017126736111110732 0.030182291666666652
0 0.06458333333333341 0.44187499999999996 0.01476562500000019 0.027803819444444617
0 0.039574652777777906 0.4858333333333334 0.017447916666666983 0.022222222222222143
0 0.03768229166666654 0.46421874999999996 0.009036458333333207 0.021059027777777968
0 0.02016493055555557 0.39313368055555564 0.012369791666666666 0.024027777777777634
0 0.032552083333333336 0.3383680555555555 0.013107638888889205 0.024062499999999827
0 0.028003472222222412 0.32209201388888886 0.010008680555555335 0.008151041666666557
0 0.026753472222222366 0.2965017361111111 0.010286458333333649 0.02123263888888892
0 0.05781249999999992 0.38572916666666657 0.007690972222221938 0.013845486111110953
0 0.05099826388888889 0.4284635416666666 0.012083333333333397 0.017499999999999873
0 0.026449652777777603 0.4477951388888888 0.013845486111110953 0.02286458333333346
0 0.028741319444444555 0.5409375000000001 0.011493055555555366 0.02702256944444454
0 0.04321180555555573 0.5389062499999999 0.009913194444444507 0.022951388888888938
0 0.06861111111111108 0.5571440972222221 0.013098958333333459 0.023836805555555587
0 0.05328125000000009 0.602751736111111 0.011579861111111237 0.02212673611111092
0 0.028671875000000173 0.6021267361111112 0.016432291666666918 0.025972222222222285
0 0.030546875000000046 0.5807378472222222 0.019114583333333712 0.027439236111111223
0 0.02404513888888873 0.5572829861111112 0.010885416666666635 0.015781249999999858
0 0.05758680555555568 0.6664756944444444 0.011857638888888763 0.02337673611111097
0 0.06953124999999992 0.6964756944444443 0.01125000000000003 0.021440972222222063
0 0.04143229166666668 0.7192968750000001 0.010512152777777494 0.02315972222222208
0 0.05853298611111097 0.7811718749999998 0.015138888888888542 0.02624999999999981
0 0.4834375000000001 0.6196701388888888 0.015460069444444792 0.02426215277777762
0 0.4822743055555555 0.5874999999999999 0.012743055555555808 0.02177083333333327
0 0.4901388888888888 0.41766493055555565 0.009947916666666699 0.017795138888888888
0 0.48000000000000004 0.5547482638888889 0.004843749999999937 0.014453125000000079
0 0.018125000000000096 0.5287760416666667 0.01001736111111108 0.039817708333333236
0 0.034644097222222094 0.6175607638888889 0.00777777777777781 0.012682291666666777
0 0.024157986111111047 0.6335156249999999 0.005564236111110985 0.03575520833333338
0 0.015520833333333428 0.4589236111111112 0.006631944444444728 0.023611111111110954
0 0.02057291666666651 0.4838454861111112 0.011145833333333459 0.027170138888889046
0 0.057543402777777745 0.27481770833333324 0.016137152777777903 0.03476562500000016
0 0.06789930555555539 0.29739583333333325 0.014305555555555176 0.0211371527777777
0 0.009236111111111 0.3521093750000001 0.008428819444444477 0.03386284722222241
0 0.016840277777777857 0.36893229166666663 0.013446180555555366 0.018975694444444555
0 0.06585069444444455 0.3979079861111112 0.005607638888888921 0.014539930555555556
0 0.06035590277777795 0.35425347222222214 0.00892361111111089 0.021267361111111112
0 0.06406250000000016 0.34578124999999993 0.011744791666666445 0.01710937500000003
0 0.008784722222222128 0.24971354166666673 0.011362847222222349 0.026762152777777715
0 0.006944444444444444 0.20833333333333334 0.013888888888888888 0.057291666666666664
0 0.00043402777777777775 0.18098958333333334 0.0008680555555555555 0.051215277777777776
0 0.0008680555555555555 0.1254340277777778 0.001736111111111111 0.059895833333333336
0 0.04114583333333341 0.32690972222222214 0.013454861111111112 0.013906249999999985
0 0.022039930555555445 0.5058680555555556 0.01202256944444476 0.019105902777777968
0 0.033203125 0.509861111111111 0.005651041666666856 0.013124999999999906
0 0.05476562500000012 0.8249131944444446 0.004800347222222001 0.009062499999999652
0 0.053506944444444336 0.8655208333333333 0.0043836805555557135 0.01005208333333327