0 0.02151041666666684 0.5242361111111111 0.024505208333332956 0.049947916666666634
0 0.1028038194444443 0.5140364583333334 0.02515624999999962 0.05837673611111111
0 0.013984375000000111 0.5551215277777778 0.020720486111111016 0.03447048611111114
0 0.002170138888888889 0.5104166666666666 0.004340277777777778 0.034722222222222224
0 0.024331597222222397 0.46295138888888904 0.031362847222222316 0.06763888888888896
0 0.08609374999999986 0.47381944444444457 0.047604166666666795 0.047777777777777745
0 0.05893229166666655 0.4396006944444445 0.03934895833333327 0.07351562499999965
0 0.08401041666666684 0.4151736111111113 0.04155381944444435 0.05223090277777784
0 0.02652777777777773 0.40078124999999987 0.0294791666666667 0.06573784722222184
0 0.024053819444444475 0.3352864583333333 0.014340277777778156 0.03441840277777746
0 0.03406249999999981 0.3394791666666666 0.011953125000000378 0.02547743055555587
0 0.06278645833333327 0.25719618055555554 0.036137152777777876 0.05740451388888898
0 0.058541666666666714 0.14546874999999992 0.034644097222222094 0.03700520833333343
0 0.055868055555555664 0.2044184027777776 0.03872395833333305 0.034036458333333366
0 0.027430555555555475 0.10305555555555539 0.01109374999999978 0.02044270833333349
0 0.028958333333333443 0.19975694444444436 0.01786458333333327 0.03804687499999994