0 0.9399045138888888 0.4892274305555555 0.0230902777777777 0.0752951388888887
0 0.9432378472222221 0.3540017361111111 0.027734374999999842 0.04019097222222238
0 0.9456684027777779 0.38768229166666657 0.019921874999999842 0.032829861111111254
0 0.9487847222222222 0.22121527777777772 0.03277777777777797 0.0625
0 0.9138020833333333 0.0903906250000001 0.04461805555555563 0.03216145833333349
0 0.9569878472222223 0.059505208333333295 0.049809027777777876 0.08718750000000004
0 0.9539930555555556 0.010850694444444444 0.043402777777777776 0.021701388888888888
0 0.9501041666666666 0.2647482638888889 0.03572048611111119 0.06732638888888884
0 0.9359461805555556 0.025564236111111152 0.03630208333333348 0.027899305555555445
0 0.9481510416666666 0.16165798611111112 0.02080729166666649 0.04953124999999995
0 0.9540885416666666 0.32687499999999997 0.014123263888888873 0.02453993055555554
0 0.8253645833333334 0.40599826388888893 0.02525173611111104 0.04171874999999995