0 0.38123263888888875 0.055625 0.05562499999999994 0.11125
0 0.5558593749999999 0.5564930555555556 0.03673611111111086 0.0795659722222223
0 0.46425347222222235 0.9328385416666668 0.05785590277777746 0.0910850694444443
0 0.98046875 0.9861111111111112 0.0390625 0.027777777777777776
0 0.9684722222222221 0.9071354166666666 0.052673611111111365 0.09969618055555547
0 0.8181510416666669 0.9120312500000001 0.05368055555555568 0.06893229166666653
0 0.771779513888889 0.6393836805555556 0.06474826388888902 0.08965277777777775
0 0.7818663194444445 0.6926475694444444 0.09024305555555559 0.1037326388888889
0 0.7987326388888888 0.17397569444444444 0.05862847222222219 0.10434895833333331
0 0.10018229166666653 0.9628125000000001 0.008611111111111173 0.04223090277777786
0 0.8361284722222221 0.033428819444444445 0.04773437499999981 0.06685763888888889
0 0.9934895833333334 0.0390625 0.013020833333333334 0.07118055555555555
0 0.9382031249999999 0.1201736111111111 0.04608506944444457 0.049869791666666656
0 0.9162934027777779 0.10175347222222222 0.040833333333333305 0.05019965277777776
0 0.4245399305555557 0.43244791666666665 0.053654513888889234 0.09044270833333329
0 0.47923611111111103 0.25894097222222223 0.04331597222222191 0.05475694444444448