0 0.20425347222222218 0.15644097222222206 0.03078125000000003 0.07071180555555559
0 0.3051996527777777 0.34484375000000017 0.10860243055555567 0.08759548611111098
0 0.3468315972222222 0.5274739583333334 0.03874131944444454 0.062439236111111365
0 0.27693576388888885 0.5089149305555556 0.06772569444444443 0.05036458333333371
0 0.22045138888888893 0.46928819444444436 0.029652777777777653 0.06375868055555539
0 0.27592881944444436 0.5764930555555554 0.0768836805555557 0.06835069444444425
0 0.2730208333333333 0.7170572916666669 0.05767361111111116 0.06524305555555543
0 0.26750000000000007 0.6335503472222221 0.032083333333333366 0.0390625
0 0.3619791666666667 0.7154427083333333 0.020963541666666745 0.06312500000000022
0 0.2107899305555555 0.6916753472222221 0.02038194444444446 0.05919270833333298
0 0.8697916666666666 0.00390625 0.036458333333333336 0.0078125