0 0.007378472222222222 0.10807291666666667 0.014756944444444444 0.1171875
0 0.4141579861111112 0.11270833333333347 0.07119791666666704 0.1170225694444448
0 0.47149305555555543 0.07063368055555547 0.052543402777777554 0.10261284722222225
0 0.49586805555555535 0.20119791666666684 0.033515624999999716 0.12696180555555575
0 0.40440104166666657 0.6230729166666669 0.07276909722222216 0.14033854166666673
0 0.42441840277777765 0.4478645833333334 0.05605034722222197 0.10293402777777771
0 0.2525520833333334 0.38356770833333326 0.03668402777777797 0.10570312500000038
0 0.2442881944444445 0.2104253472222221 0.03636284722222251 0.12433159722222184
0 0.38048611111111125 0.8280121527777777 0.08332465277777759 0.1042274305555553
0 0.8184461805555555 0.8838541666666665 0.051041666666666825 0.13157986111111106
0 0.6526736111111112 0.7204166666666667 0.07465277777777778 0.0836371527777781
0 0.7000260416666665 0.7538975694444443 0.03172743055555571 0.03870659722222235
0 0.8194010416666665 0.6919531250000001 0.07563368055555565 0.10943576388888863
0 0.7237673611111113 0.6509288194444444 0.03357638888888914 0.05657118055555562
0 0.7872222222222223 0.5718576388888891 0.06480902777777765 0.080078125
0 0.8489062500000001 0.5712934027777778 0.04383680555555555 0.057864583333333205
0 0.7553645833333332 0.486623263888889 0.09352430555555537 0.11396701388888886
0 0.8505555555555557 0.5024392361111111 0.06335069444444406 0.09531250000000016
0 0.7132204861111112 0.4037499999999999 0.06601562500000016 0.11201388888888886
0 0.8337847222222222 0.17322048611111127 0.08332465277777759 0.11966145833333365
0 0.8837239583333335 0.38889756944444465 0.021024305555555775 0.06123263888888886
0 0.90234375 0.013888888888888888 0.0390625 0.027777777777777776
0 0.9051128472222223 0.10725694444444439 0.05731770833333311 0.08665798611111104
0 0.8229166666666666 0.012586805555555556 0.050347222222222224 0.025173611111111112
0 0.7916666666666666 0.013454861111111112 0.041666666666666664 0.026909722222222224
0 0.47059895833333343 0.363515625 0.028029513888888857 0.08006944444444425
0 0.4103385416666667 0.33407118055555546 0.03148437500000038 0.06364583333333308
0 0.6682725694444444 0.9759375000000001 0.028810763888888542 0.048124999999999654
0 0.6348784722222223 0.9838194444444446 0.0305555555555554 0.032352430555555936
0 0.6257899305555554 0.9419184027777779 0.023515625000000127 0.06913194444444473
0 0.6123437500000001 0.8754861111111111 0.020737847222222508 0.05500868055555546
0 0.6134635416666667 0.8125868055555555 0.02296875000000003 0.07392361111111098
0 0.6611805555555554 0.2607291666666668 0.040564236111110735 0.0960329861111112
0 0.7019270833333332 0.14645833333333316 0.035868055555555306 0.04131944444444476
0 0.6412413194444445 0.1340538194444443 0.01956597222222219 0.05322916666666641
0 0.7645746527777777 0.6108940972222222 0.04093749999999988 0.07180555555555578
0 0.7273003472222221 0.561736111111111 0.025833333333333524 0.041770833333333236
0 0.23803819444444427 0.5366145833333332 0.023376736111111365 0.07487847222222241
0 0.22383680555555566 0.46094618055555575 0.022187500000000346 0.07051215277777739
0 0.05758680555555568 0.05737847222222214 0.02087673611111127 0.05239583333333305
0 0.016336805555555698 0.46076388888888903 0.03263020833333346 0.06490451388888926
0 0.36850694444444443 0.44902777777777797 0.02836805555555581 0.07513888888888924
0 0.8983940972222221 0.17632812500000009 0.03773437500000022 0.04552083333333298
0 0.8844965277777779 0.24034722222222232 0.05875000000000025 0.10065104166666651
0 0.8940625 0.28799479166666664 0.020946180555555652 0.03126736111111149
0 0.8724305555555555 0.33300347222222215 0.02225694444444473 0.07572048611111074
0 0.713654513888889 0.5241232638888889 0.03315104166666632 0.046041666666666634
0 0.6617534722222224 0.5277256944444445 0.01808159722222216 0.03551215277777765
0 0.6276822916666668 0.4970052083333335 0.01005208333333327 0.03486979166666673
0 0.028645833333333332 0.0026041666666666665 0.029513888888888888 0.005208333333333333