0 0.4665798611111111 0.009982638888888888 0.0685763888888889 0.019965277777777776
0 0.2864583333333333 0.04296875 0.07291666666666667 0.0859375
0 0.38431423611111115 0.09314236111111127 0.0572048611111108 0.08463541666666667
0 0.3780381944444444 0.028645833333333332 0.07725694444444445 0.057291666666666664
0 0.3727777777777778 0.15827256944444437 0.05307291666666695 0.03955729166666641
0 0.3302951388888889 0.00043402777777777775 0.0546875 0.0008680555555555555
0 0.3276909722222222 0.032552083333333336 0.051215277777777776 0.06510416666666667
0 0.29794270833333336 0.3148003472222223 0.09131076388888854 0.10713541666666673
0 0.2605642361111112 0.3726996527777777 0.05921006944444448 0.08620659722222257
0 0.22388888888888894 0.25208333333333344 0.04321180555555534 0.10898437500000016
0 0.3187065972222223 0.2636024305555556 0.05705729166666629 0.0592881944444446
0 0.29886284722222217 0.2104253472222221 0.038602430555555775 0.04689236111111149
0 0.22994791666666675 0.33467013888888886 0.04321180555555534 0.08043402777777765