0 0.6930642361111112 0.7748784722222222 0.05667534722222219 0.10303819444444448
0 0.6741319444444444 0.6170920138888889 0.055199652777777906 0.08700520833333335
0 0.7039930555555556 0.5509982638888888 0.054105902777777715 0.07035590277777774
0 0.6693229166666667 0.5082204861111111 0.0562760416666666 0.07037326388888883
0 0.6570225694444445 0.43312500000000004 0.07232638888888904 0.08704861111111109
0 0.6943750000000001 0.39483506944444446 0.06906249999999996 0.08322048611111112
0 0.6819444444444444 0.3244357638888889 0.060112847222222224 0.0879079861111111
0 0.6888888888888888 0.15628472222222223 0.05475694444444438 0.07467013888888888
0 0.6923350694444443 0.2309548611111111 0.058159722222222224 0.07980034722222218
0 0.7077170138888889 0.08193576388888889 0.03250000000000005 0.06075520833333332
0 0.616953125 0.07829861111111111 0.03563368055555571 0.08342881944444443
0 0.9660590277777779 0.060546875 0.04855034722222248 0.08643229166666666
0 0.6471354166666666 0.9809027777777778 0.05295138888888889 0.03819444444444445