0 0.052083333333333336 0.001736111111111111 0.020833333333333332 0.003472222222222222
0 0.006076388888888889 0.6592881944444444 0.012152777777777778 0.035590277777777776
0 0.006944444444444444 0.5928819444444444 0.013888888888888888 0.050347222222222224
0 0.0013020833333333333 0.6063368055555556 0.0026041666666666665 0.042534722222222224
0 0.013454861111111112 0.6119791666666666 0.026909722222222224 0.043402777777777776
0 0.014322916666666666 0.5078125 0.028645833333333332 0.043402777777777776
0 0.012152777777777778 0.4578993055555556 0.024305555555555556 0.058159722222222224
0 0.017795138888888888 0.4722222222222222 0.035590277777777776 0.041666666666666664
0 0.029947916666666668 0.4154340277777777 0.028585069444444697 0.03703993055555562
0 0.04299479166666684 0.3922916666666667 0.02345486111111149 0.046822916666666714
0 0.0234375 0.3852517361111111 0.03648437499999978 0.043168402777777795
0 0.006510416666666667 0.3493923611111111 0.013020833333333334 0.044270833333333336
0 0.026909722222222224 0.2894357638888889 0.034748263888888666 0.05009548611111114
0 0.23065972222222206 0.3312847222222223 0.027187499999999747 0.05124131944444462
0 0.00390625 0.5230034722222222 0.0078125 0.033854166666666664
0 0.003472222222222222 0.3810763888888889 0.006944444444444444 0.022569444444444444
0 0.025381944444444256 0.33568576388888893 0.028342013888888573 0.023046875000000158
0 0.05119791666666668 0.33227430555555554 0.010798611111110764 0.02986111111111119
0 0.0369444444444444 0.35702256944444444 0.0255729166666667 0.03477430555555551
0 0.05263888888888878 0.24121527777777788 0.009218749999999906 0.033784722222222285
0 0.02643229166666651 0.1488715277777778 0.014444444444444728 0.024088541666666668