0 0.14993055555555537 0.2113715277777778 0.020512152777777872 0.06797743055555551
0 0.12663194444444453 0.2537586805555555 0.025494791666666572 0.04161458333333338
0 0.12675347222222222 0.3003559027777778 0.02798611111111092 0.04335937499999984
0 0.13311631944444435 0.33046875000000003 0.0310503472222226 0.04282118055555549
0 0.1326822916666666 0.3667100694444445 0.030182291666667044 0.04446180555555538
0 0.12732638888888875 0.3960416666666667 0.026423611111110763 0.03500000000000014
0 0.1317881944444446 0.43911458333333325 0.018376736111111173 0.03203993055555543
0 0.1283420138888888 0.5290104166666667 0.03174479166666641 0.03703124999999988
0 0.13636284722222236 0.5454253472222221 0.024574652777778126 0.03374131944444435
0 0.16766493055555565 0.6345920138888889 0.020685763888888827 0.039817708333333236
0 0.15111979166666678 0.6844444444444444 0.028628472222221844 0.04516493055555573