0 0.42104166666666665 0.17689236111111128 0.017630208333333286 0.02542534722222219
0 0.46249999999999997 0.21030381944444443 0.014609374999999937 0.042048611111110766
0 0.44072916666666667 0.1508680555555557 0.01839409722222227 0.028411458333332956
0 0.4650607638888889 0.1795225694444444 0.007178819444444429 0.016692708333332956
0 0.4657812499999999 0.15103298611111093 0.005729166666666587 0.013784722222222316
0 0.46518229166666675 0.16565972222222236 0.0030729166666666353 0.007317708333333586
0 0.4554513888888889 0.17957465277777768 0.010173611111110937 0.017751736111110954
0 0.4401041666666667 0.1748177083333332 0.008923611111111285 0.01644965277777762
0 0.4245399305555555 0.09572916666666684 0.01448784722222227 0.026293402777777745
0 0.44148437499999993 0.11904513888888878 0.010520833333333238 0.018802083333333205
0 0.4587152777777778 0.05307291666666655 0.025303819444444525 0.034644097222222094
0 0.42782118055555546 0.060920138888888746 0.01912326388888906 0.028611111111111143
0 0.4561631944444444 0.00390625 0.016493055555555556 0.0078125