0 0.7824739583333332 0.2697743055555557 0.03460937499999991 0.016779513888888827
0 0.8509288194444444 0.2885503472222221 0.05018229166666702 0.029401041666666572
0 0.011284722222222222 0.3159722222222222 0.022569444444444444 0.020833333333333332
0 0.12389756944444447 0.32296874999999997 0.016953124999999777 0.009661458333333428
0 0.9978298611111112 0.5138888888888888 0.004340277777777778 0.015625
0 0.9768402777777779 0.5028559027777777 0.024392361111111427 0.011406250000000284
0 0.8683593749999999 0.5125434027777777 0.028628472222221844 0.012743055555555808
0 0.30557291666666664 0.5638541666666667 0.03099826388888892 0.027500000000000253
0 0.3238541666666666 0.5642361111111112 0.018723958333333082 0.02348958333333368
0 0.34698784722222226 0.5690624999999999 0.027369791666666445 0.022465277777777872
0 0.1979600694444446 0.5469878472222223 0.024218749999999685 0.02357638888888876
0 0.1684027777777778 0.5611024305555554 0.022161458333333113 0.017300347222222474