0 0.6307378472222221 0.0839670138888889 0.02513888888888892 0.034696180555555775
0 0.6370659722222223 0.0921093750000001 0.028307291666666776 0.026727430555555525
0 0.6096701388888888 0.10555555555555547 0.023333333333333428 0.04618923611111114
0 0.6159548611111111 0.0646527777777778 0.02302951388888906 0.043602430555555176
0 0.6813368055555556 0.04236979166666662 0.01814236111111119 0.030720486111111396
0 0.6736197916666666 0.04810763888888895 0.01062499999999981 0.020425347222222
0 0.6386371527777778 0.20419270833333336 0.026258680555555556 0.0539930555555554
0 0.6360503472222222 0.2416753472222221 0.019600694444444382 0.027560763888888888
0 0.6604166666666667 0.19311631944444427 0.0218315972222223 0.022734374999999654
0 0.6828819444444445 0.1386371527777778 0.012421874999999952 0.03615451388888857
0 0.6167968749999999 0.15512152777777763 0.03132812500000012 0.05187500000000019
0 0.6091927083333333 0.1665798611111112 0.022986111111111127 0.04879340277777781
0 0.6323697916666666 0.1323177083333332 0.027473958333333413 0.046171874999999654
0 0.6531336805555557 0.1340711805555554 0.014262152777777636 0.031137152777777684
0 0.6824479166666667 0.09684027777777773 0.010720486111111031 0.05038194444444441
0 0.6612586805555556 0.08203125 0.01641493055555543 0.016137152777777903
0 0.66296875 0.10355902777777794 0.01004340277777792 0.022118055555555176
0 0.6533854166666667 0.10899305555555551 0.014053819444444492 0.021137152777778095
0 0.6720225694444445 0.1052864583333333 0.010460069444444602 0.01990451388888914
0 0.6253906250000001 0.2590190972222221 0.008993055555555666 0.024791666666667014
0 0.6798958333333334 0.2642534722222223 0.021961805555555713 0.04591145833333362
0 0.6508420138888888 0.29471354166666686 0.012560763888888715 0.02084201388888908
0 0.6823437499999999 0.30091145833333344 0.019166666666666603 0.04759548611111105
0 0.6513281249999999 0.42532986111111115 0.009939236111110953 0.012803819444444444
0 0.9268576388888887 0.44207465277777774 0.011614583333333428 0.048741319444444126
0 0.9205295138888887 0.48191840277777787 0.011979166666666825 0.03368923611111146
0 0.9777864583333332 0.3508159722222221 0.030164930555555556 0.052300347222222224
0 0.9939236111111112 0.20963541666666666 0.012152777777777778 0.03732638888888889