0 0.3059895833333333 0.007378472222222222 0.021701388888888888 0.014756944444444444
0 0.3087152777777777 0.10835937499999994 0.01835069444444473 0.04886284722222219
0 0.2936631944444446 0.09105902777777786 0.010520833333333238 0.0484635416666666
0 0.31631944444444454 0.22078125000000012 0.021692708333333144 0.040164930555555936
0 0.31600694444444444 0.33180555555555535 0.025486111111110828 0.0303732638888887
0 0.3292795138888888 0.40234375 0.016024305555555587 0.03132812500000012
0 0.31414930555555565 0.378671875 0.01734374999999962 0.047065972222222446
0 0.3203559027777779 0.4247743055555557 0.023003472222222224 0.036137152777777876
0 0.3344444444444446 0.4643576388888889 0.021996527777777903 0.04234374999999978
0 0.3208246527777779 0.4677343749999999 0.018281250000000346 0.039696180555555176
0 0.30987847222222226 0.4889583333333335 0.017569444444444256 0.05056423611111111
0 0.3855815972222223 0.6329166666666666 0.010434027777778156 0.02547743055555587
0 0.40715277777777775 0.7071961805555556 0.007013888888888826 0.02579861111111133
0 0.4096006944444446 0.7498524305555555 0.015260416666666603 0.04358506944444448