0 0.4710503472222223 0.9566232638888891 0.019470486111111365 0.03745659722222191
0 0.51171875 0.8824479166666666 0.02241319444444419 0.031432291666666695
0 0.5157638888888888 0.9152690972222222 0.01985243055555546 0.03578125000000022
0 0.6015885416666669 0.08574652777777775 0.023715277777777526 0.03837673611111114
0 0.6095920138888888 0.04921006944444449 0.03404513888888911 0.04165798611111092
0 0.5769531250000001 0.20332465277777778 0.03162326388888914 0.044661458333333175
0 0.5916840277777777 0.1628211805555555 0.04768229166666692 0.04697916666666657
0 0.6084722222222223 0.11976562500000003 0.032144097222222 0.05232638888888906
0 0.595998263888889 0.24568576388888885 0.017152777777777968 0.03619791666666651
0 0.7761371527777778 0.6224392361111111 0.017248263888888796 0.050642361111111235
0 0.7928906249999998 0.6309809027777779 0.03478298611111086 0.0440277777777776
0 0.9521614583333332 0.5399045138888889 0.032309027777778 0.0738888888888888
0 0.8011979166666667 0.37973958333333335 0.02296875000000003 0.026579861111111016
0 0.794861111111111 0.4080034722222222 0.02447916666666651 0.02993923611111092
0 0.7858159722222224 0.3719878472222222 0.017248263888888796 0.031449652777777795
0 0.5034548611111112 0.8486718750000001 0.016284722222222412 0.02658854166666676
0 0.5131076388888888 0.9452083333333334 0.010503472222222539 0.01818576388888873
0 0.42999131944444435 0.6501388888888889 0.020164930555555176 0.04252604166666648
0 0.44762152777777764 0.5761631944444444 0.021371527777777684 0.023888888888888873
0 0.4380468750000001 0.5501475694444444 0.015407986111111112 0.022690972222222112
0 0.43196180555555547 0.5214322916666667 0.022065972222222285 0.02740451388888903
0 0.22946180555555568 0.8338888888888888 0.01636284722222254 0.0271614583333333
0 0.2471527777777776 0.9578125000000001 0.013498263888889047 0.022986111111110732