0 0.3450520833333333 0.9461805555555556 0.09114583333333333 0.1076388888888889
0 0.3549913194444443 0.7024392361111111 0.07513888888888924 0.14710937499999982
0 0.2607118055555557 0.4111718750000001 0.0475694444444446 0.10746527777777794
0 0.28145833333333314 0.43717881944444453 0.028576388888888953 0.02736979166666684
0 0.2505121527777779 0.49054687499999994 0.024427083333333616 0.041362847222222304
0 0.4326996527777776 0.47980034722222226 0.02748263888888876 0.08761284722222208
0 0.38275173611111096 0.4341927083333334 0.04601562500000019 0.0895138888888888
0 0.29082465277777797 0.17306423611111102 0.06652777777777806 0.0915798611111111
0 0.3871527777777778 0.036458333333333336 0.0642361111111111 0.07291666666666667
0 0.4367534722222221 0.21024305555555559 0.02269965277777746 0.06922743055555555
0 0.4423697916666668 0.39463541666666657 0.02116319444444454 0.07639756944444463
0 0.44793402777777774 0.7322048611111112 0.013541666666666983 0.07097222222222241