0 0.11869791666666647 0.1152170138888889 0.028854166666666476 0.10434027777777762
0 0.17234374999999996 0.2863020833333333 0.04753472222222241 0.09204861111111108
0 0.16323784722222237 0.6912586805555555 0.03753472222222203 0.07488715277777776
0 0.18710937500000016 0.6579340277777779 0.017994791666666288 0.050920138888888765
0 0.18350694444444451 0.7406423611111111 0.020720486111111016 0.0724826388888889
0 0.08784722222222206 0.8037934027777776 0.04099826388888851 0.08908854166666676
0 0.07058159722222218 0.8944531249999998 0.020416666666667044 0.07349826388888896
0 0.13833333333333345 0.9289149305555556 0.06320312500000035 0.11945312499999972
0 0.12200520833333349 0.6805121527777778 0.045329861111111334 0.07227430555555575
0 0.5441493055555556 0.4498697916666667 0.047769097222222 0.09591145833333314
0 0.5127343750000001 0.4982725694444444 0.05303819444444476 0.058967013888888746
0 0.5656944444444443 0.542204861111111 0.020737847222222508 0.08372395833333318
0 0.5610069444444447 0.7557899305555557 0.024053819444444475 0.07267361111111113
0 0.48926215277777785 0.8061197916666667 0.04467013888888892 0.04533854166666629
0 0.5001388888888888 0.10993923611111119 0.023949652777777903 0.04104166666666684
0 0.5153472222222221 0.18867187499999993 0.027500000000000253 0.06991319444444441
0 0.46804687500000003 0.25586805555555553 0.014322916666666666 0.06417534722222208
0 0.49880208333333326 0.15383680555555557 0.026710069444444824 0.04631076388888881
0 0.47168402777777785 0.1324479166666666 0.012161458333333522 0.027508680555555602
0 0.46074652777777797 0.6690885416666666 0.00947916666666673 0.05178819444444432
0 0.5660156250000001 0.6506510416666667 0.008411458333332986 0.05418402777777784
0 0.5446614583333331 0.6097222222222223 0.015104166666666351 0.02230902777777762