0 0.08193576388888878 0.5309288194444446 0.036579861111111396 0.04546875000000009
0 0.09143229166666661 0.6045659722222223 0.03258680555555552 0.04208333333333335
0 0.06368923611111102 0.04539062499999997 0.021276041666666856 0.048559027777777826
0 0.4272569444444443 0.12572048611111106 0.029053819444444667 0.045902777777777876
0 0.3966666666666667 0.09192708333333341 0.018897569444444824 0.035529513888888746
0 0.3688541666666667 0.28697916666666656 0.024626736111111016 0.05033854166666648
0 0.3784114583333332 0.37201388888888887 0.023645833333333144 0.041006944444444256
0 0.46733506944444436 0.38109375 0.027239583333333428 0.05091145833333341
0 0.45756944444444436 0.4400520833333334 0.025746527777777653 0.0456163194444446
0 0.43143229166666686 0.47363715277777785 0.03637152777777746 0.039071180555555744
0 0.4006336805555557 0.33146701388888883 0.025737847222221905 0.03672743055555551
0 0.38013888888888897 0.517109375 0.02143229166666632 0.034253472222222255
0 0.39037326388888893 0.6206944444444444 0.018697916666666634 0.036232638888888696
0 0.4700954861111113 0.6475954861111111 0.012092013888889142 0.026111111111111047
0 0.4624131944444443 0.6839409722222223 0.027187499999999747 0.03178819444444435
0 0.3857118055555557 0.684921875 0.014001736111111206 0.03271701388888894
0 0.4506857638888889 0.848611111111111 0.02564236111111108 0.03531250000000025
0 0.4637326388888887 0.7842621527777776 0.024149305555555303 0.03447048611111114
0 0.4390190972222222 0.6181597222222222 0.022048611111110797 0.04300347222222219
0 0.45287326388888893 0.5871875000000001 0.013428819444444665 0.020642361111111285
0 0.4028211805555557 0.725564236111111 0.020590277777778 0.022204861111111047
0 0.4352777777777778 0.5154166666666666 0.018932291666667014 0.02763020833333327
0 0.41573784722222207 0.29719618055555547 0.0255729166666667 0.04631944444444455
0 0.0939670138888889 0.6665451388888888 0.024071180555555176 0.03960069444444435
0 0.07425347222222219 0.6696354166666667 0.008845486111110764 0.02510416666666673
0 0.1253645833333334 0.6628038194444444 0.023836805555555587 0.030815972222222224
0 0.12121527777777767 0.6264409722222223 0.01499999999999978 0.01590277777777792
0 0.1091927083333333 0.5300868055555557 0.015546874999999873 0.014262152777777636
0 0.1154513888888889 0.5585416666666667 0.024157986111111047 0.02638888888888897
0 0.12577256944444434 0.7346006944444444 0.018116319444444348 0.028906250000000158
0 0.1546093750000001 0.8269184027777778 0.009453125000000284 0.021840277777777653
0 0.14282986111111107 0.8910156249999999 0.019843749999999716 0.03298611111111111