0 0.0030381944444444445 0.5321180555555556 0.006076388888888889 0.034722222222222224
0 0.001736111111111111 0.5846354166666666 0.003472222222222222 0.04774305555555555
0 0.00390625 0.16145833333333334 0.0078125 0.03819444444444445
0 0.0030381944444444445 0.012152777777777778 0.006076388888888889 0.024305555555555556
0 0.004340277777777778 0.04296875 0.008680555555555556 0.03732638888888889
0 0.20717013888888897 0.3016579861111111 0.022170138888888857 0.02888888888888906
0 0.20128472222222232 0.3165625000000001 0.026927083333333317 0.033385416666666695
0 0.4926215277777778 0.001736111111111111 0.021701388888888888 0.003472222222222222
0 0.4344618055555556 0.0008680555555555555 0.028645833333333332 0.001736111111111111
0 0.43314236111111115 0.02475694444444443 0.018723958333333474 0.04319444444444463
0 0.49091145833333333 0.03547743055555546 0.031979166666666795 0.03865451388888906
0 0.5140711805555556 0.033776041666666735 0.017942708333333397 0.04453993055555551
0 0.4897048611111112 0.07318576388888884 0.02666666666666649 0.03720486111111122
0 0.5130902777777777 0.07362847222222217 0.026354166666666776 0.04511284722222205
0 0.4997135416666667 0.11271701388888881 0.0314149305555556 0.040243055555555664
0 0.5354947916666668 0.09187499999999993 0.020781250000000046 0.05817708333333332
0 0.5207291666666668 0.15559895833333334 0.021397569444444525 0.04086805555555549
0 0.5197222222222222 0.20265625000000004 0.019800347222222174 0.04210069444444445
0 0.46140624999999996 0.1701041666666667 0.039878472222222267 0.06266493055555561
0 0.4363454861111112 0.1508246527777778 0.03545138888888902 0.08140625000000018
0 0.44664062499999996 0.2764670138888889 0.04210937500000019 0.09571180555555575
0 0.49610243055555553 0.2735937500000001 0.042769097222222205 0.08197048611111096
0 0.5467534722222221 0.36532118055555546 0.016866319444444302 0.06013020833333332
0 0.4370659722222222 0.35052951388888887 0.020373263888888715 0.04918402777777765
0 0.5128559027777777 0.4124045138888888 0.04695312500000012 0.08110243055555541
0 0.4637586805555556 0.6047135416666668 0.02315972222222208 0.044340277777777715
0 0.4410416666666666 0.6387413194444443 0.014904513888888951 0.05507812499999984
0 0.4836631944444445 0.5998784722222221 0.01912326388888906 0.03311631944444452
0 0.8663802083333335 0.25750000000000006 0.02119791666666673 0.06556423611111128
0 0.9111805555555554 0.34708333333333324 0.02417534722222254 0.06501736111111119
0 0.8949045138888887 0.3409722222222222 0.036458333333333336 0.06853298611111096
0 0.8690104166666666 0.4769270833333334 0.02259548611111089 0.034279513888888696
0 0.8382725694444445 0.6820399305555556 0.016293402777778156 0.04456597222222235
0 0.48164062499999993 0.5546006944444445 0.027795138888888873 0.0475694444444446
0 0.0008680555555555555 0.1232638888888889 0.001736111111111111 0.043402777777777776
0 0.00043402777777777775 0.2230902777777778 0.0008680555555555555 0.03993055555555555
0 0 0.19444444444444445 0 0.020833333333333332