0 0.5748958333333333 0.8221006944444444 0.006814236111111032 0.013107638888889205
0 0.5821180555555555 0.6819270833333333 0.006901041666666509 0.01568576388888903
0 0.5744010416666667 0.6752430555555556 0.004713541666666525 0.009131944444444429
0 0.5627951388888888 0.5796440972222222 0.004713541666666525 0.010954861111111016
0 0.5567534722222223 0.5071527777777778 0.0061979166666665565 0.011258680555555381
0 0.5576822916666667 0.5208072916666667 0.005928819444444382 0.009678819444444523
0 0.5456163194444444 0.5536631944444443 0.0054687500000001575 0.009895833333333413
0 0.5515538194444445 0.5052951388888888 0.004618055555555698 0.010729166666666777
0 0.5459375000000001 0.4787847222222222 0.006111111111111079 0.009678819444444523
0 0.5427256944444445 0.4377690972222222 0.002343749999999842 0.005060763888888826
0 0.5463628472222223 0.43289062500000003 0.0057638888888887786 0.00894097222222238
0 0.7852517361111112 0.8199565972222224 0.026961805555555704 0.051953125000000315
0 0.7727343750000001 0.7396527777777777 0.017994791666666485 0.06000868055555565
0 0.7896267361111112 0.7418750000000001 0.016631944444444317 0.03312499999999988
0 0.8113368055555554 0.7269791666666667 0.0193489583333333 0.03359374999999984
0 0.8313975694444444 0.7582118055555556 0.011562499999999747 0.03651041666666662
0 0.8224913194444446 0.7510503472222223 0.017282986111110985 0.020234374999999954
0 0.830607638888889 0.7806423611111113 0.016336805555555303 0.03513020833333336
0 0.8008333333333333 0.6571701388888889 0.019045138888888542 0.02649305555555554
0 0.823263888888889 0.6709027777777778 0.01564236111111149 0.0211371527777777
0 0.7643142361111112 0.6438107638888889 0.010685763888888842 0.03111111111111124
0 0.7756770833333333 0.6044878472222222 0.024409722222222128 0.04950520833333351
0 0.7989583333333334 0.6301822916666667 0.029782986111111458 0.03672743055555551
0 0.7901562500000002 0.5362152777777778 0.019809027777777526 0.03121527777777781
0 0.8183333333333331 0.5387326388888888 0.01171875 0.041024305555555744
0 0.7845138888888891 0.5057031249999999 0.022083333333333184 0.03805555555555568
0 0.7622395833333333 0.5087499999999999 0.013975694444444365 0.04044270833333346
0 0.7578906249999999 0.44278645833333324 0.024366319444444586 0.04743923611111119
0 0.7730381944444444 0.4076736111111112 0.02329861111111124 0.037630208333333255
0 0.7987934027777778 0.4117274305555555 0.009956597222222443 0.021562500000000127
0 0.7803993055555556 0.37225694444444435 0.015815972222222245 0.019331597222222205
0 0.8036979166666668 0.3307378472222222 0.007039930555555272 0.022725694444444302
0 0.7620052083333333 0.23491319444444436 0.007664930555555493 0.016684027777777603
0 0.7878819444444444 0.1794704861111111 0.014826388888888827 0.02564236111111108
0 0.7834461805555557 0.15815104166666671 0.011840277777777864 0.02542534722222219
0 0.7539756944444443 0.15993055555555558 0.014401041666666793 0.02526909722222233
0 0.7282986111111112 0.013454861111111112 0.015625 0.026909722222222224
0 0.7487239583333333 0.29299479166666664 0.00554687499999989 0.013880208333333144
0 0.7856423611111111 0.30396701388888897 0.008559027777777494 0.016215277777777634
0 0.7915798611111112 0.2930815972222223 0.007369791666666477 0.010598958333333365
0 0.79515625 0.33064236111111117 0.009253472222222095 0.011406249999999889
0 0.7857378472222223 0.43164930555555553 0.013376736111110985 0.018697916666666634
0 0.7948177083333334 0.4555555555555555 0.009583333333333301 0.01032986111111119
0 0.7839149305555557 0.45302951388888896 0.010598958333333365 0.017491319444444525
0 0.7869097222222222 0.39138020833333326 0.008897569444444444 0.012560763888888715
0 0.790060763888889 0.268767361111111 0.00417534722222257 0.008307291666666808
0 0.791015625 0.2814062500000001 0.006510416666666667 0.014470486111111173
0 0.7716493055555556 0.20422743055555553 0.00809027777777792 0.012977430555555398
0 0.7922135416666668 0.23082465277777786 0.01232638888888873 0.02264756944444457
0 0.5469184027777777 0.4469791666666667 0.011536458333333301 0.01603298611111094
0 0.5441232638888889 0.5225520833333334 0.007378472222222222 0.010520833333333238
0 0.5531684027777778 0.539921875 0.005138888888888952 0.00982638888888903
0 0.5616840277777777 0.5644010416666667 0.006015624999999858 0.007170138888889078
0 0.5666145833333334 0.701640625 0.005503472222222349 0.009001736111111016
0 0.5784201388888888 0.870668402777778 0.007161458333333333 0.010824652777777999
0 0.5421961805555555 0.4003211805555556 0.0037673611111112373 0.009001736111111016
0 0.7833159722222223 0.8797309027777777 0.008454861111110922 0.023611111111110954
0 0.8302777777777778 0.9073437500000002 0.0138715277777774 0.019921874999999842
0 0.8337326388888889 0.9357031249999999 0.008741319444444192 0.02480034722222197
0 0.7838541666666666 0.9874131944444444 0.010416666666666666 0.025173611111111112
0 0.5529947916666667 0.5242361111111111 0.004583333333333507 0.007673611111111238