0 0.6527690972222222 0.15240451388888884 0.034322916666666634 0.04077256944444427
0 0.6457465277777777 0.18111979166666675 0.027230902777777684 0.036675347222222224
0 0.7078298611111111 0.18342013888888886 0.0165190972222222 0.03883680555555537
0 0.6736892361111111 0.2468229166666666 0.052534722222222205 0.07351562500000004
0 0.6388628472222222 0.24469618055555564 0.0287673611111112 0.05691840277777792
0 0.667092013888889 0.20527777777777778 0.034366319444444376 0.040833333333333305
0 0.6418489583333333 0.21340277777777772 0.01945312500000007 0.02772569444444449
0 0.8337326388888889 0.7574479166666666 0.025078125000000086 0.03675347222222235
0 0.8246875 0.7272048611111112 0.02080729166666669 0.03486111111111098
0 0.8153732638888889 0.6792361111111112 0.022847222222222168 0.041814236111111173
0 0.8081423611111112 0.4997048611111112 0.018307291666666597 0.05124131944444462
0 0.8081423611111112 0.6019878472222222 0.018307291666666597 0.06809027777777782
0 0.6834461805555556 0.16843749999999996 0.027569444444444438 0.03453993055555552
0 0.6823003472222222 0.1672569444444445 0.016788194444444373 0.01949652777777781
0 0.633125 0.38398437499999993 0.021145833333333246 0.031241319444444256
0 0.8526215277777778 0.229609375 0.023628472222222245 0.06221354166666673
0 0.8618229166666667 0.20107638888888898 0.01927951388888892 0.034019097222222267
0 0.8415972222222222 0.18898437500000004 0.01094618055555547 0.0133246527777777
0 0.831875 0.5390104166666667 0.012803819444444444 0.018767361111111016
0 0.8446354166666666 0.5560329861111111 0.011987847222222174 0.01455729166666665
0 0.8511024305555556 0.7199739583333334 0.013046874999999977 0.013680555555555744
0 0.8493055555555555 0.6290625000000001 0.015399305555555564 0.018376736111111173
0 0.8112499999999999 0.3675520833333334 0.013376736111111183 0.0316145833333334
0 0.8425694444444445 0.5000607638888889 0.012500000000000079 0.014991319444444429
0 0.8421267361111111 0.5753125 0.007022569444444373 0.011961805555555729