0 0.3207465277777778 0.00043402777777777775 0.033854166666666664 0.0008680555555555555
0 0.7082118055555555 0.032491319444444305 0.025000000000000158 0.04035590277777759
0 0.7447916666666666 0.013454861111111112 0.015625 0.026909722222222224
0 0.7252604166666666 0.001736111111111111 0.04079861111111111 0.003472222222222222
0 0.7067361111111112 0.19813368055555555 0.02784722222222216 0.049947916666666634
0 0.7320659722222221 0.1812760416666666 0.016684027777777603 0.04504340277777806
0 0.7370399305555555 0.1395312499999998 0.011866319444444507 0.03669270833333371
0 0.7188802083333334 0.3279079861111111 0.02882812500000003 0.055659722222222124
0 0.6810763888888888 0.34755208333333343 0.012638888888888842 0.030381944444444444
0 0.7228211805555556 0.3546006944444444 0.012196180555555713 0.044140625000000315
0 0.2895746527777777 0.14903645833333337 0.015043402777777715 0.036657986111110735
0 0.28418402777777785 0.17038194444444463 0.01506076388888881 0.0173958333333333