0 0.0013020833333333333 0.3884548611111111 0.0026041666666666665 0.04600694444444445
0 0.26414062499999996 0.26217881944444443 0.022890624999999904 0.04035590277777759
0 0.2670920138888889 0.3455034722222222 0.025086805555555633 0.05068576388888878
0 0.5556770833333334 0.5883680555555555 0.015295138888888794 0.03154513888888902
0 0.5670833333333333 0.6190017361111111 0.021440972222222063 0.05460069444444452
0 0.5696267361111111 0.786154513888889 0.016345486111111047 0.03111111111111124
0 0.5557899305555556 0.9209375000000001 0.013862847222222049 0.04129340277777752
0 0.5685069444444445 0.9270920138888891 0.01169270833333316 0.025399305555555744
0 0.52296875 0.9272135416666667 0.030894097222222347 0.041423611111111334
0 0.5624565972222223 0.8268663194444446 0.019010416666666745 0.03997395833333349
0 0.5494791666666666 0.9913194444444444 0.03993055555555555 0.017361111111111112
0 0.5620659722222222 0.9900173611111112 0.013020833333333334 0.019965277777777776
0 0.28085069444444444 0.44072916666666667 0.029513888888888888 0.08172743055555563
0 0.26197048611111107 0.4263107638888888 0.016432291666666526 0.03242187499999992
0 0.5632378472222221 0.563359375 0.012413194444444602 0.015894097222222174
0 0 0.1519097222222222 0 0.017361111111111112