0 0.12442708333333326 0.7173090277777777 0.01644097222222227 0.020043402777777903
0 0.11956597222222223 0.7314756944444445 0.00835069444444435 0.016605902777777872
0 0.12935763888888888 0.6955034722222222 0.027352430555555744 0.03205729166666652
0 0.14211805555555557 0.6706510416666666 0.022196180555555698 0.03642361111111114
0 0.14129340277777777 0.6362934027777778 0.02935763888888903 0.03007812500000008
0 0.14220486111111105 0.6026822916666666 0.022855902777777715 0.03875868055555563
0 0.38060763888888893 0.6615277777777777 0.02120659722222208 0.044166666666666764
0 0.5788107638888889 0.8142708333333333 0.03157118055555546 0.05332465277777803
0 0.5811631944444444 0.8860590277777776 0.02092013888888881 0.0349565972222226
0 0.586171875 0.8528645833333334 0.013489583333333301 0.017708333333333017
0 0.5724739583333334 0.7283420138888889 0.017847222222222174 0.03481770833333345
0 0.5594010416666667 0.6936284722222221 0.007821180555555744 0.018949652777777715
0 0.5847395833333332 0.6022656249999999 0.01534722222222208 0.03480034722222235
0 0.552638888888889 0.5792621527777777 0.019262152777777826 0.04131076388888902
0 0.5481510416666667 0.5355989583333334 0.023263888888889046 0.04339409722222203
0 0.5880381944444445 0.5502343749999999 0.005833333333333159 0.022751736111111143
0 0.5749565972222221 0.4348958333333333 0.006189236111111206 0.014592013888888842
0 0.8189843749999999 0.8590364583333334 0.024270833333333366 0.037317708333333144
0 0.829609375 0.9868402777777779 0.020060763888888604 0.026241319444444064