0 0.9730902777777778 0.009548611111111112 0.03298611111111111 0.019097222222222224
0 0.9409722222222222 0.037760416666666664 0.03993055555555555 0.07552083333333333
0 0.9755989583333334 0.10814236111111104 0.04157118055555545 0.046354166666666745
0 0.9587413194444445 0.14671006944444442 0.031145833333333428 0.0477690972222224
0 0.9618315972222222 0.19898437500000002 0.01902777777777784 0.03225694444444432
0 0.9280121527777777 0.15637152777777785 0.030703124999999904 0.04880208333333316
0 0.9337326388888889 0.35674479166666667 0.025199652777777953 0.05092881944444451
0 0.9490711805555555 0.546111111111111 0.023342013888888777 0.03539062499999998
0 0.9496614583333334 0.839782986111111 0.027005208333333443 0.05211805555555552
0 0.9545052083333333 0.9077517361111112 0.029453124999999858 0.043055555555555874
0 0.9323263888888889 0.9428993055555553 0.013541666666666587 0.03110243055555549
0 0.9518229166666666 0.9913194444444444 0.021701388888888888 0.017361111111111112
0 0.9506336805555556 0.9624305555555553 0.023020833333333317 0.033715277777777906