0 0.47131944444444446 0.44327256944444454 0.02673611111111107 0.048394097222222224
0 0.4887586805555555 0.6643576388888888 0.027213541666666587 0.06109375000000009
0 0.43482638888888897 0.7263628472222222 0.03256076388888888 0.04912326388888902
0 0.4200347222222222 0.7980815972222222 0.03480034722222225 0.054105902777777715
0 0.397734375 0.8658593749999999 0.024670138888888853 0.03254340277777759
0 0.3942100694444444 0.9145746527777779 0.020937500000000005 0.0271440972222226
0 0.3899392361111111 0.8974565972222222 0.01942708333333333 0.045572916666666664
0 0.40697916666666667 0.8338107638888891 0.03189236111111112 0.03611979166666638
0 0.7014930555555555 0.7260243055555556 0.033159722222222264 0.04513888888888889
0 0.7346614583333334 0.6107899305555556 0.03980034722222214 0.055928819444444305
0 0.7095746527777778 0.5936631944444445 0.040199652777777733 0.052361111111111254
0 0.6891927083333333 0.497282986111111 0.02046006944444439 0.046145833333333205
0 0.6998090277777778 0.43195312499999994 0.020789930555555596 0.04233506944444443
0 0.7690364583333333 0.3828732638888888 0.028246527777777745 0.030130208333333366
0 0.7285069444444444 0.23230902777777768 0.024748263888888882 0.07749131944444443
0 0.8069184027777778 0.1658854166666666 0.023793402777777847 0.045798611111111304
0 0.7415190972222222 0.13691840277777778 0.023593750000000056 0.05418402777777784
0 0.9212065972222222 0.7617013888888889 0.036293402777777733 0.05561631944444439
0 0.9581944444444443 0.7060156249999999 0.03132812500000012 0.048177083333333336
0 0.9637847222222222 0.6761631944444445 0.02819444444444446 0.04254340277777797
0 0.9839843749999999 0.6675694444444444 0.023654513888888888 0.052942708333333144
0 0.9375520833333333 0.6390972222222222 0.01896701388888881 0.056440972222222205
0 0.9256510416666666 0.684592013888889 0.017135416666666476 0.04345486111111106
0 0.9663368055555556 0.6298437499999999 0.03668402777777797 0.029982638888888857
0 0.9779340277777777 0.5991753472222222 0.03634548611111102 0.04710937499999998
0 0.9887152777777778 0.5594618055555556 0.022569444444444444 0.04079861111111111
0 0.9787586805555555 0.5113194444444444 0.021562500000000127 0.036293402777777733