0 0.059027777777777776 0.9730902777777778 0.04861111111111111 0.05381944444444445
0 0.5456770833333332 0.4207291666666667 0.04421875000000005 0.08622395833333327
0 0.5576822916666667 0.10217881944444447 0.061727430555555664 0.11944444444444437
0 0.5774652777777778 0.20586805555555562 0.03427083333333335 0.07816840277777794
0 0.5820052083333334 0.2823090277777778 0.02151909722222219 0.052213541666666745
0 0.5777864583333332 0.35000000000000003 0.01480902777777773 0.04224826388888895
0 0.5842013888888888 0.021701388888888888 0.041666666666666664 0.043402777777777776
0 0.6002604166666666 0.008246527777777778 0.025173611111111112 0.016493055555555556
0 0.9340277777777778 0.019097222222222224 0.041666666666666664 0.03819444444444445
0 0.9769965277777778 0.06901041666666667 0.04600694444444445 0.13802083333333334
0 0.9549913194444445 0.15346354166666665 0.05846354166666698 0.08578993055555549
0 0.5938107638888889 0.06032986111111111 0.02439236111111103 0.06437499999999988
0 0.5509895833333334 0.24838541666666675 0.0246961805555554 0.05289062499999986
0 0.9123611111111111 0.3025 0.016310763888888857 0.08442708333333353