0 0.5684895833333333 0.12986979166666657 0.07066840277777785 0.08139756944444443
0 0.5526215277777777 0.19882812499999997 0.08647569444444454 0.0797309027777777
0 0.5934895833333333 0.31599826388888885 0.05623263888888887 0.07326388888888896
0 0.551857638888889 0.5590190972222222 0.06960937500000004 0.06082465277777792
0 0.558828125 0.6635590277777779 0.07895833333333337 0.08583333333333343
0 0.9097916666666666 0.7523090277777779 0.08297743055555568 0.09307291666666649
0 0.9379253472222222 0.6766753472222222 0.054895833333333144 0.06145833333333349
0 0.8467881944444444 0.5911631944444444 0.03367187499999997 0.11743923611111108
0 0.8559895833333333 0.7312847222222223 0.0275260416666667 0.07250868055555573
0 0.8507725694444445 0.4701562499999999 0.02937499999999993 0.09169270833333343
0 0.9596267361111112 0.5401822916666666 0.04460937499999989 0.0890972222222221
0 0.8900954861111112 0.08753472222222215 0.03899305555555562 0.06574652777777759