0 0.03031250000000006 0.6393489583333333 0.01618923611111119 0.05653645833333343
0 0.02976562499999997 0.6822482638888889 0.014574652777777745 0.027239583333333428
0 0.016119791666666612 0.8405034722222224 0.02425347222222227 0.05270833333333355
0 0.3030642361111112 0.5277777777777778 0.02536458333333316 0.039322916666666825
0 0.2997569444444444 0.4905208333333333 0.022569444444444444 0.033003472222222205
0 0.2720138888888888 0.4361458333333334 0.018758680555555667 0.03837673611111114
0 0.25791666666666657 0.43204861111111115 0.0113715277777777 0.031623263888888746
0 0.2646180555555555 0.3384895833333334 0.028376736111111158 0.05265624999999988
0 0.2658506944444444 0.2914409722222222 0.022282986111111173 0.04038194444444443
0 0.2875520833333333 0.2895399305555555 0.014045138888888746 0.020069444444444348
0 0.2522482638888888 0.20124999999999993 0.015824652777777795 0.042317708333333336
0 0.3004340277777777 0.20677083333333338 0.01914930555555551 0.031831597222222285
0 0.5364409722222222 0.44062499999999993 0.04095486111111097 0.06600694444444441
0 0.5044618055555556 0.36896701388888886 0.03217881944444459 0.05905381944444462
0 0.5401736111111111 0.3647916666666667 0.022013888888889 0.04690972222222219
0 0.7371875 0.16417534722222232 0.02532986111111097 0.029895833333333382
0 0.7544531250000001 0.1408072916666667 0.021250000000000015 0.04052951388888894
0 0.7343836805555556 0.27622395833333335 0.0355208333333334 0.05589409722222211
0 0.7106770833333333 0.2152083333333334 0.014652777777777872 0.025729166666666557
0 0.7566753472222223 0.1880295138888888 0.015364583333333175 0.04800347222222238
0 0.7627777777777778 0.5579427083333334 0.01895833333333346 0.04749131944444448
0 0.7012413194444443 0.5976388888888889 0.0094184027777777 0.04483506944444452
0 0.7327690972222223 0.6317447916666666 0.03301215277777795 0.051302083333333255
0 0.9685850694444444 0.2283506944444444 0.025078125000000284 0.03407118055555555
0 0.9454079861111112 0.07977430555555563 0.01831597222222254 0.03838541666666649
0 0.9956597222222222 0.05555555555555555 0.008680555555555556 0.057291666666666664
0 0.9969618055555556 0.008246527777777778 0.006076388888888889 0.016493055555555556
0 0.25901041666666674 0.24615451388888884 0.0257378472222223 0.030946180555555633
0 0.31140625 0.24772569444444453 0.018793402777777857 0.024800347222222366
0 0.5094531250000001 0.10465277777777773 0.025494791666666572 0.04827256944444455
0 0.7250434027777778 0.6991666666666667 0.023975694444444348 0.03134548611111122
0 0.7075520833333333 0.7804774305555556 0.007907986111111221 0.02177083333333327