0 0.15120659722222227 0.07209201388888885 0.01906250000000003 0.029088541666666856
0 0.13474826388888891 0.1644444444444445 0.029105902777777557 0.05621527777777797
0 0.1416840277777776 0.0918142361111111 0.022048611111110797 0.025564236111110954
0 0.15559895833333334 0.5447135416666666 0.02446180555555581 0.06583333333333347
0 0.14328124999999994 0.6837065972222223 0.019366319444444793 0.04697916666666657
0 0.14539930555555555 0.005208333333333333 0.013020833333333334 0.010416666666666666
0 0.1469791666666668 0.01658854166666658 0.01203993055555546 0.01143229166666673
0 0.13769965277777788 0.011302083333333317 0.008758680555555683 0.019314236111111112
0 0.15223958333333343 0.02666666666666669 0.01951388888888851 0.044392361111111
0 0.14870659722222218 0.7549305555555557 0.010963541666666762 0.01725694444444454
0 0.1251649305555556 0.7762760416666666 0.003411458333333586 0.013611111111111166
0 0.1542013888888888 0.7376909722222221 0.011032986111111143 0.016614583333333224
0 0.15758680555555551 0.7052864583333334 0.006875000000000063 0.021571180555555475
0 0.16041666666666682 0.6346788194444445 0.00836805555555584 0.026137152777777888
0 0.15842881944444465 0.656875 0.011684027777777809 0.01949652777777781