0 0.44793402777777774 0.17939236111111118 0.05224826388888894 0.06265624999999986
0 0.42736979166666667 0.20171875000000009 0.031032986111111112 0.03925347222222205
0 0.4127604166666667 0.37247395833333324 0.06821180555555549 0.08692708333333322
0 0.3334548611111111 0.3806944444444444 0.029131944444444398 0.09174479166666671
0 0.40532118055555555 0.4400347222222223 0.0628645833333333 0.06678819444444449
0 0.40514756944444447 0.49630208333333337 0.05323784722222226 0.060494791666666714
0 0.47490451388888894 0.48650173611111114 0.01821180555555557 0.04937500000000009
0 0.6878211805555555 0.9605295138888891 0.039001736111111164 0.05953993055555568
0 0.7135416666666666 0.9800347222222222 0.027777777777777776 0.03993055555555555
0 0.9603298611111111 0.9279774305555557 0.034548611111111266 0.0525347222222226
0 0.44973090277777783 0.10451388888888896 0.024340277777777745 0.0862673611111112
0 0.9587673611111112 0.9895833333333334 0.0234375 0.020833333333333332
0 0.950546875 0.8840451388888889 0.020399305555555556 0.042786458333333305
0 0.7069618055555555 0.5016840277777779 0.012951388888888951 0.025121527777777826
0 0.6948784722222222 0.9978298611111112 0.014756944444444444 0.004340277777777778