0 0.029522569444444632 0.6675781249999999 0.04635416666666635 0.08632812499999984
0 0.006510416666666667 0.6306423611111112 0.013020833333333334 0.07552083333333333
0 0.019071180555555383 0.20412326388888896 0.03355902777777765 0.05303819444444437
0 0.033020833333333305 0.27829861111111104 0.01603298611111133 0.034357638888888827
0 0.05578993055555554 0.3543402777777778 0.021041666666666476 0.053446180555555695
0 0.0953906249999999 0.0690885416666666 0.012647569444444192 0.04895833333333341
0 0.37023437500000017 0.06234374999999995 0.04497395833333368 0.06140624999999981
0 0.3849305555555556 0.14205729166666675 0.07645833333333327 0.10839409722222212
0 0.48540798611111113 0.3241579861111112 0.053142361111111334 0.09525173611111112
0 0.35401909722222213 0.2588194444444445 0.0514756944444446 0.08458333333333339
0 0.4000086805555555 0.35296006944444436 0.08197916666666633 0.09284722222222225
0 0.4090798611111113 0.43437500000000007 0.0703125 0.07516493055555568
0 0.36989583333333326 0.4788975694444445 0.07675347222222229 0.10307291666666647
0 0.4874392361111113 0.4699045138888888 0.0426041666666666 0.06400173611111112
0 0.33941840277777796 0.6717968750000001 0.1001215277777779 0.17748263888888893
0 0.4427777777777777 0.8702343750000002 0.04248263888888854 0.08295138888888924
0 0.3892274305555554 0.8119444444444446 0.08894097222222225 0.11394965277777797
0 0.49716145833333336 0.9443315972222222 0.04907986111111108 0.09809027777777778
0 0.90234375 0.9748263888888888 0.0390625 0.050347222222222224
0 0.8229166666666666 0.9787326388888888 0.050347222222222224 0.042534722222222224
0 0.7916666666666666 0.98046875 0.041666666666666664 0.0390625
0 0.7650347222222224 0.8244357638888888 0.0690885416666668 0.09189236111111082
0 0.8453645833333334 0.8575868055555556 0.06918402777777762 0.09171874999999988
0 0.8873003472222223 0.911684027777778 0.05413194444444416 0.07093750000000022
0 0.9061024305555555 0.8214322916666666 0.059296875000000346 0.09400173611111108
0 0.9229079861111111 0.8812065972222223 0.06116319444444448 0.09296875000000032
0 0.8421527777777776 0.7156163194444445 0.04979166666666638 0.07050347222222204
0 0.8652777777777779 0.7658767361111111 0.05479166666666657 0.08020833333333321
0 0.7372135416666666 0.7498263888888889 0.06210937500000016 0.0837847222222222
0 0.918923611111111 0.6543055555555556 0.04925347222222203 0.10195312499999984
0 0.8941145833333333 0.474609375 0.07423611111111149 0.10747395833333329
0 0.9698437500000002 0.5190451388888889 0.03270833333333359 0.07307291666666653
0 0.7781163194444444 0.4737847222222222 0.04983506944444432 0.08149305555555565
0 0.7397395833333332 0.4523003472222222 0.0282204861111113 0.05961805555555541
0 0.841857638888889 0.44686631944444444 0.07027777777777781 0.11198784722222241
0 0.9057725694444443 0.37650173611111115 0.06349826388888857 0.08802951388888876
0 0.8360590277777776 0.34697916666666667 0.09274305555555568 0.06953124999999992
0 0.8883420138888888 0.2955729166666667 0.06594618055555578 0.1061979166666668
0 0.7248611111111111 0.22914062500000001 0.07144965277777812 0.1209114583333333
0 0.9593749999999999 0.23758680555555559 0.047456597222222285 0.06806423611111098
0 0.9978298611111112 0.23177083333333334 0.004340277777777778 0.04861111111111111
0 0.9748263888888888 0.26953125 0.050347222222222224 0.0685763888888889
0 0.8339062499999998 0.2230555555555556 0.06896701388888873 0.0795659722222221
0 0.8656249999999999 0.1702690972222223 0.05409722222222197 0.05670138888888903
0 0.9235763888888889 0.17529513888888892 0.05982638888888895 0.08945312500000016
0 0.98046875 0.0234375 0.0390625 0.046875
0 0.9513541666666667 0.050503472222222276 0.036276041666666634 0.05881944444444463
0 0.9349045138888891 0.09063368055555562 0.04066840277777809 0.06285590277777765
0 0.7628645833333335 0.19223090277777782 0.04203125000000006 0.07304687500000008
0 0.7705555555555554 0.06510416666666667 0.06553819444444445 0.09775173611111122
0 0.9778645833333334 0.0759548611111111 0.044270833333333336 0.0859375
0 0.5062760416666667 0.1859288194444445 0.07589409722222247 0.0651996527777779
0 0.42282986111111104 0.10506076388888887 0.02670138888888908 0.020434027777777745
0 0.26973958333333314 0.3557465277777777 0.013697916666666445 0.036519097222222366
0 0.07166666666666661 0.7447135416666667 0.016588541666666384 0.03956597222222216
0 0.9523437499999999 0.4369704861111112 0.05881076388888889 0.06542534722222212
0 0.7282552083333331 0.3186545138888888 0.03440972222222251 0.05173611111111103
0 0.8190277777777778 0.6271961805555555 0.03867187500000016 0.0669531250000001
0 0.028645833333333332 0.9809027777777778 0.029513888888888888 0.03819444444444445
0 0.05734374999999995 0.9551302083333333 0.01623263888888873 0.03254340277777759
0 0.03734374999999998 0.8708072916666667 0.024861111111111396 0.02938368055555587
0 0.392873263888889 0.4989236111111111 0.038281250000000315 0.04578124999999981