0 0.204345703125 0.6865234375 0.01416015625 0.034505208333333336
0 0.45361328125 0.5361328125 0.0087890625 0.025390625
0 0.479248046875 0.3372395833333333 0.00537109375 0.03515625
0 0.1943359375 0.006184895833333333 0.0126953125 0.011067708333333334
0 0.2060546875 0.12434895833333333 0.0146484375 0.033854166666666664
0 0.806640625 0.6904296875 0.0087890625 0.025390625
0 0.453369140625 0.4296875 0.00927734375 0.03125
0 0.455078125 0.16048177083333334 0.013671875 0.031901041666666664
0 0.201904296875 0.7242838541666666 0.01318359375 0.033203125
0 0.614013671875 0.3522135416666667 0.01025390625 0.02734375
0 0.597412109375 0.6767578125 0.01611328125 0.031901041666666664
0 0.587158203125 0.6419270833333334 0.01123046875 0.037760416666666664
0 0.599853515625 0.6438802083333334 0.01220703125 0.026041666666666668
0 0.58935546875 0.7473958333333334 0.005859375 0.016927083333333332
0 0.5888671875 0.5836588541666666 0.0107421875 0.037109375
0 0.59033203125 0.546875 0.00390625 0.010416666666666666
0 0.611572265625 0.5078125 0.01318359375 0.032552083333333336
