0 0.343994140625 0.431640625 0.00341796875 0.0078125
0 0.50830078125 0.15364583333333334 0.0029296875 0.009114583333333334
0 0.47119140625 0.6725260416666666 0.0029296875 0.0078125
0 0.3447265625 0.447265625 0.0029296875 0.0078125
0 0.47900390625 0.6809895833333334 0.0087890625 0.01953125
0 0.467041015625 0.7278645833333334 0.00244140625 0.0078125
0 0.4873046875 0.4918619791666667 0.0029296875 0.008463541666666666
0 0.609375 0.3317057291666667 0.0068359375 0.021484375
0 0.597412109375 0.44921875 0.00439453125 0.013020833333333334
0 0.42236328125 0.4638671875 0.00390625 0.008463541666666666
0 0.16748046875 0.5100911458333334 0.0048828125 0.009765625
0 0.410400390625 0.4287109375 0.00341796875 0.008463541666666666
0 0.60400390625 0.3720703125 0.00390625 0.008463541666666666
0 0.583984375 0.3876953125 0.005859375 0.018880208333333332
0 0.52490234375 0.11197916666666667 0.001953125 0.005208333333333333
0 0.487060546875 0.5856119791666666 0.00927734375 0.017578125
0 0.501220703125 0.2783203125 0.00439453125 0.012369791666666666
0 0.158447265625 0.537109375 0.00439453125 0.009114583333333334
0 0.493408203125 0.4466145833333333 0.00341796875 0.0078125
0 0.589599609375 0.5533854166666666 0.00537109375 0.013020833333333334
0 0.590087890625 0.4456380208333333 0.00341796875 0.011067708333333334
0 0.4951171875 0.4677734375 0.0029296875 0.008463541666666666
0 0.674072265625 0.4514973958333333 0.00341796875 0.009765625
0 0.323486328125 0.4567057291666667 0.00146484375 0.016276041666666668
0 0.15966796875 0.5123697916666666 0.001953125 0.006510416666666667
0 0.15771484375 0.5546875 0.00390625 0.009114583333333334
0 0.772216796875 0.3704427083333333 0.00244140625 0.006510416666666667
0 0.77197265625 0.3600260416666667 0.00390625 0.010416666666666666
0 0.758544921875 0.3600260416666667 0.00341796875 0.006510416666666667
0 0.760009765625 0.3541666666666667 0.00634765625 0.014322916666666666
0 0.7763671875 0.3072916666666667 0.0068359375 0.015625
0 0.772705078125 0.2861328125 0.00244140625 0.004557291666666667
0 0.77099609375 0.3294270833333333 0.0048828125 0.015625
0 0.760498046875 0.34765625 0.00341796875 0.010416666666666666
0 0.665771484375 0.4270833333333333 0.00439453125 0.013020833333333334
0 0.347900390625 0.4596354166666667 0.00439453125 0.009114583333333334
0 0.6591796875 0.3268229166666667 0.005859375 0.0234375
0 0.7763671875 0.2945963541666667 0.0107421875 0.011067708333333334
0 0.681396484375 0.400390625 0.00439453125 0.01171875
