0 0.530029296875 0.8059895833333334 0.01025390625 0.041666666666666664
0 0.483642578125 0.3391927083333333 0.00927734375 0.01953125
0 0.52001953125 0.6591796875 0.0146484375 0.037109375
0 0.48974609375 0.2513020833333333 0.0078125 0.01953125
0 0.48486328125 0.2600911458333333 0.0078125 0.020182291666666668
0 0.515380859375 0.291015625 0.01611328125 0.037760416666666664
0 0.496337890625 0.3072916666666667 0.02001953125 0.03125
0 0.51953125 0.2506510416666667 0.015625 0.041666666666666664
0 0.499267578125 0.2838541666666667 0.01220703125 0.032552083333333336
0 0.483154296875 0.3046875 0.00634765625 0.015625
0 0.49853515625 0.32421875 0.0146484375 0.033854166666666664
0 0.514404296875 0.3141276041666667 0.01611328125 0.030598958333333332
0 0.522216796875 0.3268229166666667 0.01220703125 0.029947916666666668
0 0.513427734375 0.3798828125 0.01806640625 0.037109375
0 0.509521484375 0.341796875 0.01416015625 0.02734375
0 0.50830078125 0.6669921875 0.01953125 0.038411458333333336
0 0.49462890625 0.8225911458333334 0.009765625 0.024088541666666668
0 0.48388671875 0.41015625 0.013671875 0.044270833333333336
0 0.523193359375 0.3636067708333333 0.01904296875 0.043619791666666664
0 0.48193359375 0.3515625 0.0078125 0.015625
0 0.48486328125 0.3743489583333333 0.013671875 0.032552083333333336
0 0.50537109375 0.3873697916666667 0.017578125 0.033854166666666664
0 0.491455078125 0.3600260416666667 0.00927734375 0.02734375
0 0.50732421875 0.490234375 0.029296875 0.03515625
0 0.505615234375 0.5123697916666666 0.01708984375 0.04296875
0 0.519287109375 0.5625 0.01611328125 0.045572916666666664
0 0.52783203125 0.5537109375 0.0087890625 0.042317708333333336
0 0.49951171875 0.6969401041666666 0.01171875 0.021484375
0 0.48779296875 0.2757161458333333 0.015625 0.026692708333333332
