0 0.61279296875 0.6253255208333334 0.0166015625 0.043619791666666664
0 0.588623046875 0.5904947916666666 0.00537109375 0.028645833333333332
0 0.611572265625 0.5498046875 0.01123046875 0.031901041666666664
0 0.603759765625 0.5257161458333334 0.00537109375 0.012369791666666666
0 0.61083984375 0.5162760416666666 0.009765625 0.022135416666666668
0 0.48193359375 0.5113932291666666 0.0087890625 0.024088541666666668
0 0.609375 0.4137369791666667 0.009765625 0.027994791666666668
0 0.48779296875 0.421875 0.005859375 0.0078125
0 0.41943359375 0.0771484375 0.013671875 0.033203125
0 0.423095703125 0.2659505208333333 0.00927734375 0.024088541666666668
0 0.41552734375 0.1025390625 0.0146484375 0.027994791666666668
0 0.606689453125 0.4593098958333333 0.01220703125 0.029296875
0 0.591064453125 0.6722005208333334 0.00439453125 0.017578125
0 0.595458984375 0.7151692708333334 0.00341796875 0.009765625
0 0.623779296875 0.7115885416666666 0.00732421875 0.020833333333333332
0 0.60302734375 0.7646484375 0.0048828125 0.012369791666666666
0 0.5966796875 0.7356770833333334 0.00390625 0.009114583333333334
0 0.6015625 0.72265625 0.0029296875 0.0078125
0 0.590576171875 0.7027994791666666 0.00146484375 0.007161458333333333
0 0.416748046875 0.11979166666666667 0.00830078125 0.015625
0 0.59326171875 0.7887369791666666 0.00390625 0.005859375
0 0.59765625 0.7496744791666666 0.0029296875 0.008463541666666666
0 0.61962890625 0.6041666666666666 0.0087890625 0.0390625
0 0.408447265625 0.095703125 0.01123046875 0.028645833333333332
0 0.336181640625 0.7021484375 0.01318359375 0.038411458333333336
0 0.5927734375 0.685546875 0.005859375 0.015625
