0 0.375 0.8603515625 0.0029296875 0.008463541666666666
0 0.437255859375 0.4342447916666667 0.00537109375 0.01953125
0 0.431640625 0.4049479166666667 0.00390625 0.010416666666666666
0 0.482421875 0.4596354166666667 0.0087890625 0.022135416666666668
0 0.39306640625 0.6682942708333334 0.001953125 0.011067708333333334
0 0.3837890625 0.701171875 0.0048828125 0.013020833333333334
0 0.36669921875 0.4182942708333333 0.0048828125 0.008463541666666666
0 0.3740234375 0.8492838541666666 0.0009765625 0.005859375
0 0.37158203125 0.8450520833333334 0.0009765625 0.005208333333333333
0 0.4267578125 0.4482421875 0.009765625 0.018880208333333332
0 0.3740234375 0.8662109375 0.001953125 0.007161458333333333
0 0.489013671875 0.4697265625 0.00341796875 0.009765625
0 0.441162109375 0.4508463541666667 0.00341796875 0.012369791666666666
0 0.44775390625 0.6178385416666666 0.0078125 0.010416666666666666
0 0.420166015625 0.5172526041666666 0.00341796875 0.011067708333333334
0 0.428955078125 0.5185546875 0.00927734375 0.025390625
0 0.436767578125 0.5130208333333334 0.01025390625 0.014322916666666666
0 0.442138671875 0.5081380208333334 0.00732421875 0.020182291666666668
0 0.445556640625 0.5494791666666666 0.00634765625 0.01171875
0 0.437255859375 0.5595703125 0.00732421875 0.009765625
0 0.442138671875 0.6145833333333334 0.00634765625 0.014322916666666666
0 0.44580078125 0.626953125 0.005859375 0.0078125
0 0.4404296875 0.623046875 0.0048828125 0.006510416666666667
0 0.450439453125 0.63671875 0.00830078125 0.013020833333333334
0 0.412841796875 0.72265625 0.00732421875 0.01171875
0 0.449462890625 0.6549479166666666 0.00732421875 0.01171875
0 0.42333984375 0.5234375 0.005859375 0.0234375
0 0.415771484375 0.6927083333333334 0.00732421875 0.010416666666666666
0 0.36279296875 0.4111328125 0.0078125 0.012369791666666666
0 0.423095703125 0.6783854166666666 0.00341796875 0.010416666666666666
0 0.449951171875 0.66796875 0.00830078125 0.009114583333333334
0 0.30322265625 0.4856770833333333 0.00390625 0.010416666666666666
0 0.336181640625 0.5621744791666666 0.00439453125 0.014973958333333334
0 0.34375 0.6695963541666666 0.00390625 0.012369791666666666
0 0.333984375 0.4615885416666667 0.009765625 0.018229166666666668
0 0.307373046875 0.51171875 0.00830078125 0.016927083333333332
0 0.279296875 0.5768229166666666 0.005859375 0.009114583333333334
0 0.48046875 0.3958333333333333 0.001953125 0.006510416666666667
0 0.335205078125 0.5022786458333334 0.00732421875 0.016276041666666668
0 0.466064453125 0.4264322916666667 0.00341796875 0.01171875
0 0.490234375 0.4830729166666667 0.0029296875 0.009114583333333334
0 0.431396484375 0.4166666666666667 0.00634765625 0.014322916666666666
0 0.43212890625 0.376953125 0.005859375 0.0234375
0 0.4052734375 0.3743489583333333 0.0029296875 0.01171875
0 0.39794921875 0.5045572916666666 0.0029296875 0.010416666666666666
0 0.39794921875 0.4410807291666667 0.00390625 0.009765625
0 0.38037109375 0.4345703125 0.001953125 0.007161458333333333
0 0.380859375 0.4436848958333333 0.0029296875 0.009765625
0 0.395751953125 0.4453125 0.00439453125 0.009114583333333334
0 0.38427734375 0.451171875 0.00390625 0.013020833333333334
0 0.3876953125 0.4596354166666667 0.005859375 0.014322916666666666
0 0.387451171875 0.4765625 0.00537109375 0.009114583333333334
0 0.392822265625 0.4847005208333333 0.00537109375 0.016276041666666668
0 0.391845703125 0.5048828125 0.00634765625 0.013671875
0 0.405029296875 0.5152994791666666 0.00634765625 0.012369791666666666
0 0.392578125 0.5335286458333334 0.0048828125 0.013671875
0 0.423828125 0.669921875 0.00390625 0.005208333333333333
0 0.415771484375 0.685546875 0.00927734375 0.0078125
0 0.460693359375 0.6471354166666666 0.00537109375 0.02734375
0 0.357666015625 0.6171875 0.00439453125 0.013020833333333334
0 0.487060546875 0.5289713541666666 0.00732421875 0.012369791666666666
0 0.37109375 0.5553385416666666 0.00390625 0.01171875
0 0.3681640625 0.5530598958333334 0.0009765625 0.004557291666666667
0 0.366455078125 0.5559895833333334 0.00244140625 0.0078125
0 0.37646484375 0.55078125 0.001953125 0.005208333333333333
0 0.3798828125 0.5475260416666666 0.001953125 0.006510416666666667
0 0.36279296875 0.5247395833333334 0.001953125 0.005208333333333333
0 0.373046875 0.5045572916666666 0.0029296875 0.0078125
0 0.377685546875 0.5182291666666666 0.00341796875 0.009114583333333334
0 0.372802734375 0.4944661458333333 0.00341796875 0.007161458333333333
0 0.37353515625 0.5657552083333334 0.0029296875 0.006510416666666667
0 0.36572265625 0.4033203125 0.0048828125 0.008463541666666666
0 0.365966796875 0.4088541666666667 0.00537109375 0.010416666666666666
0 0.35791015625 0.4215494791666667 0.0048828125 0.008463541666666666
0 0.35888671875 0.44140625 0.00390625 0.0078125
0 0.3681640625 0.4547526041666667 0.0068359375 0.008463541666666666
0 0.36376953125 0.5211588541666666 0.001953125 0.005859375
0 0.357421875 0.45703125 0.00390625 0.006510416666666667
0 0.370849609375 0.4853515625 0.00341796875 0.008463541666666666
0 0.369140625 0.4479166666666667 0.00390625 0.009114583333333334
0 0.3583984375 0.4856770833333333 0.0029296875 0.0078125
0 0.374267578125 0.5361328125 0.00341796875 0.007161458333333333
0 0.361083984375 0.4736328125 0.00146484375 0.005859375
0 0.3701171875 0.533203125 0.0029296875 0.0078125
0 0.36669921875 0.5328776041666666 0.0009765625 0.004557291666666667
0 0.37548828125 0.5299479166666666 0.0048828125 0.0078125
0 0.373046875 0.5875651041666666 0.0029296875 0.007161458333333333
0 0.440185546875 0.6861979166666666 0.00439453125 0.013020833333333334
0 0.365478515625 0.544921875 0.00244140625 0.0078125
0 0.37060546875 0.5439453125 0.0029296875 0.007161458333333333
0 0.358642578125 0.4300130208333333 0.00537109375 0.008463541666666666
0 0.3740234375 0.6061197916666666 0.00390625 0.010416666666666666
0 0.4853515625 0.5179036458333334 0.0068359375 0.008463541666666666
0 0.371337890625 0.5953776041666666 0.00244140625 0.008463541666666666
0 0.476318359375 0.4892578125 0.00634765625 0.012369791666666666
0 0.470947265625 0.4951171875 0.00341796875 0.011067708333333334
0 0.482421875 0.4921875 0.00390625 0.005208333333333333
0 0.388916015625 0.6526692708333334 0.00146484375 0.004557291666666667
0 0.4140625 0.7347005208333334 0.009765625 0.009765625
0 0.47216796875 0.4361979166666667 0.005859375 0.013020833333333334
0 0.4755859375 0.4768880208333333 0.0068359375 0.012369791666666666
0 0.471435546875 0.45703125 0.00537109375 0.013020833333333334
0 0.472412109375 0.4690755208333333 0.00439453125 0.009765625
0 0.375 0.5445963541666666 0.00390625 0.007161458333333333
0 0.475341796875 0.4482421875 0.00732421875 0.011067708333333334
0 0.478759765625 0.4375 0.00439453125 0.013020833333333334
0 0.43017578125 0.5358072916666666 0.0048828125 0.01171875
0 0.46630859375 0.44140625 0.005859375 0.013020833333333334
0 0.377197265625 0.6259765625 0.00439453125 0.008463541666666666
0 0.505126953125 0.6142578125 0.00244140625 0.013671875
0 0.426025390625 0.4840494791666667 0.00537109375 0.012369791666666666
0 0.369873046875 0.572265625 0.00244140625 0.0078125
0 0.439453125 0.4840494791666667 0.0029296875 0.009765625
0 0.43994140625 0.5478515625 0.0048828125 0.012369791666666666
0 0.380615234375 0.6689453125 0.00341796875 0.011067708333333334
0 0.372314453125 0.5192057291666666 0.00537109375 0.007161458333333333
0 0.341064453125 0.6119791666666666 0.00244140625 0.0078125
0 0.34912109375 0.5390625 0.0048828125 0.0078125
0 0.311279296875 0.5852864583333334 0.00146484375 0.005208333333333333
0 0.40478515625 0.5732421875 0.0048828125 0.009765625
