0 0.235107421875 0.408203125 0.00341796875 0.0078125
0 0.0810546875 0.4329427083333333 0.0078125 0.009114583333333334
0 0.091064453125 0.5240885416666666 0.00634765625 0.0234375
0 0.31298828125 0.4951171875 0.0029296875 0.008463541666666666
0 0.307861328125 0.5152994791666666 0.00732421875 0.011067708333333334
0 0.3046875 0.5016276041666666 0.0087890625 0.022786458333333332
0 0.23583984375 0.3889973958333333 0.005859375 0.013671875
0 0.076416015625 0.5250651041666666 0.00830078125 0.016276041666666668
0 0.0771484375 0.5455729166666666 0.0087890625 0.018229166666666668
0 0.091552734375 0.4921875 0.00634765625 0.015625
0 0.09326171875 0.4765625 0.0048828125 0.018229166666666668
0 0.075439453125 0.4485677083333333 0.00634765625 0.016927083333333332
0 0.07470703125 0.4638671875 0.005859375 0.012369791666666666
0 0.082275390625 0.4632161458333333 0.00732421875 0.016276041666666668
0 0.085205078125 0.4488932291666667 0.01123046875 0.014973958333333334
0 0.076171875 0.4778645833333333 0.0078125 0.015625
0 0.3056640625 0.4244791666666667 0.009765625 0.013020833333333334
