0 0.51708984375 0.5188802083333334 0.0029296875 0.0078125
0 0.51416015625 0.4254557291666667 0.00390625 0.011067708333333334
0 0.51318359375 0.6220703125 0.0009765625 0.0032552083333333335
0 0.513671875 0.6080729166666666 0.0009765625 0.0026041666666666665
0 0.50830078125 0.5032552083333334 0.0009765625 0.00390625
0 0.4990234375 0.375 0.0029296875 0.01953125
0 0.51025390625 0.4423828125 0.0029296875 0.004557291666666667
0 0.49951171875 0.3938802083333333 0.001953125 0.016927083333333332
0 0.50146484375 0.4033203125 0.00390625 0.018880208333333332
0 0.502197265625 0.4169921875 0.00244140625 0.008463541666666666
0 0.50537109375 0.5022786458333334 0.0029296875 0.005859375
0 0.50732421875 0.5341796875 0.00390625 0.008463541666666666
0 0.507080078125 0.4322916666666667 0.00244140625 0.006510416666666667
0 0.510986328125 0.5133463541666666 0.00244140625 0.007161458333333333
0 0.509765625 0.4957682291666667 0.00390625 0.007161458333333333
0 0.50927734375 0.48828125 0.001953125 0.006510416666666667
0 0.5048828125 0.4641927083333333 0.0029296875 0.0078125
0 0.50830078125 0.4459635416666667 0.0029296875 0.0078125
0 0.507080078125 0.4407552083333333 0.00244140625 0.0026041666666666665
0 0.516357421875 0.48046875 0.00341796875 0.009114583333333334
0 0.514892578125 0.4619140625 0.00146484375 0.004557291666666667
0 0.5126953125 0.4759114583333333 0.0029296875 0.005208333333333333
0 0.507080078125 0.4827473958333333 0.00341796875 0.007161458333333333
0 0.51611328125 0.4485677083333333 0.0029296875 0.005208333333333333
0 0.507568359375 0.5139973958333334 0.00244140625 0.008463541666666666
0 0.50439453125 0.4567057291666667 0.0029296875 0.005859375
0 0.51513671875 0.451171875 0.001953125 0.006510416666666667
0 0.517333984375 0.4322916666666667 0.00341796875 0.006510416666666667
0 0.50244140625 0.4508463541666667 0.001953125 0.011067708333333334
0 0.50244140625 0.4440104166666667 0.00390625 0.010416666666666666
0 0.5009765625 0.298828125 0.005859375 0.01953125
0 0.511962890625 0.38671875 0.00439453125 0.015625
0 0.503173828125 0.390625 0.00244140625 0.009114583333333334
0 0.509521484375 0.419921875 0.00244140625 0.006510416666666667
0 0.51025390625 0.4664713541666667 0.00390625 0.009765625
0 0.50634765625 0.4046223958333333 0.005859375 0.012369791666666666
0 0.5166015625 0.4664713541666667 0.0009765625 0.004557291666666667
0 0.508056640625 0.5266927083333334 0.00439453125 0.009114583333333334
0 0.506103515625 0.5188802083333334 0.00244140625 0.005208333333333333
0 0.51416015625 0.5556640625 0.0029296875 0.007161458333333333
0 0.517822265625 0.5657552083333334 0.00244140625 0.006510416666666667
0 0.50341796875 0.4095052083333333 0.001953125 0.0078125
0 0.514892578125 0.5940755208333334 0.00341796875 0.008463541666666666
0 0.510498046875 0.5732421875 0.00244140625 0.007161458333333333
0 0.505615234375 0.4951171875 0.00244140625 0.008463541666666666
0 0.513427734375 0.5348307291666666 0.00244140625 0.007161458333333333
0 0.504150390625 0.486328125 0.00146484375 0.0078125
0 0.509033203125 0.5390625 0.00146484375 0.00390625
0 0.505859375 0.5442708333333334 0.0009765625 0.01171875
0 0.6201171875 0.5185546875 0.0009765625 0.004557291666666667
0 0.622802734375 0.4729817708333333 0.00244140625 0.005859375
0 0.62060546875 0.5296223958333334 0.0029296875 0.007161458333333333
0 0.621337890625 0.5397135416666666 0.00341796875 0.0078125
0 0.504638671875 0.509765625 0.00244140625 0.013020833333333334
