0 0.70703125 0.6529947916666666 0.0048828125 0.010416666666666666
0 0.70361328125 0.6510416666666666 0.001953125 0.0078125
0 0.701904296875 0.6334635416666666 0.00244140625 0.014322916666666666
0 0.70703125 0.6393229166666666 0.001953125 0.00390625
0 0.7158203125 0.6344401041666666 0.005859375 0.013671875
0 0.708740234375 0.5677083333333334 0.00244140625 0.00390625
0 0.72216796875 0.6334635416666666 0.0029296875 0.01171875
0 0.458251953125 0.21712239583333334 0.00537109375 0.014973958333333334
0 0.725341796875 0.6165364583333334 0.00146484375 0.006510416666666667
0 0.718505859375 0.6722005208333334 0.00634765625 0.009765625
0 0.716552734375 0.6822916666666666 0.00634765625 0.010416666666666666
0 0.717041015625 0.6481119791666666 0.00634765625 0.011067708333333334
0 0.7255859375 0.6754557291666666 0.00390625 0.007161458333333333
0 0.454833984375 0.3479817708333333 0.00537109375 0.014973958333333334
0 0.7109375 0.6780598958333334 0.0048828125 0.008463541666666666
0 0.71240234375 0.5393880208333334 0.001953125 0.007161458333333333
0 0.70361328125 0.5494791666666666 0.001953125 0.00390625
0 0.7060546875 0.5524088541666666 0.0029296875 0.007161458333333333
0 0.72265625 0.6477864583333334 0.00390625 0.01171875
0 0.463623046875 0.3115234375 0.00341796875 0.011067708333333334
0 0.705078125 0.5970052083333334 0.001953125 0.009114583333333334
0 0.455078125 0.3616536458333333 0.001953125 0.005859375
0 0.452392578125 0.5084635416666666 0.00732421875 0.015625
0 0.461181640625 0.2392578125 0.00537109375 0.009765625
0 0.576904296875 0.458984375 0.00537109375 0.014322916666666666
0 0.703369140625 0.6865234375 0.00341796875 0.011067708333333334
