0 0.556396484375 0.4326171875 0.00634765625 0.013671875
0 0.4658203125 0.3525390625 0.01171875 0.021484375
0 0.3681640625 0.32421875 0.0029296875 0.006510416666666667
0 0.488037109375 0.3522135416666667 0.00341796875 0.01953125
0 0.48486328125 0.3356119791666667 0.005859375 0.024088541666666668
0 0.56591796875 0.44921875 0.0068359375 0.01171875
0 0.561767578125 0.4417317708333333 0.00732421875 0.014973958333333334
0 0.563232421875 0.3987630208333333 0.01220703125 0.022786458333333332
0 0.5478515625 0.2796223958333333 0.005859375 0.011067708333333334
0 0.565673828125 0.380859375 0.00732421875 0.014322916666666666
0 0.56298828125 0.2858072916666667 0.0068359375 0.015625
0 0.55859375 0.3111979166666667 0.0078125 0.020833333333333332
0 0.55224609375 0.3115234375 0.0048828125 0.014973958333333334
0 0.550048828125 0.3024088541666667 0.00439453125 0.011067708333333334
0 0.5556640625 0.2958984375 0.0078125 0.014973958333333334
0 0.358642578125 0.3229166666666667 0.00927734375 0.01953125
0 0.5576171875 0.4140625 0.0068359375 0.013020833333333334
0 0.364013671875 0.3020833333333333 0.00439453125 0.01171875
0 0.572998046875 0.4541015625 0.00732421875 0.018880208333333332
