0 0.740478515625 0.5192057291666666 0.00341796875 0.009765625
0 0.43994140625 0.5807291666666666 0.005859375 0.014322916666666666
0 0.53125 0.509765625 0.0068359375 0.01171875
0 0.4453125 0.5595703125 0.005859375 0.016276041666666668
0 0.522705078125 0.6331380208333334 0.00830078125 0.017578125
0 0.517822265625 0.6276041666666666 0.00732421875 0.014322916666666666
0 0.216552734375 0.556640625 0.00439453125 0.013020833333333334
0 0.5234375 0.6207682291666666 0.0078125 0.016276041666666668
0 0.745361328125 0.546875 0.00341796875 0.01171875
0 0.745849609375 0.6875 0.00439453125 0.006510416666666667
0 0.7392578125 0.6728515625 0.0068359375 0.007161458333333333
0 0.73779296875 0.66796875 0.00390625 0.0026041666666666665
0 0.74072265625 0.681640625 0.0068359375 0.015625
0 0.745361328125 0.6956380208333334 0.00439453125 0.007161458333333333
0 0.749267578125 0.6936848958333334 0.00244140625 0.011067708333333334
0 0.746337890625 0.6796875 0.00341796875 0.009114583333333334
0 0.44140625 0.5647786458333334 0.0048828125 0.013671875
0 0.747802734375 0.6647135416666666 0.00146484375 0.006510416666666667
0 0.7392578125 0.6598307291666666 0.0068359375 0.012369791666666666
0 0.437255859375 0.6070963541666666 0.00830078125 0.017578125
0 0.5361328125 0.4557291666666667 0.0068359375 0.013020833333333334
0 0.378173828125 0.56640625 0.00732421875 0.010416666666666666
0 0.609619140625 0.4993489583333333 0.00244140625 0.0078125
0 0.612548828125 0.513671875 0.00537109375 0.010416666666666666
0 0.615966796875 0.5244140625 0.00634765625 0.012369791666666666
0 0.736328125 0.51953125 0.0048828125 0.010416666666666666
0 0.61376953125 0.5986328125 0.00390625 0.012369791666666666
0 0.61279296875 0.5712890625 0.0048828125 0.014973958333333334
0 0.616943359375 0.5787760416666666 0.00732421875 0.013020833333333334
0 0.572265625 0.7005208333333334 0.0068359375 0.016927083333333332
0 0.577392578125 0.7239583333333334 0.00537109375 0.01171875
0 0.382568359375 0.5823567708333334 0.00537109375 0.008463541666666666
0 0.572509765625 0.6259765625 0.00439453125 0.012369791666666666
0 0.580810546875 0.380859375 0.00439453125 0.010416666666666666
0 0.541015625 0.4443359375 0.0068359375 0.016276041666666668
0 0.74169921875 0.703125 0.0087890625 0.0078125
0 0.535888671875 0.4674479166666667 0.00537109375 0.009114583333333334
0 0.3720703125 0.5589192708333334 0.00390625 0.011067708333333334
0 0.378662109375 0.5501302083333334 0.00634765625 0.015625
0 0.376220703125 0.560546875 0.00830078125 0.009114583333333334
0 0.3828125 0.591796875 0.0048828125 0.015625
0 0.379150390625 0.5712890625 0.00732421875 0.011067708333333334
0 0.575439453125 0.4856770833333333 0.00537109375 0.010416666666666666
0 0.732177734375 0.7112630208333334 0.00244140625 0.008463541666666666
0 0.7451171875 0.7184244791666666 0.0029296875 0.007161458333333333
0 0.732421875 0.7522786458333334 0.001953125 0.005859375
0 0.733642578125 0.578125 0.00537109375 0.010416666666666666
0 0.72802734375 0.5826822916666666 0.001953125 0.0078125
0 0.730712890625 0.5891927083333334 0.00341796875 0.009114583333333334
0 0.735595703125 0.5950520833333334 0.00439453125 0.006510416666666667
0 0.742919921875 0.5296223958333334 0.00439453125 0.009765625
0 0.73583984375 0.5872395833333334 0.0029296875 0.006510416666666667
0 0.739013671875 0.5934244791666666 0.00537109375 0.007161458333333333
0 0.72998046875 0.6624348958333334 0.001953125 0.005859375
0 0.7314453125 0.6546223958333334 0.00390625 0.012369791666666666
0 0.730712890625 0.634765625 0.00341796875 0.010416666666666666
0 0.7314453125 0.626953125 0.00390625 0.009114583333333334
0 0.73681640625 0.630859375 0.0048828125 0.010416666666666666
0 0.744873046875 0.6458333333333334 0.00439453125 0.010416666666666666
0 0.74462890625 0.6243489583333334 0.0048828125 0.014322916666666666
0 0.7333984375 0.6077473958333334 0.0048828125 0.011067708333333334
0 0.7431640625 0.6061197916666666 0.0048828125 0.013020833333333334
0 0.741455078125 0.5914713541666666 0.00634765625 0.011067708333333334
0 0.7392578125 0.6240234375 0.0048828125 0.011067708333333334
0 0.60986328125 0.4778645833333333 0.005859375 0.01171875
0 0.744873046875 0.5823567708333334 0.00341796875 0.008463541666666666
0 0.740234375 0.5787760416666666 0.005859375 0.014322916666666666
0 0.73779296875 0.5667317708333334 0.0048828125 0.008463541666666666
0 0.733154296875 0.5647786458333334 0.00439453125 0.008463541666666666
0 0.745361328125 0.744140625 0.00439453125 0.00390625
0 0.74267578125 0.728515625 0.0048828125 0.009114583333333334
0 0.744384765625 0.7252604166666666 0.00537109375 0.006510416666666667
0 0.746337890625 0.7102864583333334 0.00341796875 0.009114583333333334
0 0.748779296875 0.7034505208333334 0.00244140625 0.007161458333333333
0 0.740478515625 0.7115885416666666 0.00634765625 0.00390625
0 0.740966796875 0.7151692708333334 0.00634765625 0.0032552083333333335
0 0.378662109375 0.6106770833333334 0.00537109375 0.005208333333333333
0 0.37451171875 0.5524088541666666 0.001953125 0.007161458333333333
0 0.733642578125 0.7408854166666666 0.00341796875 0.010416666666666666
0 0.307861328125 0.5732421875 0.00146484375 0.008463541666666666
0 0.7353515625 0.6214192708333334 0.0068359375 0.011067708333333334
0 0.747802734375 0.6422526041666666 0.00341796875 0.011067708333333334
0 0.732666015625 0.7294921875 0.00341796875 0.008463541666666666
0 0.73779296875 0.6484375 0.0048828125 0.0078125
0 0.733154296875 0.642578125 0.00341796875 0.0078125
0 0.7392578125 0.5498046875 0.00390625 0.012369791666666666
0 0.7333984375 0.552734375 0.005859375 0.0078125
0 0.73046875 0.5550130208333334 0.00390625 0.009765625
0 0.73583984375 0.560546875 0.0048828125 0.009114583333333334
0 0.296875 0.5436197916666666 0.001953125 0.005208333333333333
0 0.60986328125 0.3958333333333333 0.0048828125 0.009114583333333334
0 0.30419921875 0.5481770833333334 0.005859375 0.009114583333333334
0 0.379638671875 0.5784505208333334 0.00732421875 0.011067708333333334
0 0.73583984375 0.431640625 0.00390625 0.006510416666666667
0 0.73828125 0.4130859375 0.00390625 0.004557291666666667
0 0.742919921875 0.4768880208333333 0.00244140625 0.009765625
0 0.74365234375 0.4850260416666667 0.001953125 0.009114583333333334
0 0.739990234375 0.4752604166666667 0.00244140625 0.006510416666666667
0 0.732177734375 0.5166015625 0.00439453125 0.008463541666666666
0 0.7333984375 0.365234375 0.005859375 0.010416666666666666
0 0.72802734375 0.361328125 0.0029296875 0.009114583333333334
0 0.734619140625 0.3502604166666667 0.00439453125 0.0078125
0 0.44580078125 0.5504557291666666 0.005859375 0.007161458333333333
0 0.5830078125 0.345703125 0.0048828125 0.010416666666666666
0 0.585205078125 0.6627604166666666 0.00244140625 0.013020833333333334
0 0.58203125 0.6526692708333334 0.00390625 0.008463541666666666
0 0.582275390625 0.6383463541666666 0.00244140625 0.004557291666666667
0 0.58056640625 0.6295572916666666 0.00390625 0.009114583333333334
0 0.572265625 0.6513671875 0.001953125 0.007161458333333333
0 0.58154296875 0.7041015625 0.001953125 0.004557291666666667
0 0.583740234375 0.7197265625 0.00146484375 0.011067708333333334
0 0.4443359375 0.5374348958333334 0.0029296875 0.007161458333333333
0 0.734130859375 0.4280598958333333 0.00341796875 0.004557291666666667
0 0.611328125 0.462890625 0.0048828125 0.010416666666666666
0 0.74169921875 0.4254557291666667 0.001953125 0.009765625
0 0.734619140625 0.4055989583333333 0.00244140625 0.0078125
0 0.3076171875 0.5543619791666666 0.001953125 0.007161458333333333
0 0.220458984375 0.5133463541666666 0.00146484375 0.004557291666666667
0 0.217529296875 0.4951171875 0.00439453125 0.012369791666666666
0 0.29833984375 0.6318359375 0.0029296875 0.005859375
0 0.226806640625 0.5865885416666666 0.00341796875 0.01171875
0 0.30078125 0.6057942708333334 0.0029296875 0.007161458333333333
0 0.299072265625 0.5537109375 0.00439453125 0.007161458333333333
0 0.305419921875 0.51953125 0.00439453125 0.014322916666666666
0 0.306396484375 0.6061197916666666 0.00244140625 0.0078125
0 0.44482421875 0.5445963541666666 0.0048828125 0.007161458333333333
0 0.73828125 0.3720703125 0.0029296875 0.008463541666666666
0 0.73388671875 0.3798828125 0.0048828125 0.005859375
0 0.73583984375 0.3837890625 0.0048828125 0.004557291666666667
0 0.73486328125 0.3893229166666667 0.005859375 0.006510416666666667
0 0.739013671875 0.3929036458333333 0.00244140625 0.008463541666666666
0 0.7333984375 0.3961588541666667 0.005859375 0.012369791666666666
0 0.731201171875 0.400390625 0.00439453125 0.0078125
0 0.73828125 0.400390625 0.0029296875 0.006510416666666667
0 0.737548828125 0.4049479166666667 0.00244140625 0.00390625
0 0.7392578125 0.4235026041666667 0.0029296875 0.011067708333333334
0 0.609375 0.4417317708333333 0.001953125 0.008463541666666666
0 0.7353515625 0.3694661458333333 0.0048828125 0.011067708333333334
0 0.661376953125 0.6018880208333334 0.00439453125 0.011067708333333334
0 0.371826171875 0.5462239583333334 0.00341796875 0.014322916666666666
0 0.30419921875 0.5403645833333334 0.0048828125 0.009114583333333334
0 0.304443359375 0.5348307291666666 0.00634765625 0.009765625
0 0.292724609375 0.5218098958333334 0.00830078125 0.014973958333333334
0 0.2255859375 0.5979817708333334 0.00390625 0.011067708333333334
0 0.217041015625 0.5647786458333334 0.00439453125 0.007161458333333333
0 0.225830078125 0.55078125 0.00439453125 0.010416666666666666
0 0.224853515625 0.5432942708333334 0.00634765625 0.011067708333333334
0 0.21630859375 0.5276692708333334 0.00390625 0.009765625
0 0.2919921875 0.5546875 0.0068359375 0.009114583333333334
0 0.22021484375 0.52734375 0.0048828125 0.010416666666666666
0 0.225830078125 0.5345052083333334 0.00537109375 0.010416666666666666
0 0.225830078125 0.5250651041666666 0.00439453125 0.011067708333333334
0 0.609619140625 0.4052734375 0.00244140625 0.009765625
0 0.22021484375 0.451171875 0.0068359375 0.010416666666666666
0 0.218017578125 0.4010416666666667 0.00830078125 0.016927083333333332
0 0.295166015625 0.4970703125 0.00634765625 0.012369791666666666
0 0.29345703125 0.5084635416666666 0.0068359375 0.013020833333333334
0 0.223388671875 0.5302734375 0.00341796875 0.008463541666666666
0 0.220703125 0.5221354166666666 0.00390625 0.006510416666666667
0 0.376953125 0.5888671875 0.0078125 0.017578125
0 0.292236328125 0.5680338541666666 0.00732421875 0.020182291666666668
0 0.2255859375 0.5130208333333334 0.00390625 0.01171875
0 0.29931640625 0.576171875 0.0078125 0.016927083333333332
0 0.298583984375 0.5621744791666666 0.00732421875 0.012369791666666666
0 0.65771484375 0.5602213541666666 0.00390625 0.007161458333333333
0 0.659912109375 0.5716145833333334 0.00341796875 0.00390625
0 0.654296875 0.5283203125 0.0009765625 0.007161458333333333
0 0.737548828125 0.3336588541666667 0.00341796875 0.009765625
0 0.734619140625 0.34375 0.00439453125 0.0078125
0 0.611328125 0.4524739583333333 0.0048828125 0.009114583333333334
0 0.73681640625 0.3072916666666667 0.0029296875 0.009114583333333334
0 0.617431640625 0.5432942708333334 0.00732421875 0.014973958333333334
0 0.217041015625 0.6627604166666666 0.00537109375 0.010416666666666666
0 0.736083984375 0.3167317708333333 0.00341796875 0.009765625
0 0.3759765625 0.6168619791666666 0.0048828125 0.008463541666666666
0 0.37841796875 0.6018880208333334 0.0068359375 0.013671875
0 0.30224609375 0.6184895833333334 0.009765625 0.018229166666666668
0 0.304931640625 0.5940755208333334 0.00634765625 0.012369791666666666
0 0.29931640625 0.5944010416666666 0.0048828125 0.009114583333333334
0 0.296142578125 0.6031901041666666 0.00732421875 0.012369791666666666
0 0.294921875 0.5927734375 0.0048828125 0.008463541666666666
0 0.38525390625 0.6051432291666666 0.00390625 0.013671875
0 0.302978515625 0.5807291666666666 0.00732421875 0.013020833333333334
