0 0.395751953125 0.427734375 0.00537109375 0.016927083333333332
0 0.496826171875 0.2890625 0.00341796875 0.010416666666666666
0 0.618896484375 0.17122395833333334 0.00927734375 0.01953125
0 0.500244140625 0.3225911458333333 0.00244140625 0.009765625
0 0.390380859375 0.3125 0.01318359375 0.036458333333333336
0 0.394775390625 0.4501953125 0.00341796875 0.013671875
0 0.396240234375 0.3408203125 0.01025390625 0.014973958333333334
0 0.394775390625 0.4016927083333333 0.00830078125 0.026041666666666668
0 0.48876953125 0.22916666666666666 0.001953125 0.0078125
0 0.389892578125 0.3675130208333333 0.01513671875 0.039713541666666664
0 0.491943359375 0.21158854166666666 0.00146484375 0.006510416666666667
0 0.2646484375 0.6624348958333334 0.01171875 0.026692708333333332
0 0.255126953125 0.7314453125 0.00732421875 0.021484375
0 0.267822265625 0.6829427083333334 0.01123046875 0.022135416666666668
0 0.19482421875 0.3678385416666667 0.0068359375 0.01953125
0 0.189697265625 0.3938802083333333 0.01025390625 0.024739583333333332
0 0.38623046875 0.4733072916666667 0.0107421875 0.028645833333333332
0 0.187255859375 0.3216145833333333 0.01708984375 0.028645833333333332
0 0.495361328125 0.2532552083333333 0.00439453125 0.01171875
0 0.497314453125 0.2747395833333333 0.00341796875 0.009114583333333334
0 0.18896484375 0.3470052083333333 0.0166015625 0.029947916666666668
0 0.482666015625 0.30078125 0.00244140625 0.009114583333333334
0 0.400390625 0.3216145833333333 0.005859375 0.03515625
0 0.391357421875 0.20149739583333334 0.00732421875 0.020182291666666668
0 0.39697265625 0.18359375 0.0078125 0.016927083333333332
0 0.393798828125 0.2607421875 0.00927734375 0.029296875
0 0.4970703125 0.18196614583333334 0.0029296875 0.011067708333333334
0 0.47802734375 0.4345703125 0.00390625 0.027994791666666668
0 0.3876953125 0.4163411458333333 0.005859375 0.017578125
0 0.61376953125 0.24576822916666666 0.013671875 0.024088541666666668
0 0.615478515625 0.19759114583333334 0.01806640625 0.031901041666666664
0 0.60888671875 0.185546875 0.01171875 0.036458333333333336
0 0.489013671875 0.3850911458333333 0.01416015625 0.027994791666666668
0 0.496337890625 0.3551432291666667 0.01513671875 0.048828125
0 0.484130859375 0.3277994791666667 0.01025390625 0.037109375
0 0.3984375 0.353515625 0.005859375 0.020833333333333332
0 0.48876953125 0.2786458333333333 0.0068359375 0.013020833333333334
0 0.48974609375 0.2587890625 0.0078125 0.016276041666666668
0 0.49365234375 0.3128255208333333 0.0048828125 0.014973958333333334
0 0.4921875 0.24251302083333334 0.0078125 0.014973958333333334
0 0.494873046875 0.22721354166666666 0.00732421875 0.015625
0 0.398681640625 0.05078125 0.00537109375 0.015625
0 0.40185546875 0.09212239583333333 0.009765625 0.013671875
0 0.3955078125 0.09407552083333333 0.0048828125 0.013671875
0 0.48974609375 0.2936197916666667 0.0087890625 0.014322916666666666
0 0.393310546875 0.18815104166666666 0.00537109375 0.0078125
