0 0.267333984375 0.5758463541666666 0.00537109375 0.017578125
0 0.43896484375 0.14680989583333334 0.0078125 0.024088541666666668
0 0.440673828125 0.17252604166666666 0.00927734375 0.024739583333333332
0 0.447265625 0.26171875 0.0068359375 0.014322916666666666
0 0.443603515625 0.337890625 0.00341796875 0.013020833333333334
0 0.32763671875 0.2708333333333333 0.0068359375 0.013020833333333334
0 0.3173828125 0.2734375 0.005859375 0.010416666666666666
0 0.22314453125 0.3984375 0.0078125 0.01171875
0 0.381103515625 0.3082682291666667 0.00341796875 0.014973958333333334
0 0.3310546875 0.283203125 0.0048828125 0.014322916666666666
0 0.388671875 0.2760416666666667 0.0078125 0.015625
0 0.3203125 0.2822265625 0.0068359375 0.008463541666666666
0 0.336669921875 0.3238932291666667 0.00439453125 0.014973958333333334
0 0.3291015625 0.2981770833333333 0.0068359375 0.010416666666666666
0 0.23193359375 0.5335286458333334 0.0087890625 0.021484375
0 0.34033203125 0.3388671875 0.00390625 0.011067708333333334
0 0.330810546875 0.3375651041666667 0.00634765625 0.013671875
0 0.3232421875 0.3229166666666667 0.0068359375 0.013020833333333334
0 0.321044921875 0.2906901041666667 0.00732421875 0.011067708333333334
0 0.333740234375 0.2919921875 0.00537109375 0.009765625
0 0.327880859375 0.283203125 0.00537109375 0.010416666666666666
0 0.331298828125 0.3199869791666667 0.00830078125 0.014973958333333334
0 0.249755859375 0.4143880208333333 0.00439453125 0.012369791666666666
0 0.329833984375 0.4456380208333333 0.00439453125 0.012369791666666666
0 0.2099609375 0.51953125 0.00390625 0.009114583333333334
0 0.32861328125 0.3776041666666667 0.0068359375 0.016927083333333332
0 0.2314453125 0.5149739583333334 0.0078125 0.01171875
0 0.3291015625 0.9401041666666666 0.005859375 0.01953125
0 0.321044921875 0.3050130208333333 0.00927734375 0.014973958333333334
0 0.4384765625 0.2216796875 0.001953125 0.007161458333333333
0 0.271484375 0.3623046875 0.00390625 0.008463541666666666
0 0.33056640625 0.4300130208333333 0.0029296875 0.007161458333333333
0 0.329345703125 0.4212239583333333 0.00341796875 0.010416666666666666
0 0.342529296875 0.4371744791666667 0.00244140625 0.005859375
0 0.343017578125 0.4235026041666667 0.00341796875 0.008463541666666666
0 0.34423828125 0.416015625 0.001953125 0.00390625
0 0.346923828125 0.4137369791666667 0.00244140625 0.007161458333333333
0 0.333984375 0.3434244791666667 0.0048828125 0.009765625
0 0.20068359375 0.4228515625 0.001953125 0.0032552083333333335
0 0.3388671875 0.34375 0.0068359375 0.018229166666666668
0 0.21875 0.388671875 0.005859375 0.014322916666666666
0 0.259521484375 0.6103515625 0.00341796875 0.017578125
0 0.316162109375 0.2672526041666667 0.00634765625 0.007161458333333333
0 0.3154296875 0.2578125 0.0029296875 0.010416666666666666
0 0.32470703125 0.2565104166666667 0.0078125 0.015625
0 0.273681640625 0.4244791666666667 0.00341796875 0.015625
0 0.279541015625 0.4501953125 0.00537109375 0.016276041666666668
0 0.206787109375 0.5071614583333334 0.00537109375 0.01171875
0 0.322265625 0.2744140625 0.0048828125 0.009765625
0 0.230712890625 0.5022786458333334 0.00830078125 0.013671875
0 0.218994140625 0.3743489583333333 0.00634765625 0.014322916666666666
0 0.24755859375 0.3974609375 0.0048828125 0.017578125
