0 0.394775390625 0.37890625 0.00244140625 0.0026041666666666665
0 0.273193359375 0.4527994791666667 0.00927734375 0.020182291666666668
0 0.27392578125 0.4342447916666667 0.0078125 0.016927083333333332
0 0.213134765625 0.6025390625 0.00732421875 0.014973958333333334
0 0.213623046875 0.548828125 0.00341796875 0.0078125
0 0.387451171875 0.5462239583333334 0.00634765625 0.0234375
0 0.20703125 0.5110677083333334 0.001953125 0.005208333333333333
0 0.336181640625 0.5338541666666666 0.00244140625 0.0078125
0 0.40625 0.5625 0.0068359375 0.024739583333333332
0 0.337646484375 0.474609375 0.01025390625 0.024739583333333332
0 0.33935546875 0.4251302083333333 0.009765625 0.024739583333333332
0 0.20361328125 0.3837890625 0.0029296875 0.008463541666666666
0 0.3916015625 0.5628255208333334 0.0087890625 0.018880208333333332
0 0.38525390625 0.52734375 0.0048828125 0.014322916666666666
0 0.47216796875 0.5826822916666666 0.0068359375 0.018229166666666668
0 0.38671875 0.4840494791666667 0.0078125 0.017578125
0 0.392578125 0.4996744791666667 0.0078125 0.012369791666666666
0 0.3349609375 0.5205078125 0.0029296875 0.004557291666666667
0 0.205810546875 0.4371744791666667 0.00146484375 0.0032552083333333335
0 0.202392578125 0.57421875 0.00634765625 0.013020833333333334
0 0.201904296875 0.5218098958333334 0.00341796875 0.009765625
0 0.40234375 0.5032552083333334 0.0048828125 0.0078125
0 0.4775390625 0.5266927083333334 0.0078125 0.016927083333333332
0 0.46142578125 0.4508463541666667 0.0029296875 0.012369791666666666
0 0.47412109375 0.4459635416666667 0.0078125 0.014322916666666666
0 0.463623046875 0.2900390625 0.00537109375 0.014973958333333334
0 0.4794921875 0.2080078125 0.0078125 0.014973958333333334
0 0.46923828125 0.17740885416666666 0.0107421875 0.020182291666666668
0 0.37890625 0.3401692708333333 0.0009765625 0.011067708333333334
0 0.39453125 0.337890625 0.0029296875 0.009114583333333334
0 0.39404296875 0.3717447916666667 0.001953125 0.006510416666666667
0 0.398681640625 0.4296875 0.00341796875 0.006510416666666667
0 0.3857421875 0.4280598958333333 0.0068359375 0.011067708333333334
0 0.3994140625 0.4596354166666667 0.0078125 0.013020833333333334
0 0.392822265625 0.46875 0.01318359375 0.020833333333333332
0 0.202392578125 0.5364583333333334 0.00927734375 0.009114583333333334
0 0.205078125 0.5865885416666666 0.0087890625 0.01171875
0 0.199951171875 0.5960286458333334 0.00439453125 0.021484375
0 0.201904296875 0.4847005208333333 0.00439453125 0.007161458333333333
0 0.206787109375 0.5634765625 0.00927734375 0.018880208333333332
0 0.205078125 0.4124348958333333 0.001953125 0.005859375
0 0.2021484375 0.4254557291666667 0.0068359375 0.009765625
0 0.463134765625 0.5986328125 0.00537109375 0.013671875
0 0.84716796875 0.650390625 0.0068359375 0.015625
0 0.834228515625 0.6852213541666666 0.00537109375 0.014973958333333334
0 0.67529296875 0.3395182291666667 0.00390625 0.022786458333333332
0 0.75048828125 0.3391927083333333 0.00390625 0.018229166666666668
0 0.735595703125 0.2887369791666667 0.00732421875 0.021484375
0 0.728271484375 0.2822265625 0.00341796875 0.009765625
0 0.751953125 0.2594401041666667 0.00390625 0.018880208333333332
0 0.39697265625 0.48828125 0.0087890625 0.015625
0 0.656494140625 0.3942057291666667 0.00537109375 0.017578125
0 0.669921875 0.353515625 0.00390625 0.01171875
0 0.83447265625 0.7213541666666666 0.005859375 0.009114583333333334
0 0.5693359375 0.21484375 0.0048828125 0.013020833333333334
0 0.57275390625 0.2718098958333333 0.0078125 0.017578125
0 0.58251953125 0.6080729166666666 0.0068359375 0.010416666666666666
0 0.5751953125 0.6422526041666666 0.00390625 0.007161458333333333
0 0.583984375 0.6236979166666666 0.0068359375 0.020833333333333332
0 0.470947265625 0.638671875 0.00927734375 0.024739583333333332
0 0.459716796875 0.6650390625 0.00244140625 0.008463541666666666
0 0.65478515625 0.4098307291666667 0.0048828125 0.009765625
0 0.582763671875 0.681640625 0.00634765625 0.020833333333333332
0 0.46533203125 0.6624348958333334 0.001953125 0.005859375
0 0.20654296875 0.423828125 0.001953125 0.00390625
0 0.200439453125 0.4319661458333333 0.00244140625 0.005859375
0 0.202392578125 0.462890625 0.00634765625 0.009114583333333334
0 0.46826171875 0.5455729166666666 0.0087890625 0.01953125
0 0.46484375 0.580078125 0.005859375 0.016927083333333332
0 0.6552734375 0.2916666666666667 0.0048828125 0.014322916666666666
0 0.661865234375 0.2431640625 0.00634765625 0.014973958333333334
0 0.208740234375 0.4749348958333333 0.00439453125 0.008463541666666666
0 0.84228515625 0.62890625 0.009765625 0.013020833333333334
0 0.842529296875 0.6145833333333334 0.01025390625 0.010416666666666666
0 0.8369140625 0.4599609375 0.0078125 0.021484375
0 0.567626953125 0.1767578125 0.00439453125 0.014973958333333334
0 0.57177734375 0.1630859375 0.0048828125 0.012369791666666666
0 0.665283203125 0.2526041666666667 0.00537109375 0.013020833333333334
0 0.85009765625 0.6708984375 0.00390625 0.016276041666666668
0 0.839599609375 0.6572265625 0.00732421875 0.018880208333333332
0 0.66015625 0.3011067708333333 0.0078125 0.021484375
