0 0.210205078125 0.3938802083333333 0.00341796875 0.0078125
0 0.613037109375 0.3717447916666667 0.00439453125 0.00390625
0 0.625 0.3548177083333333 0.001953125 0.013020833333333334
0 0.613037109375 0.30078125 0.00244140625 0.005208333333333333
0 0.609130859375 0.2877604166666667 0.00439453125 0.01171875
0 0.52880859375 0.4241536458333333 0.00390625 0.014973958333333334
0 0.381591796875 0.5081380208333334 0.00439453125 0.008463541666666666
0 0.5341796875 0.427734375 0.005859375 0.013020833333333334
0 0.29833984375 0.5087890625 0.0087890625 0.008463541666666666
0 0.207763671875 0.4996744791666667 0.00341796875 0.012369791666666666
0 0.208740234375 0.4495442708333333 0.00439453125 0.009765625
0 0.2109375 0.3424479166666667 0.0029296875 0.006510416666666667
0 0.53564453125 0.40234375 0.005859375 0.01171875
0 0.369140625 0.595703125 0.009765625 0.018229166666666668
0 0.21533203125 0.3216145833333333 0.001953125 0.006510416666666667
0 0.60888671875 0.3001302083333333 0.00390625 0.006510416666666667
0 0.537353515625 0.4186197916666667 0.00732421875 0.018229166666666668
0 0.54052734375 0.3603515625 0.0078125 0.009765625
0 0.452880859375 0.6064453125 0.00634765625 0.025390625
0 0.537353515625 0.3502604166666667 0.00537109375 0.01171875
0 0.380859375 0.5182291666666666 0.005859375 0.01171875
0 0.36572265625 0.5110677083333334 0.005859375 0.018229166666666668
0 0.36865234375 0.5511067708333334 0.0107421875 0.016276041666666668
0 0.369140625 0.5670572916666666 0.0107421875 0.018229166666666668
0 0.36865234375 0.5817057291666666 0.0107421875 0.013671875
0 0.375732421875 0.4934895833333333 0.00537109375 0.010416666666666666
