0 0.330810546875 0.646484375 0.00244140625 0.00390625
0 0.326904296875 0.666015625 0.00341796875 0.01171875
0 0.43017578125 0.5856119791666666 0.0029296875 0.014973958333333334
0 0.429443359375 0.5553385416666666 0.00927734375 0.015625
0 0.32568359375 0.650390625 0.001953125 0.0078125
0 0.333984375 0.7174479166666666 0.005859375 0.01953125
0 0.331298828125 0.6529947916666666 0.00244140625 0.0078125
0 0.339599609375 0.6513671875 0.00927734375 0.022786458333333332
0 0.34765625 0.5947265625 0.0029296875 0.004557291666666667
0 0.33203125 0.6136067708333334 0.0029296875 0.008463541666666666
0 0.3310546875 0.6416015625 0.00390625 0.005859375
0 0.355712890625 0.4895833333333333 0.00634765625 0.0234375
0 0.292236328125 0.4384765625 0.00732421875 0.014973958333333334
0 0.33349609375 0.6451822916666666 0.0029296875 0.006510416666666667
0 0.33203125 0.6298828125 0.0029296875 0.007161458333333333
0 0.356201171875 0.5611979166666666 0.00244140625 0.005208333333333333
0 0.281005859375 0.4781901041666667 0.00537109375 0.013671875
0 0.331787109375 0.6223958333333334 0.00244140625 0.006510416666666667
0 0.334716796875 0.6276041666666666 0.00146484375 0.00390625
0 0.2861328125 0.5768229166666666 0.0087890625 0.026041666666666668
0 0.19189453125 0.3544921875 0.0068359375 0.012369791666666666
0 0.18896484375 0.3606770833333333 0.0048828125 0.0078125
0 0.193603515625 0.404296875 0.00830078125 0.022135416666666668
0 0.1904296875 0.4303385416666667 0.0068359375 0.0234375
0 0.185791015625 0.431640625 0.00830078125 0.028645833333333332
0 0.19580078125 0.4280598958333333 0.005859375 0.024088541666666668
0 0.191650390625 0.5172526041666666 0.00439453125 0.007161458333333333
0 0.281494140625 0.4951171875 0.00439453125 0.011067708333333334
0 0.36767578125 0.4404296875 0.005859375 0.016276041666666668
0 0.32275390625 0.6917317708333334 0.0009765625 0.0032552083333333335
0 0.334716796875 0.6969401041666666 0.00244140625 0.005859375
0 0.333251953125 0.6930338541666666 0.00146484375 0.004557291666666667
0 0.334228515625 0.6803385416666666 0.00341796875 0.005208333333333333
