0 0.375 0.09895833333333333 0.0068359375 0.020833333333333332
0 0.376953125 0.1357421875 0.0068359375 0.018880208333333332
0 0.620849609375 0.3460286458333333 0.00732421875 0.021484375
0 0.6044921875 0.482421875 0.005859375 0.03125
0 0.62255859375 0.5862630208333334 0.0107421875 0.034505208333333336
0 0.62255859375 0.7386067708333334 0.0078125 0.025390625
0 0.505615234375 0.3955078125 0.00927734375 0.024088541666666668
0 0.505126953125 0.3570963541666667 0.01025390625 0.027994791666666668
0 0.379150390625 0.09798177083333333 0.00732421875 0.026692708333333332
0 0.3671875 0.15299479166666666 0.0068359375 0.0234375
0 0.44287109375 0.3987630208333333 0.0087890625 0.029296875
0 0.441162109375 0.5133463541666666 0.00927734375 0.022786458333333332
0 0.438720703125 0.4889322916666667 0.01025390625 0.022135416666666668
0 0.365966796875 0.18001302083333334 0.00634765625 0.022786458333333332
0 0.349853515625 0.6168619791666666 0.00439453125 0.022786458333333332
0 0.36572265625 0.5859375 0.009765625 0.0234375
0 0.435791015625 0.4615885416666667 0.00927734375 0.024739583333333332
0 0.364501953125 0.52734375 0.00732421875 0.018229166666666668
0 0.36767578125 0.4957682291666667 0.009765625 0.022786458333333332
0 0.369873046875 0.4788411458333333 0.00537109375 0.012369791666666666
0 0.3623046875 0.5647786458333334 0.01171875 0.021484375
