0 0.52490234375 0.3193359375 0.0087890625 0.022786458333333332
0 0.48681640625 0.6982421875 0.0048828125 0.009765625
0 0.48583984375 0.7571614583333334 0.00390625 0.010416666666666666
0 0.4921875 0.6627604166666666 0.01171875 0.0234375
0 0.491455078125 0.6884765625 0.00634765625 0.014973958333333334
0 0.5224609375 0.3336588541666667 0.009765625 0.022786458333333332
0 0.498046875 0.5361328125 0.009765625 0.018880208333333332
0 0.50048828125 0.5143229166666666 0.0107421875 0.022135416666666668
0 0.498046875 0.53515625 0.005859375 0.013020833333333334
0 0.4892578125 0.5611979166666666 0.005859375 0.013020833333333334
0 0.48876953125 0.5921223958333334 0.0078125 0.014973958333333334
0 0.498291015625 0.6442057291666666 0.00830078125 0.013671875
0 0.51025390625 0.3792317708333333 0.009765625 0.026692708333333332
