0 0.617919921875 0.4361979166666667 0.00732421875 0.010416666666666666
0 0.623779296875 0.42578125 0.00927734375 0.01953125
0 0.632568359375 0.435546875 0.00732421875 0.01953125
0 0.61572265625 0.4205729166666667 0.0068359375 0.0234375
0 0.62548828125 0.4420572916666667 0.0087890625 0.015625
0 0.615478515625 0.4501953125 0.00537109375 0.024088541666666668
0 0.39013671875 0.5152994791666666 0.00390625 0.011067708333333334
0 0.619873046875 0.4677734375 0.00634765625 0.012369791666666666
0 0.6328125 0.453125 0.0068359375 0.015625
0 0.39453125 0.4651692708333333 0.0068359375 0.009765625
0 0.390380859375 0.4557291666666667 0.00244140625 0.006510416666666667
0 0.3291015625 0.4508463541666667 0.0048828125 0.011067708333333334
0 0.33154296875 0.3551432291666667 0.0078125 0.013671875
0 0.335693359375 0.3671875 0.00830078125 0.018229166666666668
0 0.329345703125 0.423828125 0.00537109375 0.014322916666666666
0 0.3310546875 0.4339192708333333 0.0068359375 0.012369791666666666
0 0.2314453125 0.7138671875 0.0087890625 0.031901041666666664
0 0.3369140625 0.4329427083333333 0.005859375 0.013020833333333334
0 0.622314453125 0.453125 0.01025390625 0.013020833333333334
0 0.24072265625 0.7138671875 0.0126953125 0.030598958333333332
0 0.384765625 0.5110677083333334 0.00390625 0.015625
0 0.6298828125 0.5143229166666666 0.009765625 0.01953125
0 0.38818359375 0.5299479166666666 0.0029296875 0.006510416666666667
0 0.384521484375 0.5263671875 0.00341796875 0.012369791666666666
0 0.386474609375 0.5393880208333334 0.00634765625 0.009765625
0 0.384033203125 0.5377604166666666 0.00244140625 0.0026041666666666665
0 0.388671875 0.6220703125 0.0048828125 0.014973958333333334
0 0.38232421875 0.5908203125 0.0029296875 0.007161458333333333
0 0.45263671875 0.453125 0.005859375 0.014322916666666666
0 0.5302734375 0.4339192708333333 0.0068359375 0.021484375
0 0.387939453125 0.5709635416666666 0.00537109375 0.01171875
0 0.525146484375 0.4417317708333333 0.00634765625 0.017578125
0 0.625732421875 0.4635416666666667 0.00732421875 0.015625
0 0.625244140625 0.658203125 0.00732421875 0.01953125
0 0.623046875 0.6399739583333334 0.00390625 0.014322916666666666
0 0.62744140625 0.5413411458333334 0.0107421875 0.012369791666666666
0 0.631591796875 0.5283203125 0.00537109375 0.007161458333333333
0 0.6220703125 0.5094401041666666 0.0107421875 0.018880208333333332
0 0.387451171875 0.5445963541666666 0.00341796875 0.0032552083333333335
0 0.627197265625 0.4876302083333333 0.00830078125 0.013020833333333334
0 0.53466796875 0.4459635416666667 0.0029296875 0.01171875
0 0.531982421875 0.4586588541666667 0.00537109375 0.011067708333333334
