0 0.447021484375 0.3935546875 0.00341796875 0.008463541666666666
0 0.440673828125 0.4114583333333333 0.00146484375 0.005208333333333333
0 0.521728515625 0.4544270833333333 0.00244140625 0.014322916666666666
0 0.450927734375 0.4436848958333333 0.00146484375 0.007161458333333333
0 0.449951171875 0.4710286458333333 0.00244140625 0.007161458333333333
0 0.446533203125 0.5022786458333334 0.00537109375 0.012369791666666666
0 0.439453125 0.4811197916666667 0.005859375 0.015625
0 0.440673828125 0.5026041666666666 0.00341796875 0.013020833333333334
0 0.45458984375 0.5133463541666666 0.0029296875 0.013671875
0 0.44775390625 0.5126953125 0.0048828125 0.009765625
0 0.44580078125 0.3863932291666667 0.0029296875 0.008463541666666666
0 0.449951171875 0.5436197916666666 0.00732421875 0.01171875
0 0.443603515625 0.4697265625 0.00537109375 0.012369791666666666
0 0.438720703125 0.38671875 0.00341796875 0.0078125
0 0.537353515625 0.494140625 0.00244140625 0.006510416666666667
0 0.433349609375 0.3271484375 0.00244140625 0.009765625
0 0.530029296875 0.7252604166666666 0.00439453125 0.01171875
0 0.53076171875 0.6432291666666666 0.0068359375 0.015625
0 0.523681640625 0.6302083333333334 0.00244140625 0.015625
0 0.537353515625 0.5716145833333334 0.00439453125 0.015625
0 0.537109375 0.5048828125 0.0029296875 0.009765625
0 0.522705078125 0.5087890625 0.00146484375 0.007161458333333333
0 0.45751953125 0.5940755208333334 0.00390625 0.011067708333333334
0 0.5927734375 0.5397135416666666 0.0078125 0.01171875
0 0.601806640625 0.5393880208333334 0.00634765625 0.008463541666666666
0 0.732666015625 0.4925130208333333 0.00341796875 0.008463541666666666
0 0.730224609375 0.4908854166666667 0.00146484375 0.005208333333333333
0 0.44384765625 0.5348307291666666 0.005859375 0.016276041666666668
0 0.43212890625 0.3365885416666667 0.00390625 0.010416666666666666
0 0.441162109375 0.5485026041666666 0.00244140625 0.009765625
0 0.385986328125 0.4791666666666667 0.00048828125 0.0013020833333333333
0 0.450439453125 0.5524088541666666 0.00439453125 0.008463541666666666
0 0.60498046875 0.5491536458333334 0.0068359375 0.020182291666666668
0 0.593505859375 0.5244140625 0.00830078125 0.013671875
0 0.607421875 0.4957682291666667 0.001953125 0.009765625
0 0.601806640625 0.5048828125 0.01220703125 0.025390625
0 0.443603515625 0.580078125 0.00439453125 0.01953125
0 0.458251953125 0.5859375 0.00244140625 0.01171875
0 0.452880859375 0.5758463541666666 0.00439453125 0.011067708333333334
0 0.447265625 0.5807291666666666 0.00390625 0.010416666666666666
0 0.38623046875 0.5179036458333334 0.0009765625 0.0032552083333333335
0 0.446533203125 0.6067708333333334 0.00634765625 0.016927083333333332
0 0.447509765625 0.6705729166666666 0.00439453125 0.006510416666666667
0 0.44970703125 0.6722005208333334 0.0029296875 0.007161458333333333
0 0.38671875 0.4778645833333333 0.0009765625 0.0026041666666666665
0 0.4560546875 0.5572916666666666 0.00390625 0.006510416666666667
0 0.7333984375 0.5266927083333334 0.0029296875 0.013020833333333334
0 0.3876953125 0.5022786458333334 0.0009765625 0.0032552083333333335
0 0.60400390625 0.4182942708333333 0.00390625 0.011067708333333334
0 0.389892578125 0.5071614583333334 0.00146484375 0.0026041666666666665
0 0.389404296875 0.5029296875 0.00146484375 0.0032552083333333335
0 0.390625 0.5270182291666666 0.0009765625 0.0032552083333333335
0 0.3935546875 0.55859375 0.0009765625 0.0026041666666666665
0 0.395751953125 0.560546875 0.00146484375 0.005208333333333333
0 0.393798828125 0.607421875 0.00146484375 0.00390625
0 0.601806640625 0.4261067708333333 0.00439453125 0.008463541666666666
0 0.5380859375 0.6474609375 0.005859375 0.021484375
0 0.52197265625 0.4117838541666667 0.0029296875 0.011067708333333334
0 0.4453125 0.4580078125 0.00390625 0.005859375
0 0.45556640625 0.583984375 0.00390625 0.006510416666666667
0 0.386962890625 0.4928385416666667 0.00146484375 0.0026041666666666665
0 0.5419921875 0.6783854166666666 0.0009765625 0.009114583333333334
0 0.59326171875 0.4700520833333333 0.0029296875 0.00390625
0 0.739501953125 0.5393880208333334 0.00244140625 0.004557291666666667
0 0.6728515625 0.3600260416666667 0.0009765625 0.00390625
0 0.661865234375 0.4205729166666667 0.00341796875 0.005208333333333333
0 0.38818359375 0.5081380208333334 0.0009765625 0.001953125
0 0.446533203125 0.6637369791666666 0.00244140625 0.009765625
0 0.45849609375 0.6451822916666666 0.001953125 0.0078125
0 0.457763671875 0.6360677083333334 0.00341796875 0.006510416666666667
0 0.5986328125 0.5481770833333334 0.0048828125 0.016927083333333332
0 0.5283203125 0.6061197916666666 0.001953125 0.0026041666666666665
0 0.526611328125 0.62890625 0.00146484375 0.00390625
0 0.525634765625 0.6617838541666666 0.00341796875 0.011067708333333334
0 0.740966796875 0.5374348958333334 0.00146484375 0.001953125
0 0.44873046875 0.4436848958333333 0.001953125 0.0032552083333333335
0 0.394775390625 0.6240234375 0.00146484375 0.0032552083333333335
0 0.656494140625 0.248046875 0.00146484375 0.006510416666666667
0 0.3916015625 0.5670572916666666 0.0009765625 0.0026041666666666665
0 0.38818359375 0.5133463541666666 0.0009765625 0.0032552083333333335
0 0.386474609375 0.5081380208333334 0.00146484375 0.0032552083333333335
0 0.386962890625 0.482421875 0.00244140625 0.005208333333333333
0 0.4482421875 0.4104817708333333 0.0029296875 0.007161458333333333
0 0.44287109375 0.4016927083333333 0.001953125 0.00390625
0 0.447998046875 0.4274088541666667 0.00146484375 0.004557291666666667
0 0.44775390625 0.4231770833333333 0.0009765625 0.0026041666666666665
0 0.44677734375 0.4635416666666667 0.001953125 0.00390625
0 0.446044921875 0.484375 0.00244140625 0.005208333333333333
0 0.44873046875 0.4853515625 0.001953125 0.0032552083333333335
0 0.4462890625 0.4775390625 0.0029296875 0.005859375
0 0.44580078125 0.6263020833333334 0.001953125 0.0078125
0 0.7373046875 0.5257161458333334 0.005859375 0.016276041666666668
0 0.390869140625 0.5218098958333334 0.00146484375 0.001953125
0 0.751220703125 0.638671875 0.00048828125 0.0026041666666666665
0 0.385986328125 0.466796875 0.00048828125 0.0026041666666666665
0 0.74951171875 0.6344401041666666 0.0009765625 0.0032552083333333335
0 0.67724609375 0.5393880208333334 0.001953125 0.011067708333333334
0 0.752197265625 0.6380208333333334 0.00048828125 0.0026041666666666665
0 0.734375 0.5540364583333334 0.0029296875 0.01171875
0 0.73291015625 0.5416666666666666 0.0029296875 0.01171875
0 0.743408203125 0.5221354166666666 0.00634765625 0.013020833333333334
0 0.593017578125 0.5511067708333334 0.00830078125 0.009765625
0 0.730712890625 0.51171875 0.00341796875 0.015625
0 0.735107421875 0.5045572916666666 0.00244140625 0.006510416666666667
0 0.73779296875 0.4964192708333333 0.0068359375 0.011067708333333334
0 0.4462890625 0.4348958333333333 0.001953125 0.005208333333333333
0 0.665771484375 0.4869791666666667 0.00439453125 0.013020833333333334
0 0.67724609375 0.56640625 0.00390625 0.0234375
0 0.675048828125 0.6279296875 0.00244140625 0.005859375
0 0.67822265625 0.6236979166666666 0.0029296875 0.013020833333333334
0 0.608642578125 0.5833333333333334 0.00146484375 0.0078125
0 0.595947265625 0.6103515625 0.00341796875 0.011067708333333334
0 0.605224609375 0.7197265625 0.00146484375 0.004557291666666667
0 0.536376953125 0.6744791666666666 0.00244140625 0.009114583333333334
0 0.447998046875 0.4313151041666667 0.00146484375 0.0032552083333333335
0 0.43701171875 0.4313151041666667 0.0009765625 0.004557291666666667
0 0.599853515625 0.56640625 0.00830078125 0.014322916666666666
0 0.593994140625 0.5592447916666666 0.00732421875 0.010416666666666666
0 0.748779296875 0.6276041666666666 0.00146484375 0.0026041666666666665
0 0.593017578125 0.5738932291666666 0.00634765625 0.013671875
0 0.608154296875 0.5706380208333334 0.00439453125 0.016276041666666668
0 0.60400390625 0.6158854166666666 0.00390625 0.0078125
0 0.608154296875 0.6018880208333334 0.00537109375 0.013671875
0 0.5947265625 0.599609375 0.0048828125 0.009114583333333334
0 0.596923828125 0.5872395833333334 0.00732421875 0.014322916666666666
