0 0.305908203125 0.4554036458333333 0.00830078125 0.024088541666666668
0 0.141845703125 0.8072916666666666 0.00927734375 0.022135416666666668
0 0.182373046875 0.7190755208333334 0.01416015625 0.025390625
0 0.544189453125 0.6897786458333334 0.00732421875 0.018880208333333332
0 0.300048828125 0.023763020833333332 0.00830078125 0.033203125
0 0.348876953125 0.3981119791666667 0.00634765625 0.021484375
0 0.332763671875 0.6419270833333334 0.01123046875 0.02734375
0 0.34375 0.5621744791666666 0.0087890625 0.027994791666666668
0 0.3203125 0.6246744791666666 0.0126953125 0.033203125
0 0.33447265625 0.6656901041666666 0.0107421875 0.017578125
0 0.13232421875 0.60546875 0.0068359375 0.020833333333333332
0 0.3564453125 0.6555989583333334 0.00390625 0.020833333333333332
0 0.353515625 0.4768880208333333 0.0048828125 0.018880208333333332
0 0.1552734375 0.6057942708333334 0.005859375 0.013671875
0 0.190185546875 0.55078125 0.00732421875 0.029947916666666668
0 0.14453125 0.6663411458333334 0.01953125 0.020182291666666668
0 0.1396484375 0.6178385416666666 0.0087890625 0.0234375
0 0.133544921875 0.6302083333333334 0.01123046875 0.029947916666666668
0 0.347900390625 0.64453125 0.00537109375 0.014322916666666666
0 0.175537109375 0.4957682291666667 0.00634765625 0.005859375
0 0.56494140625 0.4348958333333333 0.0146484375 0.032552083333333336
0 0.554443359375 0.4280598958333333 0.01318359375 0.033203125
0 0.551513671875 0.4033203125 0.01318359375 0.026692708333333332
0 0.556396484375 0.373046875 0.01806640625 0.036458333333333336
0 0.34716796875 0.6298828125 0.0029296875 0.009765625
0 0.4619140625 0.8076171875 0.0078125 0.018880208333333332
0 0.457275390625 0.7415364583333334 0.00634765625 0.018229166666666668
0 0.45654296875 0.7613932291666666 0.00390625 0.011067708333333334
0 0.451416015625 0.6334635416666666 0.01416015625 0.036458333333333336
0 0.1708984375 0.6461588541666666 0.01171875 0.024088541666666668
0 0.53515625 0.4664713541666667 0.0078125 0.029296875
0 0.72265625 0.8541666666666666 0.0126953125 0.041666666666666664
0 0.692138671875 0.8938802083333334 0.02099609375 0.040364583333333336
0 0.456787109375 0.4485677083333333 0.01123046875 0.02734375
0 0.46142578125 0.5052083333333334 0.0029296875 0.005208333333333333
0 0.436279296875 0.7815755208333334 0.00439453125 0.016276041666666668
0 0.443359375 0.859375 0.001953125 0.005208333333333333
0 0.35693359375 0.5680338541666666 0.001953125 0.016276041666666668
0 0.1416015625 0.16373697916666666 0.01171875 0.021484375
0 0.126708984375 0.458984375 0.00341796875 0.009114583333333334
0 0.459228515625 0.5009765625 0.00439453125 0.005859375
0 0.189697265625 0.4694010416666667 0.00341796875 0.010416666666666666
0 0.193115234375 0.4547526041666667 0.00439453125 0.029296875
0 0.16552734375 0.3463541666666667 0.0068359375 0.016927083333333332
0 0.171875 0.3427734375 0.0068359375 0.013671875
0 0.147216796875 0.3958333333333333 0.00830078125 0.010416666666666666
0 0.150146484375 0.4104817708333333 0.01611328125 0.018880208333333332
0 0.129150390625 0.4973958333333333 0.00732421875 0.037760416666666664
0 0.192626953125 0.3577473958333333 0.00439453125 0.024088541666666668
0 0.687744140625 0.15397135416666666 0.01025390625 0.035807291666666664
0 0.7138671875 0.050455729166666664 0.0078125 0.013671875
0 0.70361328125 0.04296875 0.013671875 0.033854166666666664
0 0.705810546875 0.4241536458333333 0.00830078125 0.014973958333333334
0 0.707275390625 0.3727213541666667 0.01123046875 0.021484375
0 0.71923828125 0.12890625 0.0166015625 0.033854166666666664
0 0.69287109375 0.2643229166666667 0.009765625 0.022135416666666668
0 0.700439453125 0.4827473958333333 0.02001953125 0.041015625
0 0.727783203125 0.7034505208333334 0.00439453125 0.014973958333333334
0 0.70361328125 0.8098958333333334 0.0224609375 0.0390625
0 0.449462890625 0.18359375 0.00634765625 0.018229166666666668
0 0.423828125 0.3050130208333333 0.005859375 0.041015625
0 0.70556640625 0.8463541666666666 0.0205078125 0.037760416666666664
0 0.2998046875 0.4309895833333333 0.009765625 0.03515625
0 0.431396484375 0.4609375 0.01025390625 0.03125
0 0.33056640625 0.6975911458333334 0.0146484375 0.025390625
0 0.568359375 0.07779947916666667 0.01953125 0.048828125
0 0.537841796875 0.529296875 0.00927734375 0.033854166666666664
0 0.537109375 0.5794270833333334 0.009765625 0.037760416666666664
0 0.54638671875 0.5852864583333334 0.0107421875 0.033854166666666664
0 0.5771484375 0.6328125 0.005859375 0.016927083333333332
0 0.167724609375 0.24251302083333334 0.01318359375 0.035807291666666664
0 0.15478515625 0.2584635416666667 0.01953125 0.02734375
0 0.171630859375 0.5354817708333334 0.00732421875 0.009765625
0 0.187744140625 0.23372395833333334 0.00439453125 0.016927083333333332
0 0.1396484375 0.4345703125 0.0126953125 0.029296875
0 0.18603515625 0.3909505208333333 0.009765625 0.022786458333333332
0 0.170654296875 0.4466145833333333 0.01806640625 0.029947916666666668
0 0.129638671875 0.4130859375 0.00830078125 0.024088541666666668
0 0.137451171875 0.4036458333333333 0.01513671875 0.022135416666666668
0 0.137451171875 0.373046875 0.01416015625 0.026041666666666668
0 0.126708984375 0.3590494791666667 0.00537109375 0.027994791666666668
0 0.134765625 0.3414713541666667 0.0166015625 0.038411458333333336
0 0.153564453125 0.3505859375 0.01806640625 0.039713541666666664
0 0.1806640625 0.333984375 0.01171875 0.029947916666666668
0 0.18310546875 0.3020833333333333 0.01171875 0.033854166666666664
0 0.185546875 0.3154296875 0.0068359375 0.013671875
0 0.16064453125 0.318359375 0.0185546875 0.03125
0 0.134765625 0.29296875 0.015625 0.048177083333333336
0 0.155029296875 0.283203125 0.01904296875 0.028645833333333332
0 0.162841796875 0.2887369791666667 0.02392578125 0.033203125
0 0.17724609375 0.2734375 0.015625 0.0234375
0 0.1787109375 0.2646484375 0.0107421875 0.017578125
0 0.184326171875 0.2620442708333333 0.00634765625 0.020182291666666668
0 0.134521484375 0.7063802083333334 0.00927734375 0.03125
0 0.46240234375 0.3255208333333333 0.0107421875 0.029947916666666668
0 0.548095703125 0.53125 0.01123046875 0.0234375
0 0.566650390625 0.5374348958333334 0.01123046875 0.030598958333333332
0 0.143798828125 0.3196614583333333 0.01220703125 0.02734375
0 0.3271484375 0.7141927083333334 0.0166015625 0.022135416666666668
0 0.546142578125 0.4908854166666667 0.01611328125 0.041666666666666664
0 0.558349609375 0.13509114583333334 0.01806640625 0.055338541666666664
0 0.5732421875 0.138671875 0.013671875 0.045572916666666664
0 0.590576171875 0.1767578125 0.00830078125 0.059244791666666664
0 0.562255859375 0.17545572916666666 0.01416015625 0.034505208333333336
0 0.572509765625 0.224609375 0.02294921875 0.0703125
0 0.53759765625 0.2646484375 0.0087890625 0.031901041666666664
0 0.585693359375 0.3040364583333333 0.00830078125 0.024739583333333332
0 0.5849609375 0.3323567708333333 0.0087890625 0.030598958333333332
0 0.537109375 0.326171875 0.0078125 0.015625
0 0.5361328125 0.3531901041666667 0.0107421875 0.043619791666666664
0 0.17138671875 0.4876302083333333 0.0048828125 0.009114583333333334
0 0.18798828125 0.5055338541666666 0.005859375 0.025390625
0 0.177490234375 0.5325520833333334 0.00537109375 0.014322916666666666
0 0.55322265625 0.3343098958333333 0.013671875 0.031901041666666664
0 0.15673828125 0.22819010416666666 0.017578125 0.029296875
0 0.579833984375 0.09602864583333333 0.01318359375 0.048828125
0 0.171630859375 0.017252604166666668 0.01220703125 0.033203125
0 0.148681640625 0.07063802083333333 0.01708984375 0.038411458333333336
0 0.14208984375 0.2565104166666667 0.013671875 0.0234375
0 0.140380859375 0.1044921875 0.01513671875 0.020182291666666668
0 0.16064453125 0.0986328125 0.0302734375 0.022786458333333332
0 0.1630859375 0.11979166666666667 0.025390625 0.03125
0 0.1416015625 0.0810546875 0.0146484375 0.035807291666666664
0 0.1669921875 0.15625 0.0244140625 0.041666666666666664
0 0.17041015625 0.1904296875 0.0185546875 0.035807291666666664
0 0.141845703125 0.23567708333333334 0.01318359375 0.028645833333333332
0 0.129150390625 0.20768229166666666 0.01220703125 0.036458333333333336
0 0.13330078125 0.22591145833333334 0.0146484375 0.024739583333333332
0 0.187744140625 0.15494791666666666 0.00830078125 0.032552083333333336
