0 0.379638671875 0.4534505208333333 0.00244140625 0.007161458333333333
0 0.3779296875 0.4156901041666667 0.001953125 0.011067708333333334
0 0.36181640625 0.4475911458333333 0.00390625 0.009765625
0 0.364990234375 0.4391276041666667 0.00341796875 0.007161458333333333
0 0.371826171875 0.4381510416666667 0.00439453125 0.01171875
0 0.368896484375 0.4508463541666667 0.00634765625 0.014973958333333334
0 0.37890625 0.4381510416666667 0.001953125 0.009114583333333334
0 0.379150390625 0.4469401041666667 0.00244140625 0.007161458333333333
0 0.374755859375 0.4016927083333333 0.00341796875 0.009114583333333334
0 0.37841796875 0.4306640625 0.001953125 0.011067708333333334
0 0.36279296875 0.4215494791666667 0.0048828125 0.011067708333333334
0 0.3671875 0.4189453125 0.0048828125 0.011067708333333334
0 0.36279296875 0.408203125 0.0029296875 0.006510416666666667
0 0.36328125 0.4130859375 0.0029296875 0.008463541666666666
0 0.36279296875 0.4033203125 0.001953125 0.005859375
0 0.36474609375 0.5888671875 0.00390625 0.011067708333333334
0 0.375732421875 0.396484375 0.00244140625 0.009114583333333334
0 0.364501953125 0.5771484375 0.00341796875 0.012369791666666666
0 0.367919921875 0.4358723958333333 0.00439453125 0.009765625
0 0.35888671875 0.4153645833333333 0.0029296875 0.010416666666666666
