0 0.379638671875 0.5364583333333334 0.00537109375 0.020833333333333332
0 0.390380859375 0.5094401041666666 0.00927734375 0.014973958333333334
0 0.28662109375 0.4205729166666667 0.0068359375 0.014322916666666666
0 0.390869140625 0.5543619791666666 0.00830078125 0.018880208333333332
0 0.380126953125 0.5719401041666666 0.00341796875 0.009765625
0 0.383056640625 0.5442708333333334 0.00537109375 0.016927083333333332
0 0.395263671875 0.5364583333333334 0.00537109375 0.016927083333333332
0 0.38525390625 0.5182291666666666 0.0087890625 0.016927083333333332
0 0.39892578125 0.4609375 0.0078125 0.013020833333333334
0 0.38916015625 0.4739583333333333 0.0068359375 0.005208333333333333
0 0.39111328125 0.4622395833333333 0.0068359375 0.0078125
0 0.38818359375 0.5374348958333334 0.0078125 0.020182291666666668
