0 0.70751953125 0.5589192708333334 0.0029296875 0.012369791666666666
0 0.69140625 0.578125 0.0029296875 0.013020833333333334
0 0.31640625 0.3287760416666667 0.0029296875 0.006510416666666667
0 0.708251953125 0.5735677083333334 0.00341796875 0.0078125
0 0.700927734375 0.4801432291666667 0.00146484375 0.004557291666666667
0 0.695068359375 0.5690104166666666 0.00634765625 0.013020833333333334
0 0.70654296875 0.5999348958333334 0.0029296875 0.009765625
0 0.32177734375 0.19010416666666666 0.001953125 0.005208333333333333
0 0.326416015625 0.21256510416666666 0.00341796875 0.004557291666666667
0 0.4306640625 0.13736979166666666 0.0029296875 0.009114583333333334
0 0.439453125 0.20735677083333334 0.00390625 0.013671875
0 0.438720703125 0.23600260416666666 0.00439453125 0.017578125
0 0.3203125 0.1943359375 0.00390625 0.008463541666666666
0 0.640380859375 0.6490885416666666 0.00244140625 0.01171875
0 0.419677734375 0.1474609375 0.00244140625 0.024088541666666668
0 0.321044921875 0.20572916666666666 0.00537109375 0.0078125
0 0.32275390625 0.2099609375 0.001953125 0.004557291666666667
0 0.689208984375 0.5260416666666666 0.00439453125 0.006510416666666667
0 0.322509765625 0.22786458333333334 0.00341796875 0.006510416666666667
0 0.32470703125 0.23697916666666666 0.0078125 0.013020833333333334
0 0.703857421875 0.4925130208333333 0.00244140625 0.009765625
0 0.701904296875 0.5250651041666666 0.00537109375 0.012369791666666666
0 0.69287109375 0.5924479166666666 0.0048828125 0.015625
0 0.617919921875 0.5185546875 0.00634765625 0.013671875
0 0.60400390625 0.4720052083333333 0.00390625 0.010416666666666666
0 0.61376953125 0.4847005208333333 0.0068359375 0.012369791666666666
0 0.6982421875 0.5934244791666666 0.005859375 0.013671875
0 0.62109375 0.5843098958333334 0.0068359375 0.013671875
0 0.605224609375 0.4300130208333333 0.00439453125 0.009765625
0 0.379150390625 0.3391927083333333 0.00439453125 0.006510416666666667
0 0.378662109375 0.3483072916666667 0.00732421875 0.01171875
0 0.630615234375 0.6158854166666666 0.00830078125 0.015625
0 0.38037109375 0.35546875 0.0068359375 0.01171875
0 0.315673828125 0.3359375 0.00341796875 0.006510416666666667
0 0.38037109375 0.244140625 0.005859375 0.013020833333333334
0 0.3193359375 0.24934895833333334 0.0078125 0.020833333333333332
0 0.32421875 0.21744791666666666 0.0048828125 0.0078125
0 0.32861328125 0.22493489583333334 0.005859375 0.011067708333333334
0 0.4404296875 0.2819010416666667 0.0078125 0.022135416666666668
0 0.316162109375 0.3235677083333333 0.00439453125 0.0078125
0 0.376220703125 0.3528645833333333 0.00439453125 0.0078125
