0 0.607177734375 0.5631510416666666 0.00830078125 0.01953125
0 0.699951171875 0.494140625 0.00634765625 0.015625
0 0.705322265625 0.4899088541666667 0.00732421875 0.018880208333333332
0 0.70263671875 0.455078125 0.005859375 0.016927083333333332
0 0.706298828125 0.4322916666666667 0.00341796875 0.010416666666666666
0 0.702880859375 0.4322916666666667 0.00732421875 0.024739583333333332
0 0.608642578125 0.3014322916666667 0.00341796875 0.016927083333333332
0 0.612060546875 0.4482421875 0.00830078125 0.017578125
0 0.6171875 0.4306640625 0.005859375 0.017578125
0 0.625244140625 0.55859375 0.00341796875 0.024739583333333332
0 0.603759765625 0.5354817708333334 0.00341796875 0.016276041666666668
0 0.605712890625 0.5198567708333334 0.00439453125 0.012369791666666666
0 0.604736328125 0.4931640625 0.00439453125 0.018880208333333332
0 0.603271484375 0.5231119791666666 0.00341796875 0.013671875
0 0.607421875 0.4915364583333333 0.0048828125 0.010416666666666666
0 0.606689453125 0.5035807291666666 0.00439453125 0.012369791666666666
0 0.62109375 0.529296875 0.005859375 0.01953125
0 0.61865234375 0.5524088541666666 0.0068359375 0.021484375
0 0.697265625 0.5462239583333334 0.00390625 0.01953125
0 0.382080078125 0.318359375 0.00830078125 0.022135416666666668
0 0.697509765625 0.5266927083333334 0.00341796875 0.020833333333333332
0 0.70361328125 0.5068359375 0.005859375 0.009765625
0 0.70556640625 0.5244140625 0.0068359375 0.012369791666666666
0 0.702880859375 0.529296875 0.00830078125 0.015625
0 0.548095703125 0.5520833333333334 0.00927734375 0.018229166666666668
0 0.55224609375 0.5416666666666666 0.0048828125 0.016927083333333332
0 0.5517578125 0.5052083333333334 0.0078125 0.01953125
0 0.545166015625 0.5182291666666666 0.00634765625 0.022135416666666668
0 0.54931640625 0.56640625 0.0087890625 0.0234375
0 0.54296875 0.4889322916666667 0.00390625 0.0234375
0 0.603759765625 0.5501302083333334 0.00341796875 0.013020833333333334
0 0.55078125 0.4651692708333333 0.0107421875 0.021484375
0 0.548828125 0.5846354166666666 0.0068359375 0.013020833333333334
0 0.5517578125 0.5227864583333334 0.0068359375 0.016927083333333332
0 0.546630859375 0.4459635416666667 0.00830078125 0.03125
0 0.543701171875 0.416015625 0.00146484375 0.026041666666666668
0 0.606689453125 0.5953776041666666 0.00732421875 0.021484375
0 0.481201171875 0.4449869791666667 0.00537109375 0.011067708333333334
0 0.623291015625 0.5830078125 0.00439453125 0.024088541666666668
0 0.6083984375 0.5771484375 0.005859375 0.013671875
0 0.480712890625 0.4274088541666667 0.00537109375 0.012369791666666666
0 0.478515625 0.4342447916666667 0.001953125 0.005208333333333333
0 0.554443359375 0.4694010416666667 0.00634765625 0.01953125
0 0.703125 0.5166015625 0.005859375 0.005859375
