0 0.3828125 0.337890625 0.0048828125 0.018229166666666668
0 0.396484375 0.4153645833333333 0.0029296875 0.010416666666666666
0 0.39453125 0.3736979166666667 0.009765625 0.020833333333333332
0 0.383056640625 0.3717447916666667 0.00439453125 0.029947916666666668
0 0.38720703125 0.37109375 0.0078125 0.016927083333333332
0 0.385986328125 0.361328125 0.00634765625 0.014322916666666666
0 0.397705078125 0.3284505208333333 0.00439453125 0.012369791666666666
0 0.387451171875 0.3483072916666667 0.00537109375 0.009114583333333334
0 0.264404296875 0.4208984375 0.00341796875 0.009765625
0 0.3984375 0.3551432291666667 0.0068359375 0.014973958333333334
0 0.391845703125 0.3590494791666667 0.00439453125 0.008463541666666666
0 0.519775390625 0.4248046875 0.00146484375 0.025390625
0 0.517333984375 0.4596354166666667 0.00341796875 0.01171875
0 0.499267578125 0.5029296875 0.00537109375 0.018880208333333332
0 0.506103515625 0.5084635416666666 0.00634765625 0.01953125
0 0.39306640625 0.4254557291666667 0.0029296875 0.009765625
0 0.393310546875 0.3317057291666667 0.00439453125 0.011067708333333334
0 0.393798828125 0.3505859375 0.00537109375 0.011067708333333334
0 0.3916015625 0.4254557291666667 0.0029296875 0.011067708333333334
0 0.390625 0.4573567708333333 0.005859375 0.011067708333333334
0 0.265625 0.3961588541666667 0.00390625 0.005859375
0 0.394775390625 0.4329427083333333 0.00439453125 0.010416666666666666
0 0.263427734375 0.4449869791666667 0.00439453125 0.009765625
0 0.267333984375 0.4554036458333333 0.00537109375 0.013671875
0 0.39013671875 0.4427083333333333 0.0048828125 0.013020833333333334
0 0.261962890625 0.4638671875 0.00341796875 0.009765625
0 0.264892578125 0.4811197916666667 0.00341796875 0.009114583333333334
0 0.26708984375 0.4397786458333333 0.0029296875 0.007161458333333333
0 0.38916015625 0.4541015625 0.0068359375 0.012369791666666666
0 0.261474609375 0.48046875 0.00244140625 0.010416666666666666
0 0.265380859375 0.404296875 0.00244140625 0.0078125
0 0.266845703125 0.4290364583333333 0.00439453125 0.010416666666666666
0 0.269287109375 0.3971354166666667 0.00341796875 0.005208333333333333
0 0.384033203125 0.4934895833333333 0.00146484375 0.005208333333333333
0 0.384765625 0.4957682291666667 0.001953125 0.004557291666666667
0 0.265625 0.4703776041666667 0.00390625 0.011067708333333334
0 0.264404296875 0.4361979166666667 0.00341796875 0.0078125
0 0.26953125 0.4049479166666667 0.0048828125 0.0078125
