0 0.405517578125 0.62890625 0.00341796875 0.018229166666666668
0 0.457763671875 0.603515625 0.00537109375 0.010416666666666666
0 0.530029296875 0.7063802083333334 0.00927734375 0.015625
0 0.461669921875 0.4436848958333333 0.00341796875 0.011067708333333334
0 0.46435546875 0.685546875 0.0087890625 0.02734375
0 0.5302734375 0.7259114583333334 0.0087890625 0.022135416666666668
0 0.52685546875 0.7125651041666666 0.00390625 0.007161458333333333
0 0.58251953125 0.5921223958333334 0.0048828125 0.020182291666666668
0 0.58154296875 0.5270182291666666 0.0087890625 0.022786458333333332
0 0.410400390625 0.6061197916666666 0.00927734375 0.0234375
0 0.5888671875 0.5833333333333334 0.0068359375 0.01171875
0 0.461669921875 0.4544270833333333 0.00146484375 0.005208333333333333
0 0.463623046875 0.4625651041666667 0.00244140625 0.009765625
0 0.58251953125 0.5559895833333334 0.0029296875 0.010416666666666666
0 0.526123046875 0.6858723958333334 0.00732421875 0.017578125
