0 0.4306640625 0.7496744791666666 0.0087890625 0.014973958333333334
0 0.438720703125 0.7727864583333334 0.00439453125 0.013020833333333334
0 0.50439453125 0.650390625 0.001953125 0.0026041666666666665
0 0.459716796875 0.5696614583333334 0.00244140625 0.006510416666666667
0 0.56103515625 0.5377604166666666 0.0078125 0.014322916666666666
0 0.43408203125 0.7939453125 0.005859375 0.007161458333333333
0 0.4609375 0.5374348958333334 0.0048828125 0.013671875
0 0.439208984375 0.7955729166666666 0.00732421875 0.010416666666666666
0 0.46337890625 0.548828125 0.0048828125 0.009114583333333334
0 0.459228515625 0.5611979166666666 0.00244140625 0.009114583333333334
0 0.46484375 0.5677083333333334 0.00390625 0.006510416666666667
0 0.463623046875 0.60546875 0.00927734375 0.032552083333333336
0 0.4580078125 0.5748697916666666 0.001953125 0.006510416666666667
0 0.457275390625 0.5260416666666666 0.00634765625 0.010416666666666666
0 0.455078125 0.5452473958333334 0.0048828125 0.011067708333333334
0 0.570068359375 0.595703125 0.00830078125 0.016927083333333332
0 0.44189453125 0.8219401041666666 0.00390625 0.013671875
0 0.5751953125 0.5983072916666666 0.00390625 0.01953125
0 0.567138671875 0.5553385416666666 0.00439453125 0.010416666666666666
0 0.504638671875 0.6178385416666666 0.00244140625 0.0078125
0 0.456787109375 0.5367838541666666 0.00341796875 0.012369791666666666
0 0.559326171875 0.5166015625 0.00439453125 0.013671875
0 0.56591796875 0.5693359375 0.0048828125 0.012369791666666666
0 0.46240234375 0.52734375 0.001953125 0.005208333333333333
0 0.431396484375 0.7610677083333334 0.00732421875 0.01171875
0 0.437255859375 0.748046875 0.00439453125 0.005208333333333333
0 0.435791015625 0.7421875 0.00341796875 0.005208333333333333
0 0.430908203125 0.732421875 0.01025390625 0.01953125
0 0.438720703125 0.7532552083333334 0.00341796875 0.006510416666666667
0 0.564453125 0.5240885416666666 0.0068359375 0.013020833333333334
0 0.43896484375 0.8040364583333334 0.001953125 0.006510416666666667
0 0.437744140625 0.7877604166666666 0.00146484375 0.005208333333333333
0 0.43310546875 0.7802734375 0.0078125 0.017578125
0 0.42626953125 0.7542317708333334 0.001953125 0.004557291666666667
0 0.51123046875 0.6500651041666666 0.00390625 0.004557291666666667
0 0.510986328125 0.677734375 0.00146484375 0.005208333333333333
0 0.509765625 0.658203125 0.0068359375 0.015625
